533

A 372.320739746 -53.367305756 134.850204468
A 101.506164551 -185.657089233 401.223602295
A 327.900909424 -142.464675903 435.919464111
A 268.089843750 -295.648620605 271.822418213
A 412.151916504 -41.982006073 317.043975830
A 428.709228516 -97.725372314 284.524078369
A 308.090118408 -215.385604858 306.367614746
A 302.756011963 -108.466789246 435.056304932
A 326.264617920 -4896.982910156 -46708.394531250
A 423.905731201 -137.094833374 259.874359131
A 116.017044067 1.029181004 123.826736450
A 311.330596924 -77.440933228 387.274749756
A 305.471008301 -274.475982666 213.876251221
A 383.356353760 -28.371658325 370.578186035
A 67.887397766 -47.578727722 148.509872437
A 3213.019775391 -739.182189941 7090.108886719
A 250.892120361 -131.047409058 461.468566895
A 182.676818848 -273.139038086 357.344451904
A 95.465682983 -169.434234619 277.243988037
A 309.798736572 22.611011505 128.707244873
A 226.723617554 94.608497620 321.910278320
A 420.929931641 -134.413070679 294.149444580
A 214.295379639 -134.172271729 464.916320801
A 5849.687011719 4413.463378906 3.980676174
A 292.867370605 33.658294678 400.408142090
A 299.734222412 -287.775604248 296.057495117
A 332.349578857 -7.667242527 409.831359863
A 420.114685059 -67.838226318 313.639343262
A 399.947174072 -190.230651855 231.411026001
A 187.574356079 -52.010097504 96.414031982
A 206.086364746 86.761772156 185.025650024
A 417.937835693 -101.097625732 321.438659668
A 421.509735107 -57.773986816 228.409301758
A 311.612762451 -260.598663330 351.146789551
A 396.410369873 -189.760757446 320.790771484
A 84.343330383 -183.747360229 147.303482056
A 246.784637451 -3.184441090 442.573425293
A 97.663551331 55.344871521 283.844116211
A 416.396972656 -128.637176514 206.145050049
A 31.785511017 -102.273086548 307.720367432
A 371.404357910 -140.092483521 131.162673950
A 120.619956970 -99.081802368 90.026939392
A 142.054077148 14.890303612 117.946945190
A 275.157196045 -247.407287598 394.931945801
A -1092.381958008 368.016815186 276.020385742
A 292.037475586 -14.661642075 93.574562073
A -45002.601562500 59459.527343750 37792.015625000
A 200.153533936 90.530166626 317.001037598
A 142.550994873 52.978801727 368.012329102
A 137.128326416 -152.405960083 273.227813721
A 62.878757477 20.371820450 257.031982422
A 48.732757568 -58.806518555 174.184234619
A 88.288452148 -145.016433716 118.940994263
A 125.614730835 -204.462783813 406.225097656
A 245.951004028 97.558959961 299.300231934
A 203.376556396 -296.436676025 310.138336182
A 144.018814087 49.269466400 153.031326294
A 90.594917297 -249.729476929 278.776977539
A 75.350685120 -206.941574097 348.529327393
A -61875.777343750 15259.672851562 -47710.859375000
A 115.313896179 -69.982818604 96.694946289
A 225.378616333 -94.260047913 468.112091064
A 118.775268555 -170.140945435 420.585205078
A 168.782546997 -256.189727783 378.661163330
A 71.519096375 -233.608993530 261.227783203
A 316.915740967 -213.218475342 124.876426697
A 243.664810181 103.442718506 273.590850830
A 360.554229736 -247.710128784 230.869766235
A 367.204223633 -233.862594604 306.807556152
A 411.824768066 -177.490997314 265.321319580
A 409.907073975 -80.074409485 179.823730469
A 369.124572754 -164.024841309 210.334365845
A 350.403289795 -223.255935669 166.352294922
A 86.287994385 38.807891846 313.502960205
A 99.683563232 -243.387756348 340.574401855
A 55.191009521 -152.104370117 165.374618530
A 316.814300537 -36.333114624 97.531066895
A 266.960388184 -189.564193726 441.226745605
A 320.787475586 18.435964584 398.977325439
A 200.715209961 14.405122757 96.593940735
A 3812.108642578 -11670.696289062 21942.947265625
A 300.604797363 -11.903651237 430.449401855
A 129.989318848 -220.350906372 133.768386841
A 352.050781250 38.055622101 338.657745361
A 188.190567017 -154.464462280 73.525611877
A 47.406951904 -165.680526733 342.937591553
A 395.488830566 -82.463195801 154.868606567
A 232.918716431 -242.305557251 405.779144287
A 283.062805176 -41.994884491 451.270782471
A 177.113418579 -190.724243164 439.435852051
A 121.523880005 -225.737731934 384.340820312
A 153.609222412 -286.352966309 267.007720947
A 36767.535156250 -12533.582031250 -39939.808593750
A 397.493225098 -131.694229126 367.839263916
A 129.630340576 -251.754547119 176.909835815
A 411.951446533 -144.746063232 322.837646484
A -18458.808593750 -75660.437500000 9669.834960938
A 132.658401489 -143.034454346 88.946868896
A 293.342254639 -177.950698853 440.932891846
A 412.602813721 -158.927612305 216.761077881
A 66.882232666 -112.813385010 392.769622803
A 62.009666443 -82.709983826 151.498657227
A -2464.908935547 5671.585937500 5851.638671875
A 108.178329468 -202.409820557 137.037490845
A 354.871520996 -129.282211304 113.990539551
A 147.809585571 21.407604218 389.457305908
A 328.317047119 -207.222290039 398.765838623
A 208.525833130 -262.617523193 143.919540405
A 68.811058044 -86.778938293 129.968978882
A 204.216659546 -224.430557251 109.646148682
A 42.264099121 -180.655563354 220.230300903
A 337.091278076 -252.250686646 196.495117188
A 52.297718048 -21.574064255 191.446350098
A 272.015441895 -249.684860229 135.968750000
A 215.523620605 -302.638641357 234.907913208
A 374.067687988 -85.714164734 128.750976562
A 197.933044434 -50.191501617 69.217109680
A -1424.802978516 -77699.242187500 -18966.611328125
A 148.902664185 -253.689331055 158.246215820
A 260.822082520 -155.176834106 96.509063721
A 141.638198853 -13.372900963 101.962562561
A 219.251373291 -63.644969940 463.938964844
A 257.520202637 -217.747436523 134.593765259
A 77.188179016 -76.943824768 401.702819824
A -53280.718750000 -41186.101562500 -47683.894531250
A 403.113616943 -16.786752701 322.779998779
A 338.759002686 -261.583953857 223.565856934
A 325.428588867 -176.221084595 423.140106201
A 22.423788071 -93.438545227 280.478271484
A 45.692684174 -11.003908157 261.783294678
A 309.057525635 -75.465751648 448.540039062
A 205.916061401 -7.498040676 443.878967285
A 356.118103027 45.956714630 213.611770630
A 291.031158447 61.709873199 157.748855591
A 357.409912109 -79.621032715 112.235527039
A -781.964355469 -5543.645507812 1939.691650391
A 197.726852417 -185.503250122 80.920478821
A 182.251342773 -288.855194092 322.779022217
A 877.726013184 -706.883728027 101.175880432
A 275.195495605 87.204498291 315.853973389
A 165.170730591 59.692348480 152.409454346
A 105.490036011 -229.006942749 362.870544434
A 274.565460205 -75.554397583 67.031921387
A 247.196929932 -287.665130615 344.674224854
A 40.999210358 -24.714227676 290.826629639
A 27973.878906250 -9518.050781250 -40649.964843750
A 271.000213623 -151.618835449 456.417663574
A 248.667617798 -132.246887207 251.278350830
A -3796.707519531 -1130.760131836 1209.200439453
A 222.998748779 36.963657379 117.255722046
A 86.360237122 -202.062911987 239.378250122
A 75.751304626 -44.466876984 394.097167969
A 286.594909668 75.703811646 187.529922485
A 89.159210205 -242.421554565 239.182312012
A 144.392959595 28.236003876 402.115844727
A 62.189346313 10.461922646 213.708084106
A 373.703674316 -29.575107574 151.985916138
A 201.603561401 -97.400680542 59.414047241
A 364.704803467 -197.549591064 375.271820068
A 38.813507080 -121.172912598 342.306121826
A 68.662544250 -171.288116455 163.700958252
A 79.732696533 -24.389766693 158.968841553
A 237.741455078 100.011276245 223.352722168
A 264.989898682 54.884338379 388.844787598
A 128.677337646 61.907833099 193.705093384
A 79.037788391 -234.293075562 221.461929321
A 70.239257812 23.392179489 232.274291992
A 61.528121948 -213.947601318 291.225952148
A 92.545593262 50.020862579 243.267990112
A 344.719329834 -260.656646729 274.604064941
A 176.374481201 85.130462646 201.964019775
A 313.507080078 -256.937408447 170.336029053
A 30.725816727 -145.164337158 248.992736816
A 244.017944336 12.342681885 95.254722595
A 342.229736328 65.949012756 246.858718872
A 360.653564453 -168.041839600 133.448181152
A 357.369903564 2.693763018 376.400726318
A 300.136444092 -58.335376740 81.708885193
A 153.521850586 -281.845458984 321.974914551
A 163.108322144 90.162673950 257.240783691
A 276.625946045 -42.520465851 79.600387573
A 40.541004181 -123.795623779 182.493606567
A 410.938140869 -18.563926697 277.931793213
A 309.193786621 -204.567764282 416.469848633
A 183.717544556 78.747604370 346.950958252
A 171.030838013 -10.844340324 441.661682129
A 3892.959472656 9077.418945312 12423.751953125
A 245.097335815 99.662086487 248.561614990
A 86.659484863 -204.347061157 164.550491333
A 397.243896484 -205.582992554 264.706176758
A 181.126998901 -79.630035400 463.819946289
A 44.683830261 -18.198923111 228.268646240
A 354.743743896 -235.669479370 191.870529175
A 753.277893066 -1187.645263672 -56.357551575
A -28169.341796875 35864.738281250 29278.882812500
A 44.304122925 -181.739318848 307.260559082
A 301.829650879 -160.042282104 86.474769592
A 236.369949341 -249.419952393 127.076492310
A 74.678848267 32.462173462 282.629943848
A 39.156673431 -50.288726807 201.000503540
A 371.271179199 -174.039154053 385.562347412
A 230.175918579 -129.830749512 65.192451477
A 261.490692139 -207.593704224 93.987190247
A 139.380752563 -266.617095947 345.864929199
A 168.234848022 -177.799987793 88.900939941
A 117.181015015 67.490966797 272.959472656
A 161.159576416 -285.152954102 211.204742432
A 152.260543823 -198.440322876 425.722869873
A 274.643981934 -101.653381348 70.496559143
A 54.655620575 -206.484146118 228.804931641
A 264.241577148 -12.550187111 85.946983337
A 291.690124512 43.649486542 135.964675903
A 84.828292847 -101.335113525 116.118713379
A 158.146728516 -1280.491821289 -269.316070557
A 61.232227325 -149.698287964 374.558624268
A 374.876983643 38.738891602 243.809005737
A 245.760269165 -51.759517670 461.009857178
A 83.704383850 -126.272735596 125.896240234
A 257.948394775 -106.819885254 464.532836914
A 241.786483765 -31.996786118 72.386817932
A 318.478149414 -93.132011414 87.417198181
A 383.001342773 -17.138504028 255.689788818
A 186.161682129 -54.194831848 459.042907715
A 261.964233398 72.561042786 163.521087646
A 107.033302307 2.009897232 394.543151855
A 309.386016846 74.535964966 204.401016235
A 296.384704590 -282.672943115 242.299331665
A 225.108947754 -56.927856445 66.378433228
A 205.550781250 -286.374603271 262.915344238
A -6657.185058594 37214.285156250 -88361.531250000
A 53.245674133 -117.440101624 156.995559692
A 149.441177368 -156.591186523 442.806396484
A 156.550292969 -142.442062378 78.222946167
A 203.006744385 -137.436141968 65.357307434
A 199.777465820 99.842140198 267.750823975
A 237.376892090 92.261497498 201.505828857
A 409.475769043 -78.803451538 347.486999512
A 335.713226318 -149.026306152 102.633239746
A 385.586090088 -175.532928467 358.008819580
A 280.956298828 -265.545349121 365.257110596
A 75.875015259 14.310218811 190.115631104
A 363.568542480 -227.870666504 338.621917725
A 375.526855469 24.282749176 211.427215576
A 336.508239746 -113.637519836 96.346549988
A 398.422973633 -166.241729736 183.800216675
A 343.973052979 -42.623676300 110.389739990
A 49.346431732 -138.199356079 359.301788330
A 189.217346191 -244.959152222 401.777130127
A 251.097381592 31.108791351 415.813964844
A 398.007781982 -161.930404663 350.419372559
A 52440.871093750 24173.281250000 6289.617187500
A 666.780578613 -1576.257812500 -1048.389038086
A 403.663818359 -125.395042419 173.606277466
A 234.876358032 -301.209411621 257.978485107
A 177.075912476 76.017944336 175.720748901
A 311.524719238 -236.701644897 384.213623047
A 60.923999786 -32.181682587 364.821746826
A 163.432800293 -43.942684174 77.303176880
A 378.941284180 -63.260963440 391.567199707
A 343.900909424 -252.520141602 326.840179443
A 276.793395996 78.309509277 344.506958008
A 190.739212036 59.456134796 140.364578247
A 54.433925629 -93.458435059 373.627075195
A 380.624633789 21.374498367 313.598876953
A 32.292217255 -75.552696228 322.019195557
A 357.025604248 -40.327331543 407.425933838
A 289.450317383 -193.803726196 96.974868774
A 42.582160950 -189.890914917 276.145629883
A 302.270111084 56.923007965 367.992858887
A 355.142730713 -120.283142090 418.551727295
A 232.710784912 -18.563283920 451.789794922
A 305.660125732 83.675071716 291.675811768
A 305.599151611 72.146575928 335.299560547
A 345.539459229 -219.928466797 379.662048340
A 38.244968414 -178.724700928 255.655242920
A -2979.326171875 -15207.915039062 7984.133300781
A 317.381805420 -180.288452148 105.177284241
A 373.602569580 -2.202839136 166.418426514
A 121.933250427 -246.669219971 308.061737061
A 27.461492538 -129.818969727 299.473693848
A 1584.892089844 6178.952636719 4302.837890625
A 225.794326782 38.556129456 202.743606567
A 400.474517822 -28.050704956 191.326965332
A 150.312911987 -229.176574707 400.708984375
A 131.128021240 -28.360719681 433.349548340
A 394.156341553 -196.974685669 207.607086182
A 256.350402832 -139.773330688 68.711013794
A 124.070983887 -174.381042480 105.946090698
A 167.394119263 -137.954833984 455.751190186
A 35.815334320 -83.480644226 249.947280884
A 339.092010498 66.804298401 287.245147705
A 329.597076416 -272.478973389 252.063201904
A 365.501068115 11.672691345 357.930908203
A 237.694290161 -159.353164673 457.379608154
A 175.542404175 -97.891510010 182.341751099
A 357.789062500 50.964851379 273.604644775
A 171.870880127 32.145503998 121.218452454
A 261.763183594 49.434955597 132.121704102
A 139.349822998 -107.545166016 450.541748047
A 223.990020752 -210.760070801 433.083618164
A 411.683227539 -59.010643005 205.479812622
A 379.127624512 -225.547866821 230.027847290
A 413.217193604 -76.728294373 286.892578125
A 109.888168335 -64.311515808 428.556182861
A 396.651824951 -82.560211182 371.998657227
A 426.876678467 -109.608398438 261.200836182
A -26215.695312500 -38494.550781250 29742.878906250
A 185.908050537 -2.510320425 94.233062744
A 100.395538330 50.153820038 211.240142822
A 234.004058838 -271.176666260 370.409393311
A -1062.085083008 -3220.500244141 -2023.964111328
A 128.768997192 33.125122070 147.606292725
A 354.785644531 -142.626617432 412.733978271
A 382.078186035 5.477261066 190.649887085
A 33.889873505 -50.352436066 229.171997070
A 422.242156982 -101.846138000 226.625259399
A 29.600625992 -90.653800964 205.559371948
A 194.309677124 18.996786118 426.072875977
A 343.987915039 -57.868961334 424.556701660
A 113.199386597 -136.484985352 100.450874329
A 29.818380356 -56.279895782 297.098693848
A 281.589385986 94.246047974 243.918563843
A 166.406127930 -6.004095078 91.757049561
A 213.654281616 74.315902710 362.452575684
A 57.728321075 -70.577239990 375.398254395
A 278.899078369 93.268188477 276.318237305
A 325.181518555 -270.570190430 308.163909912
A 61.788192749 -201.220382690 328.131958008
A 237.443954468 -278.684906006 175.663040161
A 133.171875000 64.605918884 336.372528076
A 220.302154541 -10.021215439 78.776840210
A 60.122661591 -195.727355957 194.948242188
A 211.467346191 49.019096375 128.869491577
A 330.662872314 42.802669525 363.751739502
A 139.770126343 83.477462769 285.153503418
A 200.950119019 -102.143547058 465.049224854
A 301.365722656 -142.431091309 449.068664551
A 410.622222900 -119.311233521 341.723724365
A 417.455505371 -151.008468628 242.195053101
A 162.695526123 -245.037368774 139.986221313
A 107.959564209 42.704345703 350.722320557
A 337.071563721 52.387874603 197.853851318
A 387.820373535 -101.325195312 383.711273193
A 236.337005615 87.517517090 342.287078857
A -306.462097168 661.237731934 1635.316650391
A 249.947250366 -231.356033325 110.195617676
A -17817.550781250 49992.902343750 -4336.291503906
A 158.284408569 -42.696220398 445.532989502
A 410.421234131 -163.830307007 301.357727051
A 363.768310547 -242.693618774 278.755981445
A 58.718753815 6.703708649 292.621826172
A 217.762252808 -94.659339905 68.449882507
A 176.659744263 -225.260360718 416.886444092
A 390.287811279 -145.665573120 155.352020264
A 8330.745117188 2954.529785156 -4875.052734375
A 202.410827637 101.141113281 245.356491089
A 337.632476807 -83.227333069 435.485748291
A 137.419845581 -53.245109558 86.859550476
A 36.126773834 -155.486373901 306.117340088
A 111.729248047 -231.567535400 165.541107178
A 272.113281250 -288.701324463 213.525650024
A 274.139892578 -9.287624359 439.856689453
A 278.904418945 -266.004669189 170.221191406
A 250.864120483 68.999755859 367.063262939
A 227.701950073 61.898792267 382.324768066
A 227.506332397 44.055442810 406.014953613
A 396.397216797 6.470065117 297.376861572
A 205.255523682 -292.891540527 207.323135376
A 112.729949951 -267.013977051 238.765579224
A 153.677551270 10.613251686 421.008514404
A 335.079772949 -243.857833862 359.249816895
A 148.568099976 -285.953399658 296.079315186
A 137.906890869 80.845642090 242.149200439
A 343.792541504 19.329612732 153.292144775
A 284.308013916 -279.066040039 185.440795898
A 1877.067993164 -2108.696533203 1.256368279
A 115.193840027 64.602439880 232.492919922
A 354.136016846 -199.916976929 149.221618652
A 173.081588745 -108.209724426 69.433013916
A 208.429000854 -281.129730225 177.619934082
A 45.547386169 -27.926591873 321.603942871
A 167.405822754 -275.172027588 185.818435669
A 184.882690430 52.534320831 391.708068848
A -14329.072265625 11177.437500000 -15578.172851562
A 337.611267090 -75.055953979 96.242294312
A 161.929290771 -198.843429565 100.269622803
A 393.110595703 -47.651840210 166.022460938
A 222.608703613 -301.651641846 292.395416260
A 299.409637451 -282.147247314 320.826934814
A 182.196517944 -159.691665649 455.320800781
A -10419.574218750 4899.036132812 -8923.657226562
A 303.515136719 -286.755340576 261.634765625
A 356.816345215 47.279102325 310.838775635
A 304.329650879 -110.648536682 77.499794006
A 114.432838440 -28.427513123 109.932510376
A 413.714477539 -27.549663544 236.210021973
A 187.383804321 -299.202453613 268.739898682
A 58.685489655 -7.170703411 333.246520996
A 200.485580444 36.483852386 410.672607422
A 71.286483765 -4.180648804 166.361770630
A 101.996864319 -248.634033203 204.231475830
A 383.923675537 -109.783561707 139.592468262
A 142.213607788 -71.671051025 448.704437256
A 75.061309814 18.417474747 334.954254150
A 36953.390625000 -44902.257812500 57031.855468750
A 378.552795410 -208.703033447 334.502746582
A -6929.641601562 797.602722168 4387.554687500
A 1540.128906250 -3532.422119141 -558.172546387
A 141.936645508 -251.464401245 370.021484375
A 146.845291138 77.852073669 203.185867310
A 398.647033691 -2.487461567 219.025192261
A 294.959686279 -230.726074219 127.915534973
A 40.566757202 -155.255630493 200.172698975
A 343.925567627 4.997819424 135.127487183
A 276.826721191 90.051834106 210.834121704
A 350.535491943 -172.026870728 405.885864258
A 85.975044250 -162.276168823 129.942306519
A 137.344802856 -201.970184326 113.217041016
A -3363.645996094 2154.786621094 95.212699890
A 288.640197754 -230.575790405 405.811706543
A 170.519058228 -110.640853882 460.573791504
A 376.534423828 -181.447387695 158.406280518
A 156.957641602 77.870933533 323.247955322
A 220.855361938 -26.088945389 442.741149902
A 139.499847412 -283.033325195 240.587539673
A 109.818626404 -96.945617676 437.013793945
A 256.317840576 -297.555328369 236.783660889
A 247.207901001 -277.042541504 334.051055908
A 308.682403564 1.022854328 266.563415527
A 143.485107422 -103.842041016 76.081237793
A 353.373229980 -18.808856964 132.008987427
A 273.137084961 -213.565338135 427.540435791
A 28190.730468750 54773.687500000 26137.072265625
A 83.607933044 -146.224426270 402.147796631
A 282.392028809 18.628061295 422.301208496
A 255.824203491 -298.571777344 297.891754150
A 412.147857666 -98.818107605 194.099914551
A 89.778945923 -31.451141357 128.945297241
A 98.649780273 36.718116760 186.987106323
A 245.289001465 -258.289642334 386.996490479
A 324.361877441 72.692749023 226.385055542
A 40.416755676 -88.738319397 179.971374512
A 47.797744751 -47.119800568 341.451385498
A 240.214691162 -184.303237915 81.100135803
A 153.554351807 -24.175809860 417.531219482
A 107.205223083 -39.421062469 418.372344971
A 240.538421631 -190.025283813 446.036437988
A 396.868988037 -47.146171570 357.042907715
A 383.040161133 27.538204193 276.469024658
A 173.650802612 -292.933654785 237.100845337
A 280.784027100 -63.753757477 457.167175293
A 131.636962891 -268.478881836 203.425354004
A 170.931045532 64.753143311 369.326934814
A 80.732536316 -176.309478760 383.840332031
A 25.732494354 -134.190765381 269.787109375
A 193.728683472 -242.279647827 127.579429626
A 229.921417236 83.191474915 172.756225586
A 180.447326660 -33.295730591 297.541259766
A -4663.378417969 42858.140625000 -54768.167968750
A 343.528991699 35.906223297 172.127471924
A -480.756439209 -1296.225708008 180.749588013
A 82.526618958 -199.081390381 372.035034180
A 378.298248291 -208.571182251 190.358230591
A 92.737152100 -64.175193787 114.098457336
A 287.705200195 14.940406799 109.364784241
A 8012.626464844 -515.657470703 -1784.618530273
A 389.097717285 -8.316490173 342.238342285
A 249.914505005 -80.173553467 63.311618805
A 107.850624084 22.701196671 373.368713379
A 119.896507263 -274.575744629 279.161651611
A 9189.862304688 10491.051757812 20073.130859375
A 319.674041748 49.849586487 166.133361816
A 23.377773285 -105.335777283 229.097900391
A 98.165626526 -20.111309052 403.572387695
A 19.795253754 -74.515884399 257.540130615
A 326.680999756 -232.076416016 149.260772705
A 379.146606445 -228.429229736 265.690399170
A 105.178421021 8.497310638 328.576416016
A 89.647010803 -106.931396484 415.729309082
A 32.546451569 -40.944255829 264.230743408
A -3659.827636719 -1473.747558594 3601.857910156
A 178.137771606 92.990020752 228.546722412
A 218.509811401 -203.491012573 88.479515076
A 126.890594482 -99.517868042 411.153594971
A 78.462150574 -7.947251797 365.630920410
A 113.187919617 37.635982513 165.032546997
A -21905.609375000 6940.341796875 4499.732421875
A 85.758544922 -221.634613037 187.693817139
A 269.166839600 -91.052116394 464.254760742
A 111.738105774 -261.699310303 313.143188477
A 38.210319519 -93.107269287 344.861541748
A 332.725555420 21.364574432 347.496246338
A 325.546051025 69.047378540 312.939483643
A 188.824523926 94.346885681 293.881622314
A 400.412841797 7.373438835 252.184326172
A 422.977630615 -48.705768585 274.977355957
A 253.318069458 -266.821105957 152.396392822
A -2938.195068359 2731.322998047 -583.206176758
A 101.906028748 -136.851562500 421.440216064
A 260.364440918 -166.407943726 72.824645996
A 311.105712891 86.181205750 257.567687988
A 242.183578491 -227.871566772 421.660614014
A 94.712348938 5.535975933 148.106948853
A 397.264801025 -200.486953735 294.874267578
A 323.094787598 -6.940149307 114.472457886
A 273.091674805 -285.309997559 332.190032959
A 315.176544189 -111.404243469 452.280334473
A 163.492904663 -76.251167297 71.782302856
A 110.285850525 56.453849792 318.031219482
A 230.916168213 65.886741638 146.656448364
A 426.188476562 -72.322082520 250.044799805
A 283.746063232 -1.772102833 236.307723999
A 205.326309204 -260.206329346 386.445098877
A 127.709693909 -152.207992554 435.118988037
A 240.573242188 -291.333190918 205.148895264
A 254.204757690 30.381259918 109.756370544
A 166.408370972 -223.938858032 117.730552673
A 319.950225830 -35.979522705 431.904815674
A 78.346565247 -237.218124390 312.056976318
A 157.588775635 83.067276001 300.461700439
A 182.993423462 -269.947235107 166.478866577
A 360.101654053 -20.270164490 396.284057617
A 294.572357178 -135.449584961 76.417274475
A 194.989425659 -209.310958862 431.603454590
A 381.765350342 -134.054946899 389.887359619
A 209.934417725 -285.320007324 343.184570312
A 209.960021973 -171.135742188 451.654602051
A -12592.107421875 11556.279296875 2718.693359375
A 336.236877441 -190.668731689 121.985748291
A 364.873229980 -90.175605774 413.096527100
A 10729.249023438 4807.708496094 -25.014810562
A 295.350311279 35.838478088 379.378082275
A 30.711956024 -138.522766113 222.478927612
