533

X 5706.787109375 1644.067871094 -5210.651367188
X -1123.373535156 -922.032226562 1348.443603516
X -16.077226639 -102.552192688 -169.322433472
X 83.224205017 201.812789917 122.333610535
X -25.318485260 -214.163604736 106.429397583
X -34.968517303 -181.536819458 119.399032593
X -5697.187988281 4646.179199219 -208.175720215
X -4478.315429688 305.105773926 -9518.198242188
X 174.128768921 -3323.638427734 -31805.738281250
X 60.912132263 -140.157836914 146.990295410
X 265.152465820 -274.120361328 258.687652588
X 4044.354492188 -3406.839843750 -1331.284057617
X 71.437835693 2.054135799 186.429931641
X 5414.130859375 2520.593261719 3681.681884766
X 317.592193604 -214.931411743 242.050888062
X 7016.555664062 -1662.103393555 15858.644531250
X 139.757293701 -166.446685791 -46.768981934
X 195.661392212 7.580839157 55.707183838
X 590.250305176 -1717.372070312 -6434.571777344
W 80.032241821 -280.120727539 278.399139404
X 380.541259766 6541.708007812 1959.294677734
X 21.183692932 -139.114593506 127.410079956
W 173.324813843 -144.963790894 -50.184013367
X 13470.367187500 10699.756835938 -531.364562988
X -893.995666504 -2782.213867188 -3087.811523438
W 93.604423523 15.433408737 111.100212097
W 56.240650177 -261.200714111 12.833049774
X 7630.643554688 878.395874023 1859.050170898
X -6812.356445312 3804.382324219 1659.752075195
X -2130.179687500 2688.724853516 -8824.030273438
W 169.355636597 -340.476684570 223.186752319
X 18.402317047 -162.327438354 103.461204529
X -6126.888183594 -1503.637573242 1050.448486328
X 647.693969727 -869.674194336 556.180786133
X 2.233110905 -79.589202881 71.207893372
X -3596.087646484 -2113.183105469 -2670.251464844
X 1246.795410156 2989.947753906 6027.337890625
X 1741.002929688 -1921.295043945 -177.772476196
W -29.001380920 -129.079116821 186.223693848
X 6735.350585938 -596.819458008 -1076.384155273
X 111.030288696 -151.958969116 180.623870850
X 265.213287354 -167.253250122 304.491424561
X 180.875518799 -200.548706055 174.518371582
X 125.231544495 -59.926570892 34.131237030
X -13823.621093750 4707.167480469 83.425094604
W 103.626701355 -246.996994019 308.833801270
X -24456.570312500 32275.455078125 20502.365234375
X 168.472961426 -269.310424805 118.041236877
X -1995.853271484 4699.965820312 3089.096191406
X 10456.462890625 5581.755371094 -661.627441406
X -5987.740234375 4790.128417969 -358.982360840
X -489.042663574 24.175647736 -247.270309448
W 293.794158936 -105.703437805 270.975036621
W 274.675109863 -78.411239624 10.792533875
X 155.338150024 -330.612701416 115.266845703
X 171.167877197 -9.666018486 112.319099426
X 241.581527710 -297.521881104 255.762878418
X 256.768524170 -76.808738708 130.205413818
X 5462.748046875 3848.659667969 -3364.249755859
X -34130.300781250 8402.150390625 -26306.533203125
X 269.877868652 -195.925704956 299.468902588
X 332.201751709 -346.302276611 -5291.116210938
X 3245.050537109 1383.027465820 -4460.877441406
W 222.193557739 -17.636957169 27.747215271
X 307.416473389 -37.881111145 156.446456909
W 74.903518677 -45.887401581 267.723083496
X 153.679519653 -353.996032715 120.760520935
X 136.139343262 -139.190185547 145.033508301
W 27.320432663 -31.073839188 94.624710083
X -16.675865173 -86.500869751 155.816467285
X 1057.236694336 -146.918472290 -345.645172119
X -6343.325195312 4465.338378906 1482.225708008
W 39.697643280 -37.325088501 225.126937866
W 286.755218506 -301.013946533 95.146995544
W 290.401275635 -33.217010498 77.663383484
X 304.439453125 -92.332756042 239.379165649
X 74.089889526 -238.948806763 314.332122803
X 133.311767578 -96.473709106 18.732973099
W 82.466300964 -280.229919434 12.664167404
X 189.160247803 -261.274230957 308.953491211
X 3563.958984375 -11170.497070312 20935.982421875
X -3829.778076172 -4450.135253906 -8706.349609375
X -3185.739990234 -3147.547363281 -3640.500000000
W 45.073101044 -288.394622803 52.708698273
W 188.788070679 -110.825294495 323.866851807
W 333.236480713 -108.402709961 65.198211670
W -0.253250360 -177.503234863 254.187759399
X 140.172302246 -25.472272873 5.476828098
X -2028.591186523 -2150.476806641 -7590.702636719
W 212.885208130 -91.939521790 -30.638610840
X 318.619934082 301.436584473 -1.059189677
X 248.445693970 8.634209633 145.455581665
X 23246.734375000 -7918.512207031 -25262.126953125
X 95.335700989 -148.423614502 104.773109436
W 253.431777954 -18.693572998 227.161178589
W -27.717254639 -131.631149292 83.864845276
X -10262.382812500 -41943.886718750 5355.458496094
X 253.548446655 -124.644424438 302.602020264
W 90.928367615 -101.118125916 -29.591203690
X -7629.400390625 2263.614746094 1360.776000977
X 315.237731934 -151.229248047 24.821607590
X 7997.480957031 -1075.513427734 5979.439453125
X -5460.553222656 11923.593750000 11780.139648438
X 286.495788574 -75.861015320 254.610565186
W 35.968727112 -142.839599609 289.203918457
X 4317.829101562 -5914.884277344 -6773.653320312
X -2442.299804688 2109.864746094 -3057.380859375
W 174.915908813 -9.499795914 256.876922607
X 298.141815186 -180.670257568 249.891983032
W 177.737121582 -37.385017395 286.690032959
X -3188.914550781 -2221.814941406 -1282.016845703
X 65.190124512 -53.952228546 200.150711060
X 321.083648682 -244.977844238 219.388809204
X -834.625244141 3770.994384766 3968.375488281
Q 174.227767944 27.614273071 184.835296631
X -4498.150878906 -1134.726928711 4555.267089844
X 156.410964966 -206.194854736 273.845916748
X -787.717407227 -42789.941406250 -10481.492187500
X 715.138793945 774.943664551 660.918151855
X -14.711455345 2643.986572266 4992.789062500
X 235.239395142 -261.155944824 293.093688965
W 152.495498657 -220.795837402 -40.196662903
X -1202.229248047 6296.602050781 7365.374023438
W 293.303070068 -193.667327881 5.355515003
X -29041.558593750 -22425.328125000 -25981.000000000
W 2.719969511 -255.726791382 72.585289001
W 50.352230072 -9.848242760 183.115539551
X 61.230709076 -93.594924927 -9.274421692
X 321.168457031 -154.630493164 123.430877686
X 2318.176757812 -1251.207885742 76.101707458
W 94.781105042 -213.648025513 -33.061977386
W 165.672286987 -262.416320801 -19.789375305
W 44.324504852 -317.806030273 172.324996948
X 112.868362427 -320.990600586 239.145675659
X 43.403850555 -184.094223022 271.580810547
X -2768.330810547 -15618.794921875 5009.154785156
W 190.643920898 -84.999618530 313.476165771
X 213.947555542 17.811851501 102.458648682
X 10839.333984375 -9648.710937500 -2407.661865234
W 128.475463867 -342.735382080 84.256500244
X 206.764236450 -312.517089844 256.897644043
W 285.299865723 -47.389526367 48.888332367
X 117.315307617 -179.614044189 328.538940430
X 255.120346069 -794.616394043 415.903503418
X 3333.672607422 -1882.648559570 -745.298828125
X 18431.962890625 -6264.621093750 -26900.884765625
W 111.072242737 -122.610313416 -41.697082520
X 304.839935303 673.451660156 -9188.866210938
X -14927.814453125 -4102.562011719 3599.707031250
X 243.318130493 -1002.046752930 903.147949219
X -10967.705078125 -8085.609375000 -1933.281127930
X 291.435119629 -226.872543335 16.485717773
X 105.461677551 -308.074707031 190.448394775
X 6597.382812500 6122.946289062 1146.785522461
X -478.959381104 1165.119628906 1530.551147461
X 305.613494873 -278.517547607 191.239837646
W 26.925031662 -237.877593994 266.903228760
W 165.977539062 -175.511886597 334.050964355
W 14.408658981 -82.552612305 38.063873291
X 333.642822266 -154.891983032 72.313438416
X -937.940429688 326.631774902 1187.036132812
X -3859.567626953 3117.260498047 -4289.228515625
X 156.633071899 -246.020477295 156.223297119
W 135.162155151 -307.015899658 20.571296692
W 258.149749756 -324.448974609 193.166290283
X -4293.614746094 -4100.250000000 -560.219299316
W 304.279907227 -299.416870117 150.810684204
W 316.673889160 -52.680114746 128.191131592
X 295.514129639 -294.722320557 147.399307251
W 33.597522736 -17.657190323 148.664932251
X 196.837966919 -302.904479980 179.888381958
W 84.874946594 -13.178662300 237.468139648
X 352.019622803 -124.740615845 147.800521851
W 143.670425415 -278.618377686 298.355957031
X 157.105545044 -179.915405273 143.902618408
W 14.320743561 -100.625625610 253.221725464
X 4352.128906250 3292.344482422 4145.272460938
X -17.782993317 -230.319442749 521.332458496
W 241.554565430 10.132740974 103.912750244
W 215.580810547 -348.781250000 142.417495728
X 747.803527832 609.434936523 -2915.364746094
X 335.158660889 -127.848030090 222.380645752
X 30.632711411 -220.610900879 141.230606079
X 66.341468811 -55.355510712 17.888763428
X 194.352096558 -328.572082520 55.911331177
W 207.356063843 -261.236999512 -14.907975197
X 4921.227539062 11842.256835938 15983.171875000
X 234.499588013 636.060791016 63.268131256
X -6919.917480469 -4676.406738281 -4336.842285156
X 1914.259399414 -1030.064941406 19.043905258
X 178.731536865 -177.102584839 82.767509460
X 332.156799316 -249.580108643 168.743957520
X -5189.129394531 6272.298828125 3582.007080078
X 6348.605468750 -12878.244140625 -3610.821777344
X -18050.220703125 22920.464843750 18708.234375000
X 326.014160156 -99.719871521 102.850143433
X 110.301773071 -116.579177856 274.051483154
X -826.314392090 6204.545898438 5362.150390625
W 295.603149414 -302.434814453 125.592330933
X 332.894287109 -224.297073364 207.131973267
X -2481.062744141 1180.832519531 -1952.650634766
X 167.112777710 -624.915100098 -4995.673339844
X 108.689285278 23.991998672 429.739929199
X 255.481491089 -7.693510056 77.157661438
X 215.516647339 -75.858650208 304.831726074
X 237.864044189 -271.908843994 129.278228760
X -1739.654663086 -4693.887207031 -1336.569091797
W 247.380279541 -81.078575134 -9.835391998
X 1195.213989258 427.173736572 -3540.254882812
W 322.956359863 -63.744365692 176.702682495
W 133.652542114 -247.399856567 316.253112793
X 127.291809082 -291.736389160 240.160842896
X 306.350830078 -157.189880371 269.652221680
X -804.812133789 -13470.084960938 -5968.339843750
X 319.255187988 -119.199844360 39.958999634
X 74.171760559 -274.086395264 159.442977905
X -234.854232788 -1973.741455078 -2994.470458984
X -4637.688964844 -1183.411499023 -4573.354980469
X -903.181396484 -198.193588257 -6178.167968750
X 150.922943115 -224.571365356 324.346832275
X 127.344963074 -172.705688477 203.628448486
X 9271.003906250 4754.154785156 210.913375854
W 204.998153687 -219.635894775 -35.010066986
X 149.519744873 -328.325195312 238.754455566
W 267.018585205 -281.937744141 29.671388626
W 84.508605957 -334.482391357 201.245223999
X 3603.644042969 -5964.833496094 -148.271148682
X 40.529548645 -1902.449462891 6335.935546875
X -293.494201660 -6757.938476562 1418.762817383
X -3457.594238281 19315.167968750 -45876.035156250
X 326.496856689 -150.539276123 239.512390137
W 241.786621094 -125.829864502 -28.976953506
X 216.358566284 -136.142654419 280.719390869
X 174.480087280 -130.647949219 328.858428955
X -396.374908447 5642.164062500 -12.839290619
W 147.387542725 -352.181488037 180.796707153
X -18.791734695 -176.055114746 61.921100616
W 64.181198120 -119.147628784 302.483917236
X -3336.767822266 950.514465332 -2857.145751953
W 95.809967041 -4.434650421 49.474632263
X 248.852722168 -235.622161865 181.424118042
W 20.024700165 -50.008979797 68.255447388
W 6.670188427 -277.915039062 191.308929443
X -430.856140137 -318.903594971 1073.612670898
W -12.608040810 -97.367065430 204.641525269
W 47.573337555 -224.596221924 290.737823486
X 7149.008789062 1752.439086914 -3797.157226562
X 191.520599365 -14.106651306 19.763919830
X 959.278076172 4388.487304688 5129.177734375
X 41.931259155 -104.149787903 65.295333862
X 32614.287109375 15034.343750000 3868.338134766
X 3381.093505859 -10901.272460938 -9850.912109375
W -4.413303375 -123.762557983 238.898300171
W 152.797698975 29.318948746 138.301544189
X 209.454055786 -402.181579590 236.572998047
X 1099.096923828 -1354.092529297 1228.475097656
X 306.946990967 -238.791580200 42.308231354
X 210.761367798 -231.810562134 317.126373291
X 12.436439514 -214.813690186 28.265247345
X 547.093811035 -560.095092773 334.014556885
X 308.351226807 445.892608643 388.074951172
X 179.589111328 -319.626068115 257.321624756
X -10011.309570312 222.093963623 6754.683105469
W 19.015398026 -287.431060791 91.913635254
X 349.977722168 -169.986419678 89.153511047
X -1379.483276367 -1834.017333984 -2133.036865234
W 110.275962830 -84.660423279 309.003448486
W 336.283966064 -79.702743530 142.126235962
W 95.681724548 -305.512786865 33.700450897
W 29.980995178 -157.827194214 -6.014083862
X 763.056152344 2361.343261719 5491.460937500
X 514.152587891 463.253387451 233.931579590
W 98.195770264 -331.781951904 78.602798462
X 96.850654602 -99.387077332 75.919601440
X 218.169235229 -136.355163574 137.561843872
X -3770.946044922 -18413.824218750 9550.854492188
W 85.014633179 -94.985633850 303.198272705
W 21.609844208 -271.071258545 231.703872681
X -2267.888916016 -4614.867675781 -3515.553955078
X 242.547042847 -151.853195190 125.626853943
X 3274.993652344 14258.828125000 9261.442382812
X 953.034240723 2664.319824219 6126.722656250
W -14.139381409 -236.776885986 202.899932861
X 249.179107666 -43.342853546 18.684093475
X 237.682617188 -223.343475342 10.358993530
W -9.787959099 -72.028686523 173.110641479
W 141.513259888 -128.668441772 329.365234375
X -160.854476929 -442.479949951 -213.578170776
X 677.385314941 -1064.814575195 -126.236755371
X 9911.726562500 -792.602905273 288.478393555
W 68.874916077 -329.091186523 113.088592529
X 3897.818359375 -6129.129394531 -472.724975586
X 37.204933167 -263.447662354 37.292133331
W 162.764419556 -110.568840027 -45.472969055
X 7074.368652344 -1143.166503906 6243.636230469
W 43.458709717 -318.233886719 142.168533325
X 217.803741455 -295.233215332 271.899047852
X 137.808456421 -307.750518799 272.408874512
X 331.049499512 -190.184539795 -215.109619141
W 154.910507202 -54.122814178 -19.536825180
X -30.386487961 -199.385864258 173.919647217
X 50.730224609 -98.523803711 158.168640137
X -6718.915039062 -668.297241211 -2032.075927734
X 755.106506348 -380.257446289 -860.611999512
X 6568.779785156 751.542114258 4354.680175781
X -2.477442741 -153.100082397 146.937911987
X -16689.953125000 -24400.003906250 18855.603515625
X 1948.756591797 -2576.146484375 6104.674804688
X 277.551696777 -306.354858398 188.474121094
X 151.229827881 -26.474527359 66.093170166
X -5008.124511719 -12165.960937500 -8869.652343750
X -1947.727416992 3230.227050781 -2667.841552734
X 5455.730468750 -1627.166503906 5875.648437500
X 53.894466400 -245.083709717 188.755661011
X 343.136993408 -215.083969116 169.648590088
X -36.030372620 -161.840499878 161.233200073
X 350.847686768 -173.416885376 189.036819458
X 173.124298096 -209.272811890 79.385063171
X 63.968276978 -217.491485596 -15.647819519
X 276.707031250 -118.256813049 285.281860352
W 347.935821533 -213.487258911 111.499778748
W 116.988548279 -351.170196533 144.866058350
X 203.089309692 -249.730804443 289.211486816
X 306.011627197 -3244.946777344 -1528.579833984
X 327.379577637 -179.036132812 42.840557098
X -741.350402832 -3634.889648438 -588.478210449
W 52.963199615 -9.161774635 97.498077393
W 319.744689941 -74.516120911 71.160789490
X 327.977081299 -1014.971801758 -416.850067139
W 249.868865967 -316.790679932 68.739288330
X 221.137619019 2599.836914062 -5200.442871094
X -2937.131835938 -1931.661376953 -1128.053588867
X 181.152465820 266.532989502 -294.269348145
X 83.839653015 -263.748657227 68.113815308
X 231.283142090 -338.036376953 107.173629761
W 175.245239258 -180.076248169 -48.550941467
W 74.763710022 -133.518768311 -30.763624191
X -17.518245697 -144.127441406 80.723716736
X -7750.923339844 2381.692871094 1023.812377930
X 222.143325806 -22.022161484 255.379547119
X -3176.338134766 3971.260742188 2630.866210938
X 105.364608765 -275.577178955 180.470214844
W 0.739774525 -180.474990845 26.541673660
W 160.277770996 -341.785766602 75.939735413
X -4574.907226562 6600.483886719 12578.192382812
W 140.021850586 -49.695957184 295.890045166
X -11478.958007812 32196.277343750 -2866.432861328
W 230.326995850 -235.193054199 -20.538356781
W -28.351140976 -115.071060181 105.482986450
X 1628.161987305 -1497.626098633 149.654953003
X 482.214172363 -520.927307129 93.562431335
X 209.472091675 -921.039123535 6335.906250000
W 215.218399048 -53.105781555 -8.478572845
X 43.363685608 -135.854080200 211.405715942
X 14766.601562500 5486.255371094 -9286.461914062
X 174.964569092 -355.572052002 144.812179565
X 72.583038330 -196.929077148 -18.305236816
X 243.129898071 -217.626342773 305.921264648
X 348.230438232 -122.485321045 105.585838318
W 273.040100098 -33.276561737 228.958694458
X 122.250114441 6.493311882 191.854171753
W 124.325195312 -247.077011108 -25.921762466
X 2886.462402344 -8688.148437500 -4687.939453125
X 919.609375000 5559.043457031 3816.649414062
X 160.197082520 -319.827911377 35.743583679
W 171.115203857 -288.333587646 0.475790352
X 3548.070312500 1926.864501953 656.267395020
X 178.668167114 13.162000656 200.521087646
X 272.724548340 -12.706175804 168.953567505
X 224.974014282 -273.496612549 13.017298698
W 63.455657959 -29.126264572 38.907024384
X 2346.766357422 3942.822998047 -445.210845947
X 237.740280151 -340.100708008 158.268341064
X 85.412910461 -242.702072144 211.322143555
W 114.251930237 1.073263764 232.696044922
X 9895.398437500 -11804.847656250 -1217.124267578
X -1867.700073242 3051.809814453 -639.090515137
W 27.355787277 -66.910148621 243.567504883
X -2229.592285156 119.428398132 -9822.680664062
X 182.068481445 9.101998329 227.103591919
W 334.428558350 -240.127243042 98.701232910
W 229.191314697 -2.017331600 222.376846313
X 1323.464599609 -4281.473144531 -3466.313232422
X -14005.562500000 10910.646484375 -15331.506835938
W 56.387207031 -184.617340088 305.942199707
X 217.315902710 -76.852355957 285.199707031
W -5.455056190 -208.196365356 239.849838257
X 163.749099731 29.163373947 118.685180664
X 108.322242737 0.511543930 90.887359619
X 214.722412109 -118.073608398 -32.494686127
X -14184.984375000 6606.220214844 -12308.804687500
W 85.680816650 14.522490501 148.361938477
W 46.325862885 -310.707519531 95.426780701
X 104.642349243 -163.887680054 301.150299072
X 273.895751953 -234.679626465 284.555084229
X -6772.230957031 -2405.386962891 1120.868408203
W 195.571777344 27.380643845 138.295013428
W 313.356781006 -261.624938965 74.293876648
X 495.752563477 -3207.893066406 -3348.153320312
X 302.771514893 -259.436614990 223.466979980
X 286.482147217 -27.533388138 193.426834106
W 7.428843021 -158.022521973 264.967224121
W 250.957199097 -202.760757446 -22.538814545
X 283.952423096 -289.956665039 68.785728455
X 20241.416015625 -24592.214843750 31233.173828125
X 7360.496093750 -5262.766601562 3580.719726562
X -15004.039062500 1711.776855469 8899.996093750
X 5609.434082031 -14502.696289062 -3234.666992188
X 254.313232422 -28.222986221 41.161102295
W 235.959899902 -335.693786621 189.113815308
X 1.684898853 -261.671661377 178.233703613
W 106.698715210 -25.781364441 265.716644287
W 337.424896240 -101.558547974 192.200637817
X -2667.680664062 -2486.818847656 2944.127441406
W 115.439308167 -346.906463623 190.380065918
X 31.959871292 -88.123237610 17.214845657
X -2732.260253906 -1688.066284180 -2323.527587891
W 255.112274170 -67.555191040 279.465759277
X -13350.808593750 8381.022460938 -622.106872559
W 102.024223328 -35.058834076 5.809797764
X 235.932357788 -164.859481812 -33.864574432
X 125.434165955 -146.140029907 164.826293945
X 237.565994263 -324.399108887 79.346771240
X 1149.043090820 2044.110107422 6408.678222656
X 190.603332520 -110.101829529 146.256713867
W 270.847442627 -171.936309814 -15.467877388
W 132.208602905 27.075513840 167.223724365
X -754.592224121 7961.562011719 -2343.000488281
X 5701.937011719 7711.223144531 1448.476928711
X 228.393127441 -154.073699951 318.803619385
X 3517.298583984 2634.389160156 -3822.098388672
W 114.642471313 -53.058837891 -12.832552910
X 16568.820312500 32205.833984375 15327.032226562
X 293.686676025 -116.379379272 10.651907921
W 118.086921692 -274.371398926 -5.910254955
X 236.431915283 -812.055053711 235.817306519
X -6908.311035156 -130.432586670 2568.607177734
X 4654.304687500 -2448.969970703 4310.044921875
X 272.700012207 -277.553649902 208.635879517
X 459.190734863 -3904.742675781 3220.346679688
X 4309.689941406 7463.669433594 -1526.336669922
X 332.841369629 -179.623184204 225.957565308
X 329.847290039 -215.763732910 61.382293701
X -412.871856689 3594.496337891 7397.128906250
X -3834.569580078 4275.336425781 8542.699218750
X 2477.449707031 -1902.077880859 -3498.882812500
W 143.207702637 -86.744911194 -36.139957428
X 19.542215347 -236.561889648 34.772815704
X 15.686846733 -284.601989746 114.211318970
W 228.975463867 13.843325615 175.336105347
X 91.188362122 -330.948913574 -286.118621826
X 1967.581665039 2650.249511719 1382.842163086
W 206.839019775 -311.517242432 31.946056366
X 4554.733398438 2582.139892578 -4014.769042969
X 353.246948242 -136.478958130 130.690032959
X -267.750366211 -4204.061523438 -4050.644287109
X -76.384033203 -6066.215332031 2963.480224609
X -1638.918945312 -3436.752441406 -7028.167480469
X -2693.755615234 24777.589843750 -31642.830078125
W 51.126632690 -298.358917236 235.401535034
X -7465.454589844 -12729.456054688 -665.694702148
X 230.134109497 -124.339897156 87.390609741
X 4781.566406250 -2973.084228516 -2040.846069336
X 294.360504150 -206.349441528 269.795166016
X -492.883331299 -1503.276733398 2016.377319336
X 17020.167968750 -1033.135009766 -4311.909179688
X 927.407409668 951.648620605 1029.375366211
W 132.162200928 -190.865280151 332.683837891
X 263.286254883 -279.183868408 36.282455444
X 263.396179199 -4.908023357 124.755584717
X 8912.658203125 10216.536132812 19499.072265625
X 76.171134949 -321.815246582 213.125396729
X 352.245666504 -163.841781616 159.468994141
W 261.294067383 -245.770904541 -0.640009642
W 358.816833496 -170.575790405 151.319808960
X -426.219909668 -1136.688720703 1979.431030273
W 13.968840599 -36.403041840 153.158203125
X -6272.372558594 5890.914550781 3980.904296875
X 222.676803589 -161.185043335 56.147258759
W 342.656341553 -235.841476440 130.539779663
X -11776.371093750 -4470.195312500 10490.399414062
X 203.367843628 -340.785278320 164.177963257
X 145.788192749 -71.556198120 298.755706787
X -5528.163085938 455.632843018 8681.235351562
X 1095.216674805 -963.731079102 -643.796447754
X 173.706588745 -188.140701294 156.762664795
X -21862.117187500 6842.884765625 4324.998046875
W 302.209167480 -62.867473602 227.394134521
W 123.885368347 -193.475112915 -45.312652588
X 922.503723145 711.261169434 -98.822044373
X 2553.750732422 -411.384002686 -945.878662109
X 5951.876953125 2059.286621094 3683.940185547
X 3291.939941406 4916.167968750 948.761413574
X 218.887954712 -1246.684570312 99.188682556
X -12.854214668 -255.085205078 149.426635742
W -34.191143036 -208.323135376 139.646743774
X 135.940551758 -38.501140594 230.796127319
X -11417.241210938 10428.997070312 -3230.182861328
W 280.249359131 -138.470031738 -7.153446674
X -71.704536438 305.083526611 1370.688354492
X 2186.527343750 4292.726562500 -206.804656982
X 157.081771851 -128.390884399 101.899063110
X 284.723571777 -274.044281006 243.798049927
X -15.125817299 -82.260993958 124.353256226
W 63.131362915 -246.681427002 291.352813721
W 116.615325928 15.737194061 78.270439148
W 71.664199829 -163.869659424 -31.718774796
X 205.279464722 -190.342315674 327.369384766
X 3132.419921875 -5534.498046875 -2356.753417969
X 218.670150757 511.141174316 -289.634277344
X 16.071521759 -192.278915405 148.300918579
X 7304.607421875 11722.478515625 -3508.598876953
X 170.311950684 -19.522407532 24.768833160
X 233.432601929 -139.843734741 34.218044281
X 147.121902466 18.889270782 208.305038452
X 151.659347534 -243.412536621 220.382385254
X 220.296325684 -45.119121552 281.345581055
X 105.835029602 -223.921554565 14.066480637
X 300.507568359 -32.048969269 112.180221558
X -1646.995605469 6234.097167969 1553.295166016
X 183.532699585 -93.427330017 175.095596313
X 102.466926575 -207.733444214 88.122718811
W 97.477210999 -143.442123413 322.590759277
X 173.453948975 -129.844070435 84.795768738
X 9.827775002 -136.323028564 20.252405167
W 156.426422119 16.531177521 66.741081238
X 176.569122314 -117.306907654 -31.374006271
X -15316.645507812 14006.706054688 3062.622558594
W 58.478496552 -71.910827637 276.111907959
X 32.611438751 -164.567489624 3.666407108
X 17232.062500000 7891.482910156 -341.443267822
X 4107.029296875 7033.009765625 6453.482421875
X 345.440185547 -110.992195129 173.061157227
