533

I 6373.686523438 1877.308227539 -6117.070800781
Z -2660.882324219 -1763.448486328 2587.655761719
Z -1226.973999023 152.191986084 -2249.833496094
Z -718.259460449 2803.897705078 61.389904022
Z -204.354858398 205.816268921 -80.006584167
W -1994.338989258 -529.361206055 571.130371094
I -6572.251953125 5388.021972656 -295.260864258
I -4525.725097656 299.901794434 -9538.310546875
Z 64.511734009 -2502.604492188 -24154.435546875
Z -1874.630371094 -26.789859772 358.455780029
W -189.175430298 724.886657715 -799.817565918
Z 4797.063964844 -4063.549072266 -1769.456787109
W 366.751556396 81.387413025 405.849792480
I 6357.723632812 3119.205810547 4343.691406250
Z -27.395645142 35.353553772 -116.054565430
I 5987.583984375 -1436.692382812 13654.364257812
V 559.822021484 -226.746978760 -729.288879395
V 460.492340088 20.974988937 221.549163818
I 639.904846191 -2072.198730469 -7918.353027344
W 838.689453125 -262.900939941 668.618774414
I 314.745056152 7840.296875000 2195.088134766
Z -1711.972900391 309.075134277 206.313034058
W 592.220581055 -137.055953979 316.619903564
Y 11579.616210938 9299.247070312 -543.575683594
I -1511.862792969 -4170.456542969 -4799.954101562
I 812.641967773 -187.763488770 631.070922852
I 757.307983398 -305.044647217 645.272766113
I 8701.760742188 1079.810913086 2054.881591797
I -7684.212402344 4259.636230469 1821.640380859
I -2239.599365234 2803.796142578 -9178.150390625
V 548.246520996 -253.078735352 464.195617676
Z -1741.093261719 316.467590332 221.488845825
I -7602.883789062 -1825.048706055 1279.604736328
Z 1559.391967773 -2165.476074219 1551.990234375
W -484.553161621 241.792831421 -1027.456787109
I -5137.210937500 -2917.829589844 -3796.432373047
I 1418.372436523 3637.649658203 7231.079101562
Z 2877.961425781 -3253.538330078 -548.060974121
V 129.345809937 -271.628356934 268.213317871
I 8180.195800781 -655.821960449 -1431.766235352
Z -1653.179565430 -991.967712402 1290.918334961
W -289.015747070 553.752075195 -1004.912048340
Z -1525.556762695 971.051330566 -536.546203613
W -1565.490478516 -131.122314453 296.128784180
I -12788.207031250 4292.416992188 -23.673698425
W 267.582305908 -282.398193359 466.774902344
I -17614.480468750 23161.101562500 14647.016601562
Z -589.266906738 2019.509155273 258.375183105
I -2716.266113281 6025.921386719 3799.685058594
I 10001.817382812 5401.866210938 -721.546875000
I -6846.560546875 5483.828125000 -489.934051514
Z -2745.777832031 668.602539062 -1628.450195312
A -347.450897217 477.827972412 -489.046691895
C 903.634582520 -176.260238647 486.622161865
W -1750.605224609 -318.465240479 347.162261963
Z 362.987548828 2280.230712891 -34.974422455
A 160.327850342 943.288208008 -666.327575684
Z -1845.421264648 -2139.870849609 151.539901733
Z 5458.717773438 4001.183349609 -3546.803955078
Z -24650.437500000 6059.294921875 -19003.439453125
W 7.844533920 531.253356934 -782.127868652
I 348.827453613 -375.805084229 -7294.292480469
I 4093.799804688 1869.142211914 -6083.888671875
C 868.715270996 -199.517028809 613.481872559
V 568.520568848 90.195816040 323.724151611
C 645.235778809 -185.292602539 719.935668945
W 442.410217285 -383.351196289 336.885498047
Z -1785.012451172 1177.242553711 1145.930175781
W 794.936523438 -118.083801270 838.817077637
Z -237.056045532 144.440002441 190.855575562
Z 2699.413330078 56.198692322 -1252.862304688
I -7181.537109375 5048.820312500 1620.283447266
W 802.502563477 -108.196273804 852.154724121
V 435.055908203 -195.548217773 277.583282471
A -55.817165375 -747.891357422 629.693847656
W -769.706176758 -528.934997559 -250.567840576
Z -885.542236328 -1068.629638672 2347.788574219
Z -618.176940918 1156.776611328 -2580.540039062
W 1064.758056641 -538.252868652 638.539062500
W 297.620086670 1041.395751953 -570.830749512
Z 2717.617431641 -8735.397460938 16320.896484375
I -3902.842285156 -4445.916503906 -8756.465820312
W -4213.075683594 -4106.114746094 -4840.713867188
W 733.952514648 -292.266571045 631.256835938
Z 459.876556396 3.248938084 542.070434570
Z 1914.231079102 -484.107696533 875.168823242
C 624.709777832 -172.129989624 549.969299316
V -201.609451294 1176.182250977 -738.223327637
I -2292.871582031 -2372.756103516 -8445.504882812
W 727.178344727 -53.010826111 311.888488770
Z 1033.265258789 2201.711425781 -588.752197266
W 543.975585938 113.281822205 289.999664307
I 17266.880859375 -5889.312011719 -18888.277343750
Z -1156.195068359 908.264038086 -246.670150757
V 145.423904419 -460.135986328 19.091812134
W 381.196990967 -243.292831421 366.841705322
I -7471.014160156 -30220.662109375 3807.984130859
W 70.313034058 -548.394775391 -1197.742065430
W 910.918212891 29.591348648 554.907409668
I -8485.525390625 2486.615722656 1491.203247070
W 601.548217773 -22.315963745 139.648971558
I 8264.773437500 -1117.077636719 6160.635742188
Z -4459.065917969 9562.950195312 9377.511718750
A -86.475921631 -1234.663085938 -823.241271973
W 626.977172852 -224.217025757 824.969299316
I 4335.923339844 -6061.290527344 -7095.609375000
I -3571.490234375 3101.048339844 -4453.339843750
V 180.740005493 -449.397338867 -34.861019135
Z -97.272689819 15.474154472 -100.669998169
V 148.845001221 -421.694244385 -62.525466919
W -5008.437500000 -3347.143798828 -1993.383789062
V 322.810943604 -2134.421875000 -1036.011718750
Z 2051.486816406 -674.658508301 997.289916992
I -1296.435913086 5047.056152344 5140.366210938
Q 421.483703613 235.943161011 322.321380615
G -5673.295410156 -1422.020263672 5527.476562500
W 171.129501343 853.611450195 -2995.424316406
I -634.106445312 -30772.523437500 -7599.941894531
Z 1586.599975586 2236.221191406 1632.146728516
I -201.401580811 3513.693115234 6501.206054688
W -21.304004669 994.148925781 -959.145324707
C 936.789184570 -313.611175537 633.527465820
I -1356.352294922 6470.854492188 7484.157714844
I 883.262817383 -257.887634277 642.622314453
I -20919.550781250 -16085.625000000 -18703.666015625
W 620.749694824 -337.285491943 686.202514648
W 871.007202148 -197.001403809 727.904663086
Z 354.901763916 272.970611572 -268.983886719
V 948.811401367 276.054809570 -524.195800781
Z 3911.373535156 -1979.400024414 -45.033359528
W 1975.713623047 -1277.683837891 655.420410156
W 761.091613770 -256.523803711 630.389587402
W 641.444458008 -554.116516113 726.187866211
V 76.608474731 223.566177368 83.123512268
W 1899.447875977 436.531188965 -1782.954711914
I -2503.500000000 -13650.673828125 4306.929199219
Z 526.216613770 -83.765151978 516.312316895
W 543.252868652 104.140106201 313.538482666
I 9751.927734375 -8713.756835938 -2245.489990234
W 851.525695801 -270.803161621 701.061889648
W 134.195877075 927.530273438 -723.596557617
V 489.149047852 -34.499443054 248.279129028
V 374.828460693 -237.661941528 542.645141602
Z 346.698425293 -2518.123535156 1345.890136719
Z 4102.834472656 -2245.607421875 -1100.570922852
I 13799.125976562 -4696.125976562 -20308.158203125
A 124.693595886 -14.574456215 -727.206237793
I 282.730041504 728.637268066 -9721.617187500
I -13356.826171875 -3666.770263672 3144.894287109
Z 295.139678955 -2440.141113281 2370.030029297
Z -8586.392578125 -6271.165039062 -1558.175903320
W 586.805847168 -170.427429199 188.737182617
Z 1236.786132812 1913.303833008 -555.213439941
I 6974.673339844 6605.857910156 1166.002563477
Z -1231.045410156 2420.081298828 2637.928710938
Z 53.182052612 -1.961967826 -138.653320312
C 611.370178223 -256.054840088 648.881591797
V 438.052612305 -194.713317871 427.229522705
W -307.394622803 -173.170074463 -228.866271973
W 2033.676025391 430.519042969 -1235.190063477
Z -2584.949707031 1055.347778320 2541.343505859
Z -4280.770507812 3459.447753906 -4785.757324219
Z 552.431518555 2460.148193359 -287.889160156
W 855.835449219 -425.797912598 440.135467529
V 485.945678711 -268.442840576 353.158386230
Z -4880.412109375 -4562.506835938 -659.801086426
A 63.025726318 -1234.207397461 142.696258545
V -556.264099121 711.682067871 -302.849884033
W -596.498291016 1069.748046875 362.919250488
A 1038.588012695 -299.051666260 831.486633301
Z 584.986633301 -2556.657958984 753.900817871
W 807.789550781 -94.624893188 795.049865723
Z -2625.297851562 -602.338317871 -238.987976074
Z 568.097595215 -349.770050049 583.588256836
Z -1162.683349609 -2074.249755859 992.767272949
C 626.542602539 -189.577102661 830.912841797
I 5135.503417969 4047.274658203 4917.597656250
Z -963.992614746 -438.468109131 2757.579345703
W 676.508911133 -53.579257965 410.025512695
V 497.460113525 -193.693420410 385.745178223
I 1020.913757324 1166.120117188 -5014.813476562
A -461.013397217 -634.668701172 -1241.522705078
V 506.419647217 -1833.610595703 178.951568604
V 42.741241455 635.055725098 -356.580780029
W 571.369750977 -411.996368408 365.691680908
W 887.467346191 -301.051116943 621.617858887
Z 3723.649169922 9064.555664062 12164.364257812
Z 361.324493408 2656.135742188 -5.370324135
I -7271.710449219 -4895.024414062 -4583.855957031
Z 3684.203857422 -1778.915893555 -181.533905029
Z 792.988525391 -734.759826660 -2664.667480469
Z -140.073440552 -50.120269775 -260.746612549
I -5596.188964844 6695.994628906 3719.747558594
Z 5668.813476562 -11644.165039062 -3342.185546875
I -13582.308593750 17160.148437500 13950.462890625
W -1685.667358398 -1610.853027344 517.003723145
Z 773.779602051 -887.393066406 -2148.076660156
I -1027.563232422 6904.699707031 5810.848144531
Z 489.740509033 -213.774490356 293.873809814
Z -53.876815796 73.239883423 -251.835388184
Z -3484.648925781 1766.981689453 -2711.137939453
V 85.765022278 -825.776062012 -7029.990234375
Z -215.392303467 1274.600219727 2490.609375000
W 637.932800293 57.703056335 379.410919189
V 440.376403809 64.341812134 332.258941650
Z -1309.475463867 2046.130249023 481.636199951
I -2546.741699219 -6537.637207031 -1899.543579102
C 934.354431152 -175.191833496 364.001617432
I 1612.480346680 741.962158203 -5390.986328125
V 9.560462952 -396.606445312 -379.489746094
A -87.421531677 -449.559570312 887.291748047
Z -568.840393066 -2188.625000000 1778.544067383
W -628.214233398 345.142852783 -1313.317626953
I -835.857849121 -12232.415039062 -5492.677246094
Z 1376.870117188 222.516799927 -129.128143311
Z -1345.673706055 -2356.465332031 555.394470215
I -620.688842773 -3127.187011719 -5088.293457031
V -5677.456542969 -1395.072509766 -5657.794433594
I -1177.448242188 -223.862136841 -7723.459960938
W 615.628601074 616.410949707 -648.922851562
Z -1001.964904785 -375.437469482 2027.475341797
I 9293.627929688 4837.718750000 161.369293213
A 890.796508789 -274.973114014 471.460205078
Z -32.432960510 -225.865783691 -706.340881348
A 628.755126953 -188.304962158 257.569519043
W 628.849304199 -447.962829590 702.639160156
I 4154.956054688 -7336.911132812 -202.778289795
V -117.885780334 -2404.139160156 7782.027832031
I -534.319946289 -8232.080078125 1650.467407227
I -2498.824951172 13621.738281250 -32380.763671875
Z -119.731254578 145.514678955 -65.405502319
C 896.143371582 -258.442962646 696.540832520
Z -930.883972168 -668.447082520 -2477.962890625
V 277.178131104 -14.518769264 425.736145020
I -673.530578613 7399.332519531 -139.292892456
W 358.898925781 -370.219940186 433.668243408
Z 1664.989990234 -207.521942139 1697.194213867
C 615.660949707 -174.380859375 736.077697754
W -4913.423339844 1421.127197266 -4124.103027344
C 879.471984863 -155.725479126 703.219299316
Z 2278.660400391 -1456.489379883 1185.057495117
W 320.110931396 -182.923629761 275.418853760
W 777.766906738 -270.809753418 643.644409180
Z -1700.774291992 -587.768554688 2954.450439453
W 619.947998047 -230.113418579 629.217773438
C 943.408508301 -309.438293457 749.583496094
I 7940.614257812 1977.843017578 -4396.202148438
W 698.563598633 11.860826492 417.498962402
I 1028.454589844 5348.052246094 6060.889648438
Z -1232.450195312 598.615173340 -983.260864258
Z 24147.574218750 11166.933593750 2807.898437500
I 2992.257324219 -9929.873046875 -9088.723632812
W 660.079895020 -311.275543213 799.479614258
W 758.602355957 -227.997512817 632.954467773
Z 486.155792236 -2390.284423828 1153.944580078
Z 2056.655761719 -2612.634277344 2515.887451172
W 555.264404297 -144.284332275 119.177360535
W 36.253452301 1318.220825195 -1050.320678711
Z -10.792444229 -306.438018799 -268.089599609
Z 1961.568969727 -1852.978393555 1089.168212891
Z 712.517089844 2227.542724609 1325.977905273
W 661.945861816 1249.514038086 -212.787429810
I -9598.143554688 190.453262329 6389.808105469
V -749.864746094 -110.919548035 -58.715072632
W -1414.991699219 -515.854248047 133.886489868
Z -2270.151367188 -2690.901855469 -3377.648437500
W 356.235900879 -13.401264191 409.854827881
W -1422.130737305 -276.618469238 326.619659424
A 878.728576660 -417.412963867 723.597167969
W 560.045776367 -585.244750977 632.683715820
G 821.814147949 2970.266845703 6899.927246094
Z 1503.537353516 2036.090942383 614.037231445
W 251.673339844 -356.224578857 261.273101807
V -1042.894042969 2194.791992188 -586.723388672
Z -2342.570556641 -1405.144287109 101.822898865
Z -2921.256347656 -13977.352539062 7213.020019531
C 628.771484375 -112.069290161 719.529052734
W 330.613464355 -277.411437988 497.373443604
I -2907.081298828 -5854.631347656 -4510.987304688
Z -1739.260864258 622.480712891 329.448608398
Z 2752.309082031 12290.371093750 7872.627441406
I 1009.906860352 3223.118652344 7430.602050781
C 659.232727051 -253.138320923 578.360595703
W 568.906250000 19.664819717 163.406356812
W -1773.285644531 -206.785690308 295.414733887
W 1373.895507812 -292.118927002 405.898254395
V 275.707885742 -90.367721558 465.810577393
Z -1832.419067383 -1732.794677734 -1971.144042969
Z 1396.870849609 -2558.700927734 -725.213012695
I 10295.483398438 -794.771301270 228.866241455
I 262.304565430 -287.569610596 337.432220459
I 4466.833984375 -7365.782714844 -659.262145996
Z -141.809814453 -258.059112549 -240.648666382
C 823.732727051 -166.857330322 398.395751953
Z 6821.461425781 -1110.341308594 6067.819335938
C 644.376098633 -478.578063965 680.119812012
W 186.139770508 1311.757446289 -870.061584473
Y 387.793640137 -493.680786133 549.530517578
Z 1374.059326172 -336.262573242 -2651.453613281
V 454.843200684 -124.796356201 186.649154663
W -1952.886840820 -540.985717773 559.524902344
Z -2015.295043945 -434.540100098 197.165863037
Z -6918.937500000 -642.384338379 -2148.591308594
Z 1554.968383789 -675.237304688 -2527.444824219
I 7480.554199219 941.131591797 4955.882324219
Z -2111.154296875 -321.442291260 408.215667725
I -12523.900390625 -18188.283203125 14013.955078125
I 2185.610839844 -3159.648681641 7365.841308594
V -57.991458893 851.774169922 74.139450073
Z 402.155822754 1902.988525391 -946.967529297
Z -4539.458496094 -10837.499023438 -7983.085937500
V -2810.314941406 4605.675292969 -3787.541748047
I 6035.079589844 -1849.085815430 6676.706542969
Z -1728.498046875 -1825.545410156 1194.320312500
Z -106.079170227 -157.307525635 -0.173301771
W -1379.793334961 97.091667175 -98.725860596
V -73.397155762 -431.315612793 -698.728210449
Z -1469.462402344 1106.515502930 70.854927063
Z 293.404327393 -65.695457458 -361.360290527
W -557.766601562 -399.979003906 -984.192260742
W -629.175964355 -712.492797852 -529.731506348
W 426.631317139 -349.797119141 388.063934326
W -1706.627929688 -337.524658203 346.661560059
V 211.549758911 -5004.491210938 -2465.295654297
V 529.805419922 -7.623010159 161.741821289
I -1489.677368164 -5876.999511719 -1044.725219727
W 794.044311523 -169.848114014 721.391357422
V 524.186340332 -107.712753296 329.551666260
Z 357.172882080 -2438.114257812 -1597.401733398
W 779.637329102 -285.813385010 308.483489990
I 191.797134399 3379.046630859 -6760.342773438
W -4796.625488281 -2947.551513672 -1844.540039062
Z 217.948852539 1647.597290039 -1831.141479492
Z -1556.540039062 -2208.305664062 -1391.294799805
V 350.216979980 -272.104553223 233.437347412
W 1005.890747070 -303.106140137 648.996948242
W 1080.026855469 -65.904090881 360.843933105
Z 475.904876709 -1570.332031250 199.619216919
I -8609.500000000 2633.047607422 1042.738159180
V 530.589477539 62.032531738 481.243041992
I -4278.256835938 5151.878417969 3298.250000000
Z 1370.281860352 345.421966553 1506.021606445
V -45.962734222 -507.453308105 -236.125991821
V 518.661743164 -360.584503174 422.834960938
I -4266.398437500 6000.602539062 11432.534179688
V 44.984710693 -337.697662354 -212.267349243
I -8660.634765625 24136.140625000 -2223.163818359
W 773.998901367 -242.924362183 595.949401855
W 783.829833984 -282.615081787 674.892822266
Z 3116.203125000 -2833.862792969 123.742744446
Z 1787.133422852 -1854.892333984 -162.009918213
I 125.225013733 -1174.309326172 7886.104003906
W 819.351074219 -190.305191040 570.151000977
W -2242.017822266 919.233642578 374.372772217
Z 12202.035156250 4573.162597656 -7792.090332031
W 443.315399170 -386.655731201 371.586303711
I 64.760353088 -456.919952393 -1101.627563477
W 138.109558105 825.928833008 -1314.473754883
W -2053.213378906 -1164.934814453 80.158523560
Q 685.650634766 47.676918030 441.267944336
V -762.413818359 -365.512664795 229.488769531
W 536.787048340 -371.002258301 298.324920654
I 2772.537597656 -8798.673828125 -4832.491210938
I 987.995239258 6747.210937500 4461.680175781
V 596.646972656 -229.863082886 476.268524170
C 706.187500000 -244.478576660 411.896362305
V 5151.251953125 2994.776855469 938.274414062
W -1765.046508789 -140.375015259 331.425109863
Z 4.923695087 1369.531982422 183.647842407
W -1639.228881836 -498.193054199 217.381668091
W 648.756103516 18.773559570 773.878662109
I 3215.535400391 5721.778808594 -813.997619629
V 434.334655762 -350.752990723 310.546447754
Z 1986.614624023 1344.129028320 -1154.776489258
C 652.851623535 -44.233566284 796.587158203
I 8914.850585938 -10712.440429688 -1143.560302734
I -3091.433837891 4832.064453125 -1006.948669434
C 712.855468750 -234.823715210 660.082397461
I -2310.465332031 131.969467163 -10023.805664062
V 284.131988525 26.761690140 329.091613770
W -374.966400146 -927.655578613 -498.163970947
W 1004.293762207 -339.096771240 750.195861816
V 1550.684692383 -5730.111328125 -4774.591796875
I -11267.896484375 8765.042968750 -12357.621093750
C 682.044982910 -277.587249756 658.061401367
W -1779.782592773 -325.077423096 360.816314697
V 264.568939209 -254.493988037 433.231201172
W 460.268341064 73.005821228 331.639984131
W -1287.087890625 15.037423134 378.262634277
V 849.920410156 815.904418945 -914.547851562
Z -11073.815429688 5127.547363281 -9609.653320312
V 501.910827637 67.398086548 359.522521973
C 851.355163574 -312.407897949 737.752746582
V 642.510253906 -91.404418945 -813.574707031
V -278.022186279 1098.518188477 -919.273498535
W -7910.206054688 -2805.390136719 1296.197509766
C 842.968139648 -177.587966919 611.720336914
V 563.469238281 -76.759895325 9.045593262
V 502.989288330 -4662.223632812 -5041.187011719
Z -3.619719028 -41.599578857 -220.463958740
Z 918.369812012 -208.285736084 698.671508789
W 764.269165039 -372.067932129 811.324035645
C 849.989257812 -248.905380249 526.751281738
W 498.716247559 -317.845336914 270.618774414
I 14471.921875000 -17656.248046875 22381.740234375
I 7656.676269531 -5587.356445312 3742.474609375
Z -12149.054687500 1392.863281250 7132.926269531
Z 4864.898437500 -12885.281250000 -2917.000000000
Z 1472.488891602 1511.184082031 -1133.895507812
Z 1036.941894531 -552.790649414 1116.346191406
Z -1722.392456055 -1567.591186523 519.744750977
W 746.557556152 -141.291885376 829.750366211
V -284.233520508 -463.271240234 771.549621582
I -4036.981689453 -3588.086181641 4173.439941406
A 651.097412109 -360.958862305 625.553588867
Z -126.756477356 -68.876533508 -158.425674438
W -4246.529296875 -2487.127929688 -3628.154296875
Z -195.982131958 -633.436889648 -4.127669811
Z -11732.298828125 7318.317871094 -609.698669434
A 289.153686523 -1089.393432617 -27.001722336
W 689.837646484 -82.641555786 202.850814819
Z 1947.035156250 -993.487731934 -1161.415527344
W 441.216613770 -348.428894043 256.174499512
I 1280.615722656 2404.338134766 7743.753906250
Z -1196.525756836 -2694.991455078 -353.573730469
C 900.312316895 -253.085678101 593.443908691
C 865.546875000 82.179306030 616.869506836
I -887.282470703 8703.183593750 -2622.267333984
I 5788.231933594 8030.352539062 1423.927124023
W -73.069740295 203.278640747 -1323.781494141
I 4360.496093750 3507.205322266 -5108.183105469
A 971.938354492 -181.226989746 663.748352051
I 12077.292968750 23621.892578125 11167.975585938
W 553.067504883 -54.577728271 196.420578003
W 540.688903809 -222.443832397 425.080352783
Z 271.489471436 -2856.441650391 469.308502197
I -8040.038574219 -111.767608643 2958.631835938
V 5493.698730469 -3007.423095703 5259.024902344
Z 1806.696655273 -1709.385620117 1376.797729492
I 380.069244385 -5475.809082031 4501.579101562
I 4487.814941406 8067.143554688 -1742.037231445
Z -162.806747437 45.016204834 -142.178863525
Z 330.640289307 5.052037239 1090.514648438
I -611.918395996 3971.815917969 8207.663085938
I -3940.228271484 4239.281250000 8477.071289062
V 3377.274902344 -2638.173828125 -5240.748046875
C 933.800598145 -227.909973145 670.767150879
I -253.368850708 -905.821899414 -678.855529785
Z -13.849313736 88.021041870 -173.827804565
V 479.349670410 100.138153076 295.335479736
Z -445.108215332 -1293.746582031 -2781.373779297
I 2782.552246094 3998.774169922 2135.350097656
A 754.552185059 -273.836761475 258.743682861
W 5443.625000000 3219.777343750 -5080.597656250
W -1392.851562500 -306.453277588 374.584899902
I -499.062469482 -5517.089355469 -5433.684570312
V -271.082427979 -7462.908203125 3579.109375000
I -1873.085449219 -3851.248779297 -7887.419433594
I -2030.387817383 18119.826171875 -23175.597656250
C 614.096679688 -339.462402344 640.796508789
I -6876.174316406 -11619.409179688 -666.203002930
Z -2113.751220703 -313.975463867 1086.640380859
V 6111.298339844 -3834.309570312 -2863.515136719
Z 1.791333795 61.389461517 -149.601745605
V -1239.302612305 -2743.100097656 3831.382568359
Z 14518.380859375 -884.257690430 -3762.830566406
Z 1839.329345703 2182.912597656 2169.937500000
C 109.040817261 -100.522071838 464.689331055
W 520.388732910 -302.767456055 212.412948608
V 515.253967285 120.298667908 262.161254883
Z 7046.098144531 8129.089355469 15490.284179688
Z -150.477981567 -42.598621368 -141.324142456
Z 1621.118164062 -1233.147338867 1124.912841797
W 538.500732422 -260.616027832 290.317626953
W -750.657409668 -251.326171875 -813.533020020
V -1159.815917969 -2008.470947266 4018.013427734
W 636.355895996 -55.708972931 809.411437988
I -6595.545410156 6094.986328125 4067.514404297
Z -1273.181762695 230.114578247 2238.008544922
V -59.737754822 609.310729980 -301.807769775
I -10388.503906250 -3944.955566406 9166.798828125
W -1762.582031250 -307.873596191 331.854492188
W -1675.729492188 -329.936584473 342.052520752
I -5631.002929688 431.691925049 8694.765625000
Z 2370.894042969 -2062.541259766 -1881.167480469
Z -535.286743164 1827.347290039 -1653.534301758
I -17657.957031250 5488.133300781 3417.783691406
Z 1790.047241211 -961.607055664 805.565002441
W 1156.360839844 -354.443939209 627.376037598
Z 2455.446777344 2277.660888672 -566.662475586
Z 3930.770019531 -451.120086670 -1732.764892578
I 6948.352050781 2523.894042969 4290.552246094
I 4064.621582031 6373.270507812 1133.442382812
Z 148.089736938 -3551.416992188 -82.609733582
Z 22.964286804 156.670471191 -108.856048584
C 788.114318848 -301.455322266 717.252380371
Z 2446.066162109 -445.002410889 1324.633178711
Z -10178.744140625 9292.273437500 -2973.496826172
C 941.721496582 -153.587158203 -609.334655762
Z -444.984100342 1052.046264648 3302.130615234
I 2862.765380859 6147.860839844 -412.202392578
Z -1774.805908203 658.594726562 1166.683105469
W -348.004638672 1072.432861328 -847.680053711
Z -138.465606689 262.388275146 -81.080116272
C 620.779541016 -341.388092041 713.574096680
W 394.818634033 86.152946472 304.505462646
V 950.779724121 -423.501922607 -327.625488281
W 107.151535034 680.285766602 -1648.759155273
I 3645.448486328 -6867.592285156 -3052.675537109
Z 323.542846680 2159.124267578 -1402.602905273
Z -1889.055053711 -1315.517333984 427.805511475
I 6549.411621094 10696.249023438 -3285.200927734
I -1501.042968750 -30.191375732 284.119995117
Z -1148.184082031 -406.709808350 2358.169921875
W 324.458557129 -18.256174088 293.003814697
Z -1287.360839844 763.805541992 -977.923522949
Z 825.889221191 -236.894989014 857.344238281
V 516.451904297 -320.755615234 -939.837951660
Z 720.014160156 2.017541170 381.914001465
I -2115.675537109 7566.847656250 1754.561767578
V -199.432846069 -639.575988770 -1115.721069336
Z -718.438964844 1742.497802734 -351.904846191
W 269.341491699 -154.862411499 475.381286621
Z -2417.420654297 -437.558746338 533.086914062
Z -26.389305115 31.139812469 -199.605865479
A 873.056823730 71.789665222 615.965698242
W -1111.010864258 -516.590209961 34.846088409
Z -12406.953125000 11323.176757812 2433.342529297
C 631.361145020 -100.676765442 792.692932129
Z 609.139343262 -314.004791260 -65.111389160
Z 13945.087890625 6408.997070312 -328.348175049
I 4034.209472656 7089.346679688 6394.001464844
W -728.914611816 -812.000976562 -140.205535889
