533

A 340.122558594 -48.216442108 123.216804504
A 92.758171082 -169.144287109 366.523010254
A 300.109680176 -130.229766846 398.671722412
A 245.603805542 -270.518035889 249.162963867
A 376.449798584 -38.029869080 290.349365234
A 391.911102295 -89.171424866 260.613220215
A 281.752136230 -197.198959351 280.360534668
A 277.327178955 -99.529800415 397.491394043
A 298.748260498 -4477.418457031 -42699.730468750
A 388.098144531 -125.253730774 237.073043823
A 105.915374756 0.961975217 112.903144836
A 284.782897949 -71.138603210 353.630126953
A 279.777313232 -251.138137817 195.127975464
A 350.476104736 -25.771635056 339.132110596
A 61.915412903 -43.437316895 135.917999268
A 2937.093261719 -675.974975586 6480.817871094
A 229.563049316 -119.699356079 422.135803223
A 167.402954102 -249.559875488 327.312347412
A 87.144874573 -155.088912964 253.056457520
A 282.868560791 20.830249786 117.174201965
A 207.637786865 86.041374207 294.155120850
A 384.523925781 -122.737075806 268.511169434
A 195.679382324 -123.546951294 424.919555664
A 5347.793945312 4035.085937500 3.609904766
A 267.587432861 31.212629318 366.201538086
A 273.851074219 -263.098693848 271.050689697
A 303.617401123 -6.797688961 375.232666016
A 384.401672363 -62.638492584 286.907073975
A 365.861145020 -174.029052734 210.939437866
A 170.668380737 -47.737457275 88.268997192
A 188.052810669 79.185531616 169.571319580
A 382.533905029 -92.412193298 294.306060791
A 385.117309570 -52.781215668 208.719009399
A 285.071228027 -238.158111572 321.450653076
A 362.528533936 -173.358581543 292.921539307
A 77.742103577 -167.874847412 134.257690430
A 225.625579834 -3.075786352 404.542816162
A 89.409454346 50.080230713 259.783050537
A 380.379272461 -117.447174072 187.641204834
A 29.593814850 -94.380302429 281.313903809
A 339.285888672 -128.277175903 119.381263733
A 110.032287598 -89.962509155 82.362838745
A 130.095016479 14.005831718 107.593017578
A 251.498077393 -225.913467407 361.265655518
A -998.611450195 335.758636475 252.561477661
A 266.053527832 -13.346401215 86.166412354
A -41140.605468750 54356.890625000 34548.839843750
A 182.978088379 82.877685547 288.973358154
A 131.182617188 48.266937256 336.515930176
A 125.941635132 -139.209579468 249.918426514
A 57.760738373 18.947536469 235.425018311
A 44.226020813 -54.155990601 159.710647583
A 81.350975037 -132.103805542 107.836791992
A 114.810554504 -187.031433105 371.420440674
A 224.370834351 89.629402161 273.554748535
A 185.875213623 -271.146240234 283.488281250
A 132.177337646 45.116340637 140.346206665
A 82.895736694 -228.453338623 254.989990234
A 68.605300903 -188.633361816 318.690093994
A -56565.777343750 13949.948242188 -43616.199218750
A 105.607276917 -63.987327576 88.445228577
A 206.447387695 -85.488128662 427.647155762
A 109.159362793 -155.849945068 384.096160889
A 154.172622681 -234.372238159 346.586425781
A 65.462219238 -213.577362061 238.198089600
A 290.003051758 -195.403594971 114.541740417
A 222.642715454 94.142646790 250.215148926
A 329.233306885 -226.576980591 211.373397827
A 336.035034180 -214.254013062 280.048583984
A 376.243652344 -161.761947632 242.007781982
A 374.995971680 -73.874412537 164.285217285
A 337.361175537 -149.732803345 192.398681641
A 320.378082275 -204.281616211 152.570495605
A 79.231819153 35.700790405 286.640380859
A 91.277412415 -222.014953613 310.873199463
A 50.772647858 -138.947647095 151.667327881
A 290.048217773 -33.125202179 89.053665161
A 243.923858643 -172.614181519 403.695465088
A 293.684051514 17.155624390 364.643707275
A 184.022491455 12.942162514 87.606590271
A 3484.809082031 -10669.260742188 20059.636718750
A 275.385101318 -10.820451736 393.457763672
A 119.367919922 -200.913162231 122.042930603
A 322.758209229 35.483749390 310.083953857
A 171.806396484 -141.274765015 67.088684082
A 43.357219696 -151.379348755 312.169860840
A 361.170257568 -75.552864075 141.334381104
A 212.566925049 -221.789749146 371.261138916
A 259.269805908 -38.403354645 412.444549561
A 161.529602051 -174.229095459 401.746093750
A 111.507469177 -206.679550171 351.566223145
A 139.767868042 -261.713836670 244.249557495
A 33612.027343750 -11458.204101562 -36511.984375000
A 362.874542236 -120.168243408 335.875976562
A 117.838714600 -230.214797974 161.269149780
A 376.544128418 -132.132095337 295.043060303
A -16874.781250000 -69167.648437500 8840.340820312
A 120.644393921 -131.098312378 81.239440918
A 268.655120850 -162.446334839 402.804565430
A 377.497924805 -144.601730347 197.910385132
A 61.161853790 -103.100151062 358.950134277
A 57.036483765 -75.756118774 138.835968018
A -2253.407958984 5184.503906250 5349.623535156
A 98.740493774 -185.315643311 124.543617249
A 324.565490723 -117.767509460 104.528862000
A 135.200973511 19.927150726 356.111785889
A 300.142700195 -189.727478027 365.237121582
A 190.776779175 -239.512939453 131.435836792
A 63.209163666 -79.088264465 118.873985291
A 186.713943481 -204.926559448 99.806404114
A 39.218173981 -165.310455322 201.181869507
A 307.484741211 -231.156631470 179.249450684
A 47.778194427 -20.076404572 174.825134277
A 248.919921875 -227.975631714 124.621116638
A 196.896911621 -276.355316162 213.812683105
A 341.386260986 -78.682632446 117.102516174
A 180.725448608 -46.002433777 63.779403687
A -1302.584716797 -71030.289062500 -17339.105468750
A 136.249511719 -231.708999634 144.468536377
A 237.854339600 -141.396926880 88.030136108
A 129.539642334 -11.918236732 93.445587158
A 200.665161133 -57.889682770 424.230499268
A 234.801605225 -199.099624634 122.817268372
A 70.511268616 -70.138679504 367.501770020
A -48707.542968750 -37651.300781250 -43590.917968750
A 368.374450684 -15.678766251 295.049041748
A 308.968750000 -238.720657349 204.013687134
A 297.950378418 -161.213821411 386.361145020
A 20.554510117 -84.920242310 256.909637451
A 41.527706146 -9.807521820 239.432556152
A 282.778503418 -68.588996887 409.989044189
A 188.231170654 -6.653346539 405.247314453
A 325.792449951 41.736423492 195.828247070
A 265.495849609 55.850593567 144.385574341
A 326.215087891 -72.646400452 102.327209473
A -715.296386719 -5067.637207031 1773.216674805
A 180.945846558 -169.057098389 74.146606445
A 166.677719116 -264.604919434 295.010528564
A 801.723876953 -645.906494141 92.629745483
A 252.874389648 79.458625793 288.325469971
A 151.290283203 54.648269653 139.761260986
A 96.683227539 -209.294723511 330.865722656
A 250.610153198 -69.548049927 61.020591736
A 225.592437744 -263.594970703 314.619079590
A 37.733337402 -22.093864441 265.683868408
A 25573.015625000 -8700.792968750 -37161.097656250
A 247.563583374 -139.195739746 417.252563477
A 226.984481812 -121.194343567 229.476516724
A -3471.243164062 -1033.924804688 1105.481445312
A 203.510589600 33.568420410 106.209358215
A 78.039916992 -183.935272217 218.818038940
A 69.316490173 -41.212490082 360.126037598
A 261.572692871 68.957748413 171.869552612
A 81.640365601 -222.211486816 218.525695801
A 132.671188354 26.165691376 367.386230469
A 56.495399475 9.144448280 195.644287109
A 342.124328613 -26.852899551 138.630401611
A 184.819396973 -88.490966797 54.864986420
A 332.909942627 -180.302795410 343.333648682
A 35.028610229 -110.526199341 313.217590332
A 62.231590271 -156.214660645 149.020401001
A 72.903465271 -22.012561798 145.429061890
A 217.477005005 91.233505249 204.506698608
A 242.664352417 49.930957794 355.265747070
A 117.519927979 56.406723022 176.634765625
A 71.924064636 -213.999755859 202.510604858
A 64.193374634 22.220354080 212.673080444
A 56.377231598 -195.646575928 266.086944580
A 84.543380737 45.495639801 222.411239624
A 314.848388672 -238.288467407 251.583435059
A 161.145904541 77.607421875 184.905761719
A 285.968139648 -234.990966797 155.630111694
A 28.341129303 -132.716033936 227.887924194
A 223.488525391 11.321545601 87.690132141
A 312.174194336 60.052677155 225.930557251
A 329.885284424 -154.134155273 121.785606384
A 326.510406494 3.015993357 344.516693115
A 274.764831543 -53.883892059 74.815132141
A 140.839065552 -257.324218750 293.992065430
A 148.281845093 82.408523560 234.566146851
A 253.580703735 -38.867729187 73.370239258
A 37.177845001 -113.255805969 167.741714478
A 375.176818848 -17.109336853 253.671447754
A 282.568817139 -186.753143311 380.285125732
A 167.649734497 71.989479065 316.622314453
A 156.695495605 -9.640457153 403.971954346
A 3558.797119141 8298.220703125 11357.193359375
A 223.762634277 91.878570557 226.978118896
A 79.335357666 -186.860443115 150.543518066
A 363.119842529 -187.169235229 242.320144653
A 165.813735962 -72.066062927 423.025512695
A 40.573703766 -16.200895309 208.598098755
A 324.251831055 -215.538711548 175.885726929
A 688.674865723 -1085.904785156 -51.656322479
A -25751.406250000 32787.187500000 26766.417968750
A 41.269916534 -165.889358521 280.606018066
A 276.342987061 -146.661712646 78.733451843
A 216.235107422 -227.871292114 116.874656677
A 68.276229858 29.771810532 258.393524170
A 35.723205566 -45.435035706 183.911315918
A 339.198669434 -159.178863525 352.102630615
A 210.377532959 -118.310272217 58.888191223
A 239.230529785 -189.562622070 86.285140991
A 127.093101501 -243.709609985 315.990631104
A 153.880981445 -162.233383179 81.972625732
A 107.179489136 62.381271362 249.213531494
A 147.346389771 -260.469787598 193.275833130
A 138.776275635 -180.859329224 389.029785156
A 250.338531494 -92.464439392 64.187934875
A 49.873008728 -188.946105957 208.740585327
A 240.762054443 -11.653711319 78.191360474
A 266.470397949 39.708038330 123.992591858
A 77.848060608 -92.664375305 105.876411438
A 144.620529175 -1170.121459961 -246.297988892
A 56.519847870 -136.937866211 342.735229492
A 342.949218750 35.239955902 222.835235596
A 224.670379639 -47.937931061 421.132843018
A 76.644676208 -115.230224609 115.046577454
A 235.397644043 -98.392631531 424.201019287
A 220.800918579 -28.708702087 65.634254456
A 290.305450439 -85.759704590 79.558044434
A 350.490203857 -15.522723198 233.727554321
A 170.648117065 -49.313476562 419.947906494
A 239.546112061 66.418312073 149.877304077
A 97.975357056 1.594347477 360.687225342
A 282.576873779 68.445915222 186.890457153
A 270.711242676 -258.630523682 222.006256104
A 205.614196777 -53.122379303 60.784301758
A 187.731887817 -262.047363281 240.370727539
A -6084.917480469 34020.484375000 -80778.101562500
A 48.830017090 -107.134269714 143.189727783
A 135.682968140 -142.753005981 406.417633057
A 143.046203613 -130.017852783 70.831214905
A 185.240249634 -125.077766418 59.894752502
A 182.700286865 91.120384216 244.801528931
A 216.947219849 84.467002869 183.987945557
A 374.188568115 -72.482139587 317.774627686
A 306.262176514 -136.211486816 93.633636475
A 351.656127930 -160.669479370 327.556976318
A 256.966644287 -242.741958618 334.490814209
A 69.375526428 13.487032890 174.117156982
A 332.313812256 -208.248519897 309.893005371
A 343.393585205 22.352460861 193.105895996
A 307.682342529 -104.309211731 88.431243896
A 364.785675049 -151.338439941 168.114608765
A 314.384765625 -40.055988312 100.776550293
A 44.757156372 -126.028213501 328.273773193
A 173.098510742 -223.702880859 367.370117188
A 229.894744873 28.333471298 379.897613525
A 363.798675537 -148.412094116 319.888305664
A 47939.902343750 22098.837890625 5749.773925781
A 609.109008789 -1441.137573242 -958.323364258
A 368.925140381 -114.777770996 158.843856812
A 215.400039673 -275.790039062 236.433441162
A 161.774765015 68.765968323 160.856430054
A 284.295013428 -216.832580566 351.327758789
A 56.317195892 -29.676336288 333.636535645
A 150.199432373 -40.010162354 70.270324707
A 346.208129883 -57.565216064 358.555389404
A 313.941070557 -230.148818970 297.952697754
A 253.070724487 71.520393372 315.580963135
A 173.635223389 53.995265961 127.623703003
A 49.484939575 -85.159408569 340.935913086
A 347.380218506 18.987560272 286.798767090
A 28.906551361 -69.396972656 294.622772217
A 326.145080566 -36.930599213 372.388244629
A 264.866058350 -176.917694092 89.728164673
A 39.668090820 -172.970504761 252.652496338
A 275.864837646 52.170146942 335.445953369
A 324.517913818 -109.548591614 382.652465820
A 212.743865967 -17.017484665 413.188049316
A 279.485076904 76.874229431 267.309661865
A 279.371185303 66.343765259 306.275207520
A 315.692993164 -200.881790161 347.142181396
A 35.036693573 -162.784927368 233.142181396
A -2723.543945312 -13902.330078125 7299.169433594
A 290.081390381 -164.933212280 96.114410400
A 341.619964600 -2.001406193 152.348495483
A 110.996726990 -225.150405884 281.302215576
A 25.084285736 -118.762985229 273.547027588
A 1448.434082031 5648.684570312 3933.800781250
A 206.869766235 35.531013489 185.612976074
A 366.588867188 -25.145431519 175.095184326
A 136.977539062 -209.979263306 366.375152588
A 119.969512939 -26.032987595 396.105468750
A 360.101318359 -180.473632812 189.604858398
A 234.281982422 -127.535209656 62.444450378
A 113.454048157 -159.336776733 97.255905151
A 152.816040039 -126.450851440 416.239105225
A 32.261539459 -76.111389160 228.507888794
A 310.409301758 61.145217896 262.868530273
A 301.193511963 -249.043380737 231.081481934
A 334.169097900 11.154747963 327.196014404
A 216.800460815 -146.117172241 417.468872070
A 160.188125610 -89.751579285 166.467895508
A 327.239471436 47.339622498 249.934753418
A 157.220733643 29.164060593 110.567436218
A 239.432159424 44.646141052 120.380653381
A 128.265609741 -98.294029236 411.120758057
A 203.942947388 -192.610122681 396.052368164
A 376.469360352 -53.459556580 187.347259521
A 346.307861328 -206.401718140 210.375671387
A 377.892303467 -69.444747925 261.954925537
A 100.618400574 -59.073940277 391.142608643
A 362.035125732 -75.382148743 339.543579102
A 390.377197266 -99.777145386 238.211410522
A -23965.054687500 -35190.832031250 27190.130859375
A 169.829971313 -3.192623377 86.507408142
A 91.602569580 45.740516663 192.842559814
A 213.706085205 -248.263702393 338.616119385
A -970.330932617 -2944.138427734 -1849.989135742
A 117.884788513 30.670623779 135.077575684
A 324.266204834 -130.329315186 377.594879150
A 349.669616699 4.883236885 174.353256226
A 29.981695175 -45.794498444 209.777877808
A 386.661834717 -92.728729248 207.785766602
A 27.129629135 -82.934188843 188.114364624
A 178.641433716 16.717267990 389.737518311
A 315.023742676 -53.112270355 387.797851562
A 103.159317017 -124.704490662 91.478836060
A 27.444475174 -52.047031403 272.275115967
A 257.427093506 85.953605652 223.099304199
A 151.914245605 -5.964357853 84.021636963
A 195.275756836 68.391998291 331.692840576
A 53.171325684 -65.231048584 343.124023438
A 255.134490967 85.633911133 252.748565674
A 298.113769531 -247.113800049 281.540679932
A 56.868328094 -183.214340210 300.501342773
A 218.045166016 -255.065368652 160.700744629
A 121.686729431 59.152713776 307.667877197
A 201.014251709 -9.253046036 72.654205322
A 55.066001892 -178.746780396 177.660751343
A 192.903747559 44.519027710 117.875450134
A 301.938903809 38.925468445 332.676055908
A 127.225357056 76.759109497 261.191802979
A 184.187576294 -94.105827332 425.533294678
A 275.851989746 -130.146148682 410.349670410
A 375.171234131 -108.688690186 312.730407715
A 381.690002441 -137.581237793 221.550827026
A 149.266098022 -223.865966797 128.000473022
A 98.017883301 38.606998444 321.008239746
A 308.496612549 47.847023010 180.188491821
A 355.035369873 -92.971527100 351.200073242
A 215.638473511 79.549774170 312.927185059
A -280.036682129 604.730712891 1494.638183594
A 227.900268555 -211.841857910 100.136962891
A -16287.995117188 45702.265625000 -3963.436035156
A 143.895828247 -39.428924561 407.891662598
A 375.906219482 -149.481979370 275.766632080
A 333.260375977 -221.677597046 256.153656006
A 53.564235687 6.646660805 267.849426270
A 198.689361572 -87.152046204 61.978130341
A 161.281188965 -206.147445679 381.283843994
A 357.256072998 -132.836074829 142.510604858
A 7616.723144531 2700.856445312 -4457.360839844
A 185.143692017 92.805931091 224.069335938
A 308.705261230 -76.037780762 398.604400635
A 125.399406433 -49.103199005 79.692565918
A 31.704610825 -141.523117065 280.231719971
A 102.594032288 -211.892959595 151.323776245
A 249.562667847 -264.039337158 194.871688843
A 250.789550781 -8.851321220 401.616394043
A 255.364013672 -243.309906006 155.093826294
A 230.206878662 63.639423370 336.124328613
A 207.803039551 56.490638733 349.904052734
A 208.123138428 40.009525299 371.496124268
A 362.543060303 5.300158024 272.391540527
A 187.677368164 -268.142089844 189.331527710
A 103.568237305 -244.077850342 218.507736206
A 140.398452759 10.225147247 385.038177490
A 305.751190186 -223.061538696 327.958160400
A 135.779235840 -261.354095459 270.151702881
A 125.771125793 73.353233337 221.747528076
A 314.353607178 18.240041733 140.151824951
A 259.800933838 -254.308776855 169.966308594
A 1716.348266602 -1928.180541992 0.666429818
A 105.948005676 59.288879395 212.567138672
A 324.249786377 -182.306365967 136.517028809
A 157.926910400 -99.010772705 63.158451080
A 190.349700928 -256.973327637 162.634689331
A 40.899581909 -25.328605652 293.710937500
A 152.272109985 -251.701980591 169.816986084
A 169.383239746 47.615219116 358.430389404
A -13099.166992188 10218.026367188 -14241.086914062
A 308.985992432 -69.040725708 88.109733582
A 148.844680786 -181.411590576 91.597084045
A 359.390808105 -43.780147552 151.553741455
A 202.659805298 -275.687683105 266.354522705
A 273.537536621 -257.484771729 293.589111328
A 167.056030273 -145.943389893 415.881896973
A -9525.503906250 4478.290039062 -8158.003417969
A 277.574920654 -262.015258789 238.830551147
A 326.266632080 43.009944916 284.218444824
A 278.240020752 -101.434883118 71.140182495
A 104.401184082 -26.360752106 100.547180176
A 378.204589844 -24.895998001 215.616073608
A 170.071487427 -273.652221680 245.258163452
A 53.707218170 -6.455697060 304.854431152
A 183.911804199 32.669010162 375.345123291
A 65.411239624 -4.062740326 153.396347046
A 93.365432739 -226.923416138 186.564697266
A 351.566864014 -100.468399048 127.128036499
A 130.485733032 -66.817245483 409.563354492
A 68.608337402 16.068679810 305.782745361
A 33782.273437500 -41048.753906250 52137.386718750
A 345.753204346 -191.276428223 305.988494873
A -6335.500488281 729.722412109 4010.704345703
A 1407.468872070 -3228.624023438 -510.497497559
A 129.764617920 -229.674652100 337.539062500
A 133.975616455 70.466827393 184.889266968
A 364.204345703 -2.625525475 200.247528076
A 269.918365479 -210.991638184 116.731880188
A 36.324996948 -142.109786987 183.185531616
A 314.421752930 4.266974449 123.543411255
A 252.998550415 82.082916260 193.703567505
A 321.642822266 -156.604370117 371.422027588
A 78.877075195 -148.298324585 118.838356018
A 125.426376343 -184.070404053 103.244331360
A -3075.143066406 1970.154663086 87.417617798
A 264.215698242 -211.033599854 370.915100098
A 155.640319824 -100.970420837 420.438690186
A 344.118072510 -165.596771240 144.560119629
A 143.356979370 71.601539612 295.824035645
A 202.745651245 -23.978281021 404.465667725
A 127.583244324 -258.989898682 219.059555054
A 100.753303528 -88.585159302 399.471801758
A 234.445312500 -271.978332520 216.417022705
A 225.919830322 -252.703186035 304.879547119
A 282.798889160 1.449403524 243.503204346
A 131.130447388 -94.855155945 70.075889587
A 322.592193604 -16.562772751 120.786254883
A 250.335189819 -194.876174927 390.709594727
A 25771.935546875 50072.660156250 23893.386718750
A 77.151206970 -133.847457886 367.847869873
A 258.152557373 16.985208511 385.782165527
A 232.989562988 -272.609069824 272.304229736
A 376.395874023 -90.789863586 177.705566406
A 82.512176514 -28.791601181 118.014450073
A 90.131401062 33.548023224 171.323562622
A 224.386627197 -235.662551880 353.785217285
A 296.881927490 66.407951355 207.852783203
A 37.152702332 -81.531715393 164.733779907
A 43.185657501 -43.509956360 312.588562012
A 219.428482056 -168.493667603 74.452705383
A 140.089935303 -22.359479904 381.521270752
A 98.357131958 -36.401550293 382.290191650
A 219.787353516 -173.831253052 407.245910645
A 362.855499268 -43.237125397 326.860992432
A 350.948638916 24.950344086 252.579956055
A 158.142272949 -267.792144775 216.771728516
A 256.205169678 -59.227554321 417.431762695
A 120.108337402 -245.264526367 185.600982666
A 156.932846069 58.754352570 337.459350586
A 73.662528992 -161.076126099 350.605590820
A 23.295186996 -122.983848572 247.101745605
A 176.340698242 -221.594467163 116.812812805
A 209.384201050 76.571578979 158.073242188
A 165.138259888 -30.291334152 271.662078857
A -4262.587402344 39180.140625000 -50068.167968750
A 313.772064209 32.208011627 157.452148438
A -439.060729980 -1184.379882812 165.511398315
A 75.208236694 -182.200180054 339.566101074
A 345.946472168 -190.435791016 173.783187866
A 84.781547546 -58.133659363 103.810447693
A 263.086578369 13.017176628 99.534385681
A 7324.818847656 -471.741119385 -1631.267211914
A 355.892852783 -7.664418221 312.419433594
A 227.801803589 -73.706329346 58.256343842
A 98.184799194 20.461769104 341.961761475
A 109.823623657 -251.013259888 255.044586182
A 8400.800781250 9590.886718750 18351.261718750
A 292.087890625 45.324798584 152.105117798
A 21.567258835 -95.987709045 210.180328369
A 89.635375977 -19.016483307 368.725616455
A 18.409280777 -67.521804810 235.546585083
A 298.143768311 -212.310760498 136.829544067
A 345.747558594 -209.055984497 242.455261230
A 96.072006226 7.674705982 300.555236816
A 82.171287537 -98.246002197 380.183105469
A 29.658250809 -37.300079346 241.160614014
A -3345.542236328 -1346.932128906 3292.755126953
A 162.358184814 84.872215271 208.540557861
A 199.220046997 -186.089508057 80.706626892
A 116.455627441 -90.377052307 375.931488037
A 71.447875977 -6.730669498 334.715667725
A 102.800056458 34.275554657 151.007369995
A -20025.654296875 6344.447265625 4113.912597656
A 78.192817688 -202.698776245 171.196884155
A 246.421356201 -83.280403137 424.202819824
A 102.107681274 -240.367172241 287.038757324
A 34.781124115 -84.937545776 315.051483154
A 304.260009766 19.302806854 317.045043945
A 297.551483154 62.547546387 285.943328857
A 172.598861694 86.068817139 268.483734131
A 365.108947754 6.718028545 230.667800903
A 386.583526611 -44.300537109 252.113174438
A 231.521392822 -243.796539307 138.599014282
A -2686.316406250 2497.287841797 -533.157409668
A 94.339523315 -124.356987000 385.502929688
A 237.284957886 -151.998489380 67.197410583
A 283.893310547 77.829223633 235.716018677
A 220.674728394 -207.992126465 385.495880127
A 86.073181152 4.068600655 134.868041992
A 362.953002930 -183.182220459 269.478210449
A 295.319244385 -6.649724007 103.913284302
A 249.377319336 -260.224243164 303.551910400
A 288.056640625 -101.888832092 413.406433105
A 149.376541138 -70.099395752 65.793716431
A 101.059516907 51.472812653 291.207336426
A 211.042755127 61.345710754 134.058532715
A 389.137878418 -66.308677673 229.329544067
A 259.377136230 -1.406505585 216.150680542
A 188.272750854 -237.571395874 352.984100342
A 117.788978577 -138.821151733 398.047485352
A 220.227951050 -266.496673584 187.799804688
A 232.574798584 27.550027847 101.155334473
A 152.308578491 -205.213348389 107.622863770
A 292.780914307 -32.588382721 394.875061035
A 72.291198730 -215.972549438 285.129364014
A 144.108123779 75.898933411 275.460021973
A 167.413925171 -247.363265991 152.108200073
A 329.493743896 -18.282983780 362.834320068
A 268.348693848 -123.708053589 70.385787964
A 178.690750122 -191.476074219 394.705017090
A 348.954895020 -123.193954468 357.017150879
A 192.060226440 -260.786529541 313.876983643
A 191.237945557 -156.180343628 413.112823486
A -11511.694335938 10563.650390625 2485.293457031
A 307.111694336 -174.453308105 112.043685913
A 334.164978027 -82.592178345 377.720306396
A 9808.707031250 4395.280273438 -23.338184357
A 269.782653809 32.419071198 347.025024414
A 28.681489944 -126.847381592 202.969879150
