533

A 408.020568848 -58.545143127 148.071746826
A 111.054260254 -203.114959717 438.625396729
A 358.776184082 -156.061004639 477.016845703
A 293.557067871 -323.527374268 297.239990234
A 451.337402344 -45.715656281 346.789886475
A 468.487884521 -107.514106750 312.045989990
A 337.761138916 -236.079513550 334.943542480
A 332.184783936 -118.841156006 476.082061768
A 357.272094727 -5361.494628906 -51143.546875000
A 463.902313232 -150.571640015 283.887359619
A 127.502197266 1.541257977 135.428298950
A 341.110107422 -85.027061462 424.912567139
A 333.818542480 -300.246246338 234.269073486
A 420.062042236 -30.443542480 406.761779785
A 74.315605164 -52.696708679 163.017608643
A 3517.969970703 -808.791625977 7763.357421875
A 274.443481445 -143.365386963 505.119293213
A 199.692703247 -299.012725830 391.550598145
A 105.001457214 -186.054489136 302.989166260
A 338.983367920 24.884790421 140.298797607
A 247.957885742 103.756019592 352.680603027
A 460.980041504 -147.428283691 322.428375244
A 234.630096436 -147.202850342 508.670227051
A 6404.714843750 4832.300292969 4.637114048
A 320.325469971 36.194156647 438.756774902
A 328.489288330 -315.551330566 324.883361816
A 363.950134277 -8.643916130 448.253356934
A 460.484008789 -75.035087585 343.243041992
A 437.829498291 -209.072433472 252.942291260
A 205.121490479 -57.118778229 105.531471252
A 225.973419189 94.620948792 202.579956055
A 457.446044922 -110.167922974 351.950164795
A 461.625549316 -63.563697815 250.017089844
A 341.973480225 -285.133392334 384.952026367
A 434.603515625 -207.817459106 352.038055420
A 91.952095032 -200.772338867 162.203765869
A 270.378479004 -3.448438644 484.899444580
A 106.406227112 60.376338959 310.735046387
A 456.331512451 -140.700439453 226.472183228
A 35.109664917 -112.451766968 337.417877197
A 406.064971924 -153.570755005 143.420944214
A 132.587921143 -108.084106445 98.245239258
A 155.191146851 16.512424469 128.919509888
A 301.025726318 -270.595428467 432.516296387
A -1195.885864258 402.762207031 302.964111328
A 319.514343262 -16.227329254 102.597305298
A -49275.378906250 65104.906250000 41380.156250000
A 219.161895752 99.141921997 347.222381592
A 156.034805298 58.441589355 402.430419922
A 150.579849243 -167.577545166 299.823638916
A 68.880500793 23.239782333 281.252838135
A 54.272960663 -64.081878662 191.192459106
A 96.862876892 -158.950042725 130.931304932
A 137.420715332 -223.755203247 444.878448486
A 268.773559570 106.635314941 328.100402832
A 222.472488403 -324.984375000 338.773284912
A 157.665435791 54.563476562 167.136993408
A 99.651107788 -273.570526123 305.872985840
A 82.406768799 -226.621429443 382.751556396
A -67749.976562500 16708.722656250 -52240.414062500
A 126.743171692 -77.079360962 106.178970337
A 246.901489258 -103.282058716 512.735046387
A 129.949188232 -186.578750610 459.975219727
A 184.987564087 -279.752593994 414.947845459
A 78.783164978 -255.320938110 285.397338867
A 347.159729004 -233.452194214 136.926925659
A 266.919189453 113.824684143 299.298736572
A 395.044006348 -271.569885254 252.946228027
A 402.054290771 -256.237609863 335.748382568
A 450.357818604 -194.469512939 290.905883789
A 448.755737305 -87.676391602 197.018188477
A 403.185089111 -179.714889526 230.542633057
A 383.138854980 -244.303573608 181.971191406
A 94.774093628 41.721382141 343.191253662
A 108.856651306 -266.691986084 372.962219238
A 61.195812225 -166.960800171 181.151336670
A 346.207489014 -39.961532593 106.510879517
A 292.878784180 -207.965972900 482.763793945
A 351.460449219 19.877668381 436.427185059
A 220.775421143 15.171771049 106.099685669
A 4174.253906250 -12779.140625000 24026.203125000
A 328.921600342 -14.669226646 471.373657227
A 142.239181519 -241.349212646 146.894363403
A 384.686401367 42.233566284 370.597076416
A 205.786941528 -169.337051392 80.570259094
A 52.306312561 -181.435317993 374.693176270
A 433.415557861 -89.723136902 169.502944946
A 254.706649780 -266.073394775 443.806610107
A 309.996643066 -45.859867096 493.050506592
A 194.023773193 -209.283554077 481.357391357
A 133.048828125 -246.202377319 420.768554688
A 168.394012451 -313.836608887 292.695892334
A 40258.074218750 -13723.219726562 -43731.691406250
A 434.099945068 -145.118133545 402.148498535
A 142.048980713 -276.236175537 193.494125366
A 450.345916748 -159.208450317 354.027099609
A -20210.640625000 -82843.804687500 10587.976562500
A 144.256286621 -156.109527588 97.431015015
A 320.994140625 -194.913970947 482.891021729
A 452.294586182 -174.425994873 238.137435913
A 73.247879028 -123.568481445 429.881622314
A 68.411537170 -90.271209717 165.618209839
A -2699.182861328 6210.263183594 6407.327636719
A 119.042579651 -221.475524902 150.132339478
A 388.054565430 -140.788650513 125.170837402
A 160.940246582 22.991018295 426.677337646
A 359.218872070 -227.627441406 436.507659912
A 228.310028076 -288.212371826 157.770751953
A 75.407051086 -95.141723633 142.661361694
A 223.511672974 -246.216171265 119.711708069
A 46.560779572 -198.313934326 241.464324951
A 368.476470947 -276.466369629 215.071075439
A 57.336017609 -23.257783890 210.355072021
A 297.711303711 -273.462280273 148.267379761
A 236.118103027 -331.188964844 256.455383301
A 409.691925049 -93.638008118 140.803024292
A 216.611755371 -55.014583588 76.530845642
A -1561.071655273 -85075.679687500 -20766.916015625
A 162.899200439 -277.189758301 173.437179565
A 286.072143555 -170.735839844 105.517921448
A 154.100372314 -14.502231598 112.485885620
A 240.234451294 -69.865409851 507.808135986
A 283.073394775 -239.246734619 147.204391479
A 84.579849243 -84.313522339 440.628173828
A -58340.105468750 -45095.914062500 -52210.488281250
A 441.680358887 -17.900888443 353.646392822
A 370.971771240 -286.527954102 244.398193359
A 356.323883057 -192.472229004 463.550964355
A 24.305957794 -101.874916077 306.640411377
A 50.054939270 -12.222406387 287.142608643
A 338.702392578 -82.650283813 490.757812500
A 225.288772583 -7.941229343 486.315368652
A 390.281433105 50.341819763 232.631607056
A 318.576965332 67.733322144 173.393447876
A 391.530548096 -86.901947021 122.909393311
A -856.655517578 -6070.078613281 2122.455322266
A 216.313125610 -203.317779541 88.771438599
A 199.750091553 -316.301300049 352.836425781
A 961.171752930 -773.535888672 111.075103760
A 301.467224121 94.793067932 345.741485596
A 180.825958252 65.869606018 167.038681030
A 115.507942200 -250.456375122 398.235870361
A 301.332061768 -82.137756348 73.675590515
A 271.314483643 -315.785644531 377.041656494
A 44.077346802 -27.114679337 318.591644287
A 30630.240234375 -10421.095703125 -44508.968750000
A 296.769195557 -166.117279053 499.983734131
A 273.077423096 -144.434997559 275.509674072
A -4157.246582031 -1237.984130859 1324.441040039
A 244.402786255 41.023056030 128.028854370
A 94.774322510 -221.138946533 262.411773682
A 83.744995117 -48.304698944 430.733978271
A 314.016326904 82.557922363 205.256332397
A 96.987190247 -264.956726074 261.966522217
A 157.556106567 31.417459488 440.181213379
A 68.147956848 11.512509346 233.951568604
A 408.811401367 -32.255996704 166.483932495
A 220.639770508 -106.691001892 65.375129700
A 399.067016602 -216.167312622 410.687286377
A 41.279182434 -131.660675049 373.760894775
A 75.279342651 -187.747467041 179.244445801
A 87.895919800 -26.349681854 173.507675171
A 260.501617432 110.116867065 244.257888794
A 289.597473145 59.820812225 425.213287354
A 140.520629883 67.753303528 211.684249878
A 86.267028809 -256.512847900 242.808105469
A 77.330780029 26.047466278 253.925582886
A 67.390548706 -234.281448364 318.083770752
A 101.171302795 54.564491272 266.091339111
A 377.015960693 -285.872833252 300.497894287
A 193.329147339 92.926437378 220.766677856
A 343.144256592 -280.851928711 187.220321655
A 33.825111389 -159.515548706 272.597106934
A 267.167907715 13.079509735 103.984161377
A 375.011871338 72.501953125 269.450256348
A 394.320983887 -183.940399170 145.653930664
A 391.165283203 4.043258190 412.260437012
A 328.160064697 -64.337348938 89.159217834
A 167.884979248 -307.997375488 353.229736328
A 178.423126221 98.314476013 281.307159424
A 303.244873047 -47.556823730 86.252265930
A 44.621852875 -135.438720703 199.743972778
A 449.928161621 -20.366552353 304.572998047
A 338.164886475 -223.397247314 456.282714844
A 201.032852173 85.802566528 379.453247070
A 186.434066772 -11.556583405 483.316314697
A 4262.535156250 9939.980468750 13602.734375000
A 268.128265381 110.026237488 272.461151123
A 95.059303284 -223.172286987 180.201843262
A 434.359405518 -225.227081299 289.283447266
A 198.483749390 -87.149909973 508.023956299
A 49.167671204 -19.830270767 250.478652954
A 389.083587646 -258.662170410 209.840850830
A 824.500732422 -1300.478637695 -61.701354980
A -30844.158203125 39269.386718750 32058.173828125
A 48.402046204 -199.597045898 336.645965576
A 329.541076660 -175.431274414 94.403648376
A 259.170623779 -273.207366943 139.471893311
A 81.872657776 35.722850800 309.079681396
A 42.689373016 -54.346248627 220.686355591
A 406.098144531 -190.680725098 421.744018555
A 251.897369385 -142.350494385 71.006370544
A 286.110076904 -227.529052734 102.676834106
A 152.313018799 -292.070831299 378.538482666
A 184.398300171 -194.568603516 97.066429138
A 128.250579834 74.020553589 299.354583740
A 176.304138184 -312.310546875 231.235321045
A 166.776000977 -217.455444336 466.145202637
A 300.979309082 -111.033477783 76.639801025
A 59.526226044 -226.453033447 250.365554810
A 289.267822266 -13.483543396 93.519905090
A 319.247802734 48.618007660 149.061340332
A 93.684768677 -110.138511658 126.895919800
A 173.380249023 -1401.553955078 -294.521362305
A 67.014289856 -163.333862305 409.907684326
A 410.545654297 42.596973419 267.043304443
A 269.692871094 -56.897521973 504.085205078
A 91.715095520 -138.529708862 138.146072388
A 282.425048828 -117.298912048 509.206451416
A 265.375091553 -35.577835083 78.322715759
A 348.712799072 -101.749893188 95.739418030
A 419.294403076 -18.495512009 279.491485596
A 204.336975098 -59.501781464 502.682891846
A 286.786895752 79.202888489 179.011886597
A 117.124168396 1.930972457 431.733734131
A 337.489593506 82.118980408 223.813842773
A 324.590789795 -310.213317871 266.229644775
A 247.062637329 -62.704296112 72.865463257
A 225.065856934 -313.233276367 287.608123779
A -7289.136718750 40747.589843750 -96750.679687500
A 58.222808838 -128.450317383 172.203689575
A 163.826980591 -170.799514771 484.612274170
A 171.649734497 -155.833175659 84.769165039
A 222.053848267 -150.489974976 71.443168640
A 218.531295776 109.432312012 293.448364258
A 259.342651367 101.334693909 221.404434204
A 448.739776611 -86.611610413 379.904266357
A 368.598663330 -163.334045410 111.990585327
A 421.628875732 -191.846313477 392.164215088
A 307.722808838 -291.221069336 398.984985352
A 83.805435181 15.423554420 208.863815308
A 397.568786621 -249.701446533 370.854309082
A 411.768737793 26.706073761 231.587173462
A 368.530334473 -124.837478638 105.760467529
A 436.274475098 -181.691772461 201.311050415
A 375.862335205 -46.669792175 120.199180603
A 54.476146698 -151.543701172 393.398071289
A 207.559005737 -268.145050049 440.105957031
A 274.948486328 34.350002289 455.346862793
A 435.509490967 -177.829010010 383.321441650
A 57419.542968750 26468.429687500 6886.517578125
A 729.900024414 -1724.585327148 -1147.329345703
A 441.450561523 -137.440887451 189.809738159
A 257.552825928 -329.587249756 282.149322510
A 193.832473755 83.597297668 191.947219849
A 340.968170166 -259.554260254 420.392150879
A 66.271011353 -35.080783844 399.688201904
A 178.901931763 -48.525131226 84.484245300
A 414.787445068 -69.248832703 428.632110596
A 376.009521484 -275.453643799 358.006591797
A 303.661346436 85.814926147 377.335235596
A 208.815734863 64.229682922 153.175003052
A 59.656311035 -102.183311462 409.144897461
A 416.635650635 23.766315460 342.861206055
A 36.283790588 -82.752204895 352.655364990
A 391.290313721 -44.156604767 446.615631104
A 317.389495850 -212.082138062 105.884567261
A 46.682117462 -207.524841309 302.760131836
A 330.250793457 62.416893005 403.388275146
A 388.974121094 -131.694625854 458.776184082
A 255.604904175 -20.567514420 494.932464600
A 334.846862793 91.171508789 319.401702881
A 334.142791748 78.610603333 366.304077148
A 377.921600342 -240.701675415 416.409362793
A 41.918666840 -195.757354736 280.097534180
A -3263.162841797 -16652.093750000 8742.453125000
A 347.341491699 -197.997772217 115.084480286
A 408.708160400 -1.712813973 182.544525146
A 133.836273193 -269.975433350 336.735015869
A 30.498350143 -141.707443237 328.389373779
A 1736.187255859 6765.729492188 4710.562988281
A 246.998413086 43.321075439 221.460327148
A 438.828643799 -30.182922363 209.418167114
A 164.063430786 -251.014999390 438.522735596
A 143.878646851 -31.390979767 474.090026855
A 431.855743408 -216.753326416 227.299896240
A 281.257690430 -153.201461792 75.634376526
A 135.465454102 -191.628372192 115.237884521
A 183.593505859 -151.348052979 499.014007568
A 38.784015656 -91.714088440 273.593902588
A 371.035949707 72.620887756 315.238494873
A 360.765502930 -298.374877930 275.864715576
A 399.867370605 13.052345276 391.607208252
A 260.513854980 -174.762680054 501.144744873
A 191.941329956 -106.963569641 200.000549316
A 391.818878174 55.728843689 298.887634277
A 188.192443848 35.487834930 132.216354370
A 286.913818359 54.419898987 144.452590942
A 152.558135986 -117.712341309 493.507080078
A 245.711425781 -230.268569946 474.191955566
A 450.929351807 -64.037811279 224.926864624
A 415.684600830 -246.846176147 252.101470947
A 452.132049561 -84.490318298 313.474700928
A 120.074607849 -70.987960815 469.629577637
A 434.118225098 -90.791946411 408.448669434
A 466.932220459 -120.501953125 285.997741699
A -28705.173828125 -42148.582031250 32566.718750000
A 203.645965576 -2.713109732 102.882026672
A 110.041328430 55.683864594 231.367675781
A 255.904663086 -296.908142090 405.592773438
A -1163.181396484 -3525.718505859 -2216.386962891
A 140.780410767 36.119926453 161.784027100
A 387.690246582 -156.278594971 452.029998779
A 418.289672852 6.036043167 208.589752197
A 37.273113251 -55.929477692 250.395492554
A 462.233459473 -111.559829712 248.263092041
A 32.277194977 -99.298339844 224.470932007
A 213.003265381 20.953628540 466.732482910
A 375.870117188 -63.817222595 464.739807129
A 123.543609619 -149.352584839 109.479072571
A 32.923980713 -61.374935150 325.631408691
A 307.549804688 103.710166931 266.674682617
A 182.364105225 -6.476540089 101.171875000
A 233.789825439 80.947273254 396.368560791
A 63.320549011 -77.826156616 411.211547852
A 305.302032471 101.264907837 303.415802002
A 355.245880127 -295.849609375 337.657531738
A 67.303482056 -220.488967896 359.217559814
A 260.415771484 -305.934967041 192.755020142
A 145.973327637 70.394477844 368.703063965
A 241.961563110 -11.682815552 86.154876709
A 65.096725464 -214.401046753 213.554702759
A 231.922851562 53.507186890 140.807815552
A 361.478088379 47.055080414 398.120513916
A 152.487258911 91.571868896 313.159637451
A 220.478530884 -112.185722351 509.292846680
A 330.126159668 -155.589401245 491.942962646
A 449.055633545 -129.859237671 374.529724121
A 457.101745605 -165.079559326 265.411895752
A 179.015548706 -268.087005615 152.716384888
A 118.179145813 46.984466553 383.410888672
A 369.583679199 57.366069794 217.283279419
A 424.420288086 -111.330139160 419.609436035
A 258.991027832 95.169425964 375.153472900
A -336.503143311 723.520202637 1790.947143555
A 273.794525146 -253.018203735 120.716369629
A -19509.267578125 54739.332031250 -4748.064453125
A 173.650863647 -47.005542755 488.022308350
A 449.139892578 -179.274414062 330.416229248
A 397.856048584 -265.316741943 305.304595947
A 64.663154602 7.128050327 320.506286621
A 238.568115234 -103.628570557 74.825897217
A 193.466888428 -246.578933716 455.892395020
A 427.235626221 -159.665390015 170.167190552
A 9121.357421875 3234.667236328 -5337.563476562
A 221.562194824 110.395500183 267.919525146
A 368.957031250 -90.735023499 476.647216797
A 150.118316650 -57.726161957 94.675483704
A 39.988780975 -171.076110840 335.636627197
A 122.261566162 -253.974090576 181.378677368
A 298.869720459 -316.016021729 233.966125488
A 300.798126221 -10.020201683 481.828704834
A 304.425506592 -290.474273682 185.446868896
A 274.811828613 75.328773499 402.078430176
A 248.664611816 67.766555786 419.506530762
A 248.840072632 48.120510101 445.711547852
A 434.004669189 7.367712021 326.194305420
A 224.714187622 -320.484802246 226.668441772
A 122.722343445 -292.739990234 260.720031738
A 168.576782227 12.264362335 460.580169678
A 367.127960205 -267.610839844 393.795227051
A 162.230102539 -313.862426758 324.490234375
A 150.964218140 88.590278625 264.415283203
A 376.080596924 21.643344879 167.475601196
A 311.036346436 -306.114929199 203.634109497
A 2056.093505859 -2308.840576172 1.781519771
A 125.912406921 71.009132385 254.382202148
A 387.679626465 -219.385559082 163.191680908
A 189.160614014 -118.542251587 76.382385254
A 228.113693237 -307.734893799 195.137420654
A 49.508136749 -30.694656372 352.183074951
A 183.788711548 -300.590209961 203.164474487
A 202.139770508 58.117309570 429.062194824
A -15688.610351562 12238.571289062 -17056.335937500
A 369.819305420 -82.350326538 106.100143433
A 178.198623657 -217.987792969 109.675399780
A 430.485961914 -51.813018799 182.238327026
A 244.005676270 -330.343841553 319.873077393
A 327.731811523 -308.877319336 351.250000000
A 199.894546509 -174.499786377 498.752990723
A -11408.093750000 5364.522460938 -9770.256835938
A 333.160705566 -313.818786621 286.420654297
A 390.245727539 52.282798767 340.475769043
A 332.912536621 -121.534263611 84.876380920
A 126.026664734 -31.214136124 120.283882141
A 452.346221924 -29.977684021 258.497039795
A 205.212493896 -327.871459961 294.703369141
A 64.127151489 -8.324928284 364.914642334
A 219.966766357 39.783054352 449.848175049
A 78.341056824 -4.906146049 181.704101562
A 111.933860779 -271.917114258 223.254333496
A 420.457519531 -120.197090149 152.334426880
A 156.246246338 -79.564468384 491.294433594
A 81.492828369 20.450885773 366.498809814
A 40462.042968750 -49164.957031250 62446.972656250
A 414.752990723 -228.357116699 365.392150879
A -7587.451171875 873.398071289 4803.923339844
A 1685.977050781 -3867.217529297 -611.245056152
A 155.237442017 -275.386871338 405.351715088
A 160.510055542 85.834419250 221.989410400
A 437.154571533 -2.872743130 239.601882935
A 323.081695557 -252.264785767 140.130630493
A 44.866355896 -170.272140503 219.000228882
A 376.319549561 5.508878231 147.647994995
A 303.339294434 99.547210693 230.191741943
A 383.197113037 -189.093093872 443.053741455
A 93.680725098 -177.453140259 142.173767090
A 150.376937866 -221.500640869 123.803977966
A -3683.341552734 2359.343505859 104.020355225
A 316.403045654 -251.936904907 444.763122559
A 187.558105469 -120.876815796 504.619598389
A 412.841918945 -198.649047852 173.725555420
A 171.866363525 84.664138794 353.271728516
A 242.322814941 -28.357574463 485.674774170
A 152.071533203 -310.474700928 263.008300781
A 119.535003662 -106.215934753 478.873962402
A 280.647308350 -325.678680420 259.710388184
A 270.713714600 -303.915405273 365.619537354
A 337.972808838 0.633464694 291.759399414
A 157.019088745 -113.528518677 83.027359009
A 387.291809082 -20.489192963 144.449447632
A 299.427917480 -233.822463989 468.462799072
A 30866.310546875 59974.292968750 28618.490234375
A 91.917648315 -159.714492798 440.654144287
A 308.808441162 21.149602890 462.023712158
A 279.994720459 -327.545440674 325.707427979
A 451.175506592 -108.490982056 212.556777954
A 98.122932434 -34.559520721 141.423187256
A 108.554725647 41.157882690 204.611389160
A 268.482604980 -282.557617188 423.921936035
A 355.406463623 79.276412964 248.261184692
A 44.567127228 -97.053695679 197.135040283
A 52.643321991 -51.413116455 373.755645752
A 262.843627930 -201.629257202 88.449966431
A 167.694442749 -26.077348709 456.633178711
A 116.872917175 -43.179470062 457.755462646
A 263.856811523 -207.760986328 488.444610596
A 434.044555664 -52.530929565 391.275573730
A 419.677459717 29.789251328 302.635711670
A 190.025741577 -320.716217041 259.199279785
A 307.217468262 -69.414794922 501.352569580
A 143.887603760 -294.095245361 222.414581299
A 187.497283936 69.977867126 404.599853516
A 88.152229309 -193.027587891 419.529907227
A 27.867546082 -147.411056519 295.076477051
A 211.941299438 -265.227081299 139.442916870
A 251.551635742 91.363121033 189.121231079
A 197.118133545 -36.772579193 326.045318604
A -5106.513183594 46928.058593750 -59967.714843750
A 376.140899658 38.768928528 188.785308838
A -525.886535645 -1418.473876953 198.058212280
A 90.128822327 -217.578109741 407.228149414
A 414.635742188 -228.582260132 208.354644775
A 101.506546021 -70.530738831 125.322921753
A 314.620574951 16.182516098 119.293518066
A 8773.630859375 -564.251647949 -1954.576171875
A 425.690673828 -9.182216644 374.634490967
A 274.143005371 -87.709381104 70.528724670
A 118.139488220 24.516115189 408.772674561
A 131.032592773 -300.873748779 306.193634033
A 10062.441406250 11487.050781250 21978.406250000
A 350.611633301 54.934894562 181.555145264
A 25.352127075 -115.150207520 251.022308350
A 107.540565491 -21.284929276 442.617919922
A 21.313583374 -81.973197937 282.266387939
A 358.274291992 -254.401321411 163.955978394
A 415.223785400 -250.300537109 290.846405029
A 114.918884277 9.702416420 360.121124268
A 98.185096741 -116.764060974 455.610717773
A 37.026931763 -44.716793060 289.367950439
A -4006.619873047 -1613.547241211 3943.857666016
A 195.861953735 102.077407837 249.659057617
A 239.804382324 -222.507568359 96.646690369
A 139.328659058 -110.083145142 449.331634521
A 85.104492188 -8.276251793 400.476745605
A 123.917732239 40.999206543 181.125991821
A -23985.878906250 7599.205566406 4927.395996094
A 94.110748291 -242.155929565 205.859603882
A 295.514190674 -100.192062378 508.315948486
A 122.480155945 -286.374694824 342.894805908
A 41.614974976 -101.630706787 378.140869141
A 364.629516602 23.700521469 380.439819336
A 356.773406982 75.375923157 343.362548828
A 207.466812134 103.405189514 321.720550537
A 438.025238037 8.113692284 276.518646240
A 462.744140625 -53.184490204 301.871002197
A 277.892333984 -291.824188232 167.393127441
A -3217.617187500 2990.733642578 -639.176208496
A 111.481674194 -149.865493774 461.432067871
A 284.997619629 -182.845214844 79.797409058
A 341.315093994 94.640380859 281.910339355
A 265.138488770 -250.524475098 462.161254883
A 103.778244019 6.581555843 162.723281860
A 434.398101807 -219.899673462 322.468139648
A 353.808074951 -7.222944736 126.153205872
A 298.914154053 -312.049926758 363.528442383
A 345.610809326 -121.960617065 495.322662354
A 179.161956787 -83.297210693 79.461502075
A 121.385665894 61.521736145 347.581268311
A 253.368713379 71.350646973 160.512542725
A 466.098754883 -78.589279175 274.171081543
A 310.550018311 -1.859531522 258.650146484
A 225.052658081 -284.538757324 422.995880127
A 139.438507080 -166.561523438 476.462432861
A 263.699310303 -320.206939697 224.593505859
A 278.798248291 33.484470367 120.546813965
A 182.236694336 -244.427932739 129.043975830
A 351.082244873 -39.875827789 473.281219482
A 85.809417725 -260.215576172 340.781982422
A 172.624801636 91.002845764 329.914062500
A 199.774291992 -295.480041504 182.520767212
A 395.352203369 -22.203798294 434.293029785
A 322.158874512 -147.943710327 83.419952393
A 213.357513428 -228.805709839 472.626770020
A 417.501312256 -146.613616943 427.097503662
A 230.279998779 -312.750457764 375.386474609
A 230.280349731 -187.051254272 494.370971680
A -13787.655273438 12653.648437500 2976.533203125
A 367.796203613 -209.578567505 133.611145020
A 399.295471191 -98.574905396 452.103912354
A 11747.955078125 5264.533203125 -27.650588989
A 323.322265625 39.110774994 415.127105713
A 33.768730164 -151.726638794 242.848709106
