533

A 385.663696289 -55.298004150 139.692169189
A 105.127845764 -192.487258911 415.230163574
A 339.764343262 -147.246826172 451.001556396
A 277.463439941 -306.173339844 281.317169189
A 426.598419189 -43.415466309 328.170959473
A 443.591705322 -101.354454041 294.666900635
A 319.083831787 -223.170318604 317.309173584
A 313.730041504 -112.115768433 450.709167480
A 337.813659668 -5070.909179688 -48371.878906250
A 438.883483887 -142.428329468 268.668090820
A 120.140365601 1.357604027 128.159011841
A 322.435607910 -80.572784424 401.336181641
A 316.358093262 -283.918090820 221.661087036
A 397.180694580 -29.064432144 384.398437500
A 70.373252869 -49.326438904 154.211364746
A 3327.310302734 -765.388977051 7342.267089844
A 259.994812012 -135.717849731 477.621978760
A 189.072921753 -282.719604492 370.068634033
A 99.016532898 -175.981445312 286.930389404
A 320.484527588 23.641597748 133.233581543
A 234.712646484 98.040771484 333.400909424
A 435.951141357 -139.195007324 304.789886475
A 222.166213989 -139.501800537 481.549652100
A 6058.064453125 4570.696777344 4.024118900
A 302.926635742 34.610023499 414.708129883
A 310.509460449 -297.912506104 307.205871582
A 344.088562012 -8.014672279 424.140136719
A 435.259887695 -70.813598633 324.844604492
A 414.056243896 -197.180038452 239.730728149
A 194.006912231 -53.970821381 100.031005859
A 213.351104736 89.691146851 191.636505127
A 432.370635986 -104.472824097 333.246429443
A 436.696472168 -59.918903351 236.456359863
A 322.884429932 -269.601898193 363.723114014
A 410.866638184 -196.542678833 332.456085205
A 87.084030151 -190.338699341 152.922912598
A 255.783386230 -3.365125895 458.638183594
A 100.577262878 57.112129211 294.039611816
A 431.577667236 -133.710678101 213.799560547
A 33.149753571 -106.403366089 318.967773438
A 384.139984131 -145.380676270 135.703216553
A 125.062377930 -102.616195679 93.097869873
A 146.823699951 15.644403458 122.396087646
A 284.837677002 -255.996719360 408.688140869
A -1130.956542969 380.930847168 285.942687988
A 302.520629883 -15.239109039 97.008514404
A -46604.984375000 61576.847656250 39137.722656250
A 207.584579468 93.883018494 328.417846680
A 147.288085938 54.902011871 381.014068604
A 141.897064209 -158.175704956 283.187133789
A 65.030281067 21.255266190 266.296783447
A 50.847179413 -60.831809998 180.811096191
A 91.374687195 -150.120864868 123.667747498
A 130.547698975 -211.375030518 420.621887207
A 254.465682983 101.306838989 309.871704102
A 210.503219604 -307.105285645 321.229431152
A 149.292999268 51.321559906 158.440948486
A 93.835426331 -258.669464111 289.092041016
A 78.124664307 -214.164718628 361.308593750
A -64078.472656250 15802.563476562 -49409.675781250
A 119.735862732 -72.460632324 100.562583923
A 233.340209961 -97.467552185 484.683227539
A 123.032989502 -176.343643188 435.185760498
A 174.659317017 -264.925262451 392.087097168
A 74.329536438 -241.778030396 270.100311279
A 328.148345947 -220.833297729 129.582199097
A 252.294738770 107.227195740 283.157379150
A 373.419433594 -256.858459473 239.529327393
A 380.710632324 -242.314620972 317.435150146
A 426.341186523 -184.082229614 274.624938965
A 424.536956787 -83.120178223 186.386444092
A 381.963653564 -170.039535522 217.667755127
A 362.863159180 -231.304885864 172.084136963
A 89.763580322 39.753288269 325.150543213
A 102.987518311 -252.211380005 352.612854004
A 57.798603058 -157.630508423 171.247375488
A 327.803100586 -37.736705780 100.819801331
A 277.028198242 -196.538757324 456.947937012
A 332.082458496 18.864057541 412.792724609
A 208.312240601 14.495009422 100.226539612
A 3947.954833984 -12086.330078125 22724.183593750
A 311.190368652 -13.309107780 446.111450195
A 134.773605347 -228.404357910 138.871643066
A 364.087860107 39.789779663 350.698608398
A 194.598739624 -160.115966797 76.372299194
A 48.920558929 -171.968933105 354.901153564
A 409.915100098 -84.898674011 160.498641968
A 241.142379761 -251.115539551 420.036895752
A 293.476135254 -43.263015747 466.805206299
A 183.343582153 -197.662918091 455.187744141
A 125.932899475 -233.518539429 397.961578369
A 159.253234863 -296.742797852 276.329345703
A 38076.058593750 -12980.062500000 -41361.832031250
A 411.278991699 -136.803009033 380.711578369
A 134.470565796 -261.040618896 183.168655396
A 426.736785889 -150.118164062 334.678100586
A -19116.283203125 -78354.195312500 10014.122070312
A 137.039108276 -148.171508789 92.069267273
A 303.682250977 -184.573760986 456.711059570
A 427.525543213 -164.628768921 224.795486450
A 69.118125916 -116.929542542 406.375396729
A 64.226257324 -85.480148315 156.563369751
A -2552.669433594 5873.164550781 6060.019531250
A 112.250976562 -209.530685425 141.965713501
A 367.269683838 -133.745712280 118.107429504
A 152.919723511 22.063411713 403.362915039
A 339.887878418 -214.824539185 413.065490723
A 216.107116699 -272.202117920 148.656982422
A 71.089538574 -89.972244263 134.472564697
A 211.194152832 -232.449340820 113.494552612
A 43.687232971 -187.297927856 228.894424438
A 348.791168213 -261.253295898 203.083328247
A 54.097854614 -22.543514252 198.692962646
A 281.748443604 -258.577270508 140.692962646
A 223.536422729 -313.124694824 242.835571289
A 387.389465332 -88.349533081 133.315856934
A 204.888488770 -51.959560394 71.720825195
A -1475.754638672 -80465.617187500 -19641.712890625
A 153.787658691 -262.410522461 163.583023071
A 269.989898682 -161.302673340 99.885360718
A 146.052322388 -14.242905617 105.599090576
A 227.004425049 -66.043045044 480.299224854
A 267.197784424 -225.979415894 139.050811768
A 79.842628479 -79.708709717 416.206054688
A -55177.996093750 -42652.277343750 -49381.578125000
A 417.610534668 -17.528526306 334.668365479
A 350.862304688 -270.792449951 231.454681396
A 337.271850586 -182.057388306 438.288208008
A 22.738788605 -96.556091309 290.408691406
A 47.412082672 -11.305273056 271.571441650
A 319.914886475 -77.968078613 464.564483643
A 212.891296387 -7.881166935 460.160705566
A 368.740844727 47.942516327 220.561523438
A 300.942321777 64.080726624 163.549087524
A 370.129241943 -82.165992737 115.817947388
A -810.028686523 -5741.312988281 2007.837280273
A 204.949417114 -192.227752686 83.842567444
A 188.808197021 -299.209747314 333.780181885
A 909.131286621 -731.793518066 104.945930481
A 285.246429443 89.953636169 326.760040283
A 171.455139160 62.464843750 157.770339966
A 108.999702454 -236.998168945 375.906585693
A 284.988586426 -77.861633301 69.628280640
A 256.516571045 -297.827026367 356.470153809
A 42.141487122 -25.537689209 301.172302246
A 28970.107421875 -9856.551757812 -42097.375000000
A 280.650573730 -157.235916138 472.829254150
A 257.765258789 -136.613235474 260.180938721
A -3931.629638672 -1171.104492188 1252.176025391
A 230.893630981 38.622661591 121.548301697
A 89.275108337 -209.185531616 247.592056274
A 78.764167786 -46.041084290 407.997222900
A 297.263732910 78.597984314 194.260223389
A 92.001266479 -251.162109375 247.792663574
A 149.170974731 29.390750885 416.233612061
A 64.812561035 10.946869850 221.132858276
A 386.613616943 -30.593841553 157.278686523
A 208.539474487 -101.142318726 61.298728943
A 377.539031982 -204.320068359 388.606536865
A 39.806781769 -124.919334412 354.133514404
A 71.402458191 -177.445770264 169.562820435
A 82.915626526 -24.715103149 164.288650513
A 246.226226807 104.010261536 231.369415283
A 274.195739746 56.851047516 402.555755615
A 133.140441895 63.875728607 200.827056885
A 82.017318726 -242.412109375 229.240768433
A 72.825241089 24.304601669 240.337524414
A 63.901607513 -221.667999268 301.186248779
A 95.942077637 51.864612579 251.733444214
A 357.218872070 -270.062713623 284.398620605
A 182.761993408 88.480781555 209.340469360
A 324.501770020 -266.075866699 176.534469604
A 31.502407074 -150.890731812 257.859954834
A 252.709197998 12.784280777 98.829360962
A 354.126647949 68.362937927 255.252044678
A 372.862976074 -174.148056030 137.918533325
A 370.154571533 3.322226048 390.022918701
A 310.558319092 -60.429782867 84.294303894
A 158.886901855 -291.813354492 333.446685791
A 169.187667847 93.646484375 266.394470215
A 286.645111084 -44.549358368 81.948715210
A 42.322341919 -128.176528931 188.903167725
A 425.665374756 -19.061878204 288.315887451
A 320.206481934 -211.712051392 431.426391602
A 190.418823242 81.465339661 359.373870850
A 177.165832520 -11.207102776 457.011169434
A 4031.487060547 9400.855468750 12865.868164062
A 254.042602539 103.587226868 257.581695557
A 89.941375732 -211.383117676 170.564163208
A 411.345428467 -212.705703735 273.940643311
A 187.559997559 -82.611419678 480.325317383
A 46.548381805 -18.729640961 236.553253174
A 367.546051025 -244.366165161 198.476989746
A 780.187927246 -1229.544189453 -58.288009644
A -29172.291015625 37141.476562500 30321.367187500
A 46.252006531 -188.347167969 318.189331055
A 312.277648926 -165.706634521 89.430320740
A 245.151458740 -258.438476562 131.947814941
A 76.904830933 33.664566040 292.520172119
A 40.445831299 -51.746562958 208.549179077
A 384.301971436 -179.870697021 398.968231201
A 238.336990356 -134.576278687 67.196952820
A 270.584014893 -215.462539673 97.766822815
A 144.344375610 -276.613922119 357.992065430
A 174.126647949 -184.105926514 91.929611206
A 121.517112732 69.787750244 282.712158203
A 167.007736206 -295.359863281 219.075164795
A 157.669189453 -205.464767456 440.656066895
A 284.490814209 -105.202514648 72.879043579
A 56.306354523 -213.589279175 236.752395630
A 273.353424072 -12.580993652 88.612060547
A 301.974822998 45.467033386 140.953781128
A 88.432029724 -104.406188965 119.816116333
A 163.541152954 -1326.056152344 -278.249237061
A 63.179676056 -154.947738647 387.748107910
A 388.052520752 40.285778046 252.381851196
A 254.844482422 -53.596279144 477.181304932
A 86.976287842 -130.489303589 130.218292236
A 266.782623291 -110.827857971 481.186004639
A 250.757843018 -33.369686127 74.513923645
A 330.066955566 -96.171806335 90.768234253
A 396.622589111 -17.591579437 264.551422119
A 192.698593140 -56.138626099 475.429260254
A 271.357757568 75.338829041 169.495574951
A 110.872177124 1.924764037 408.574096680
A 319.781463623 77.440444946 211.569793701
A 307.045806885 -292.946838379 251.202758789
A 233.488891602 -59.434535980 68.839126587
A 213.257843018 -296.565277100 271.927642822
A -6893.989746094 38539.117187500 -91507.718750000
A 55.182594299 -121.839332581 162.808502197
A 154.837677002 -161.690444946 458.688507080
A 162.303939819 -147.550231934 80.421546936
A 210.027191162 -142.063293457 67.477355957
A 206.759643555 103.501518250 277.234375000
A 245.755310059 95.709152222 208.797256470
A 424.341400146 -81.910400391 360.129577637
A 348.008331299 -154.393020630 106.190116882
A 399.143554688 -181.290588379 371.257232666
A 290.513275146 -275.263946533 378.221221924
A 79.101669312 14.652320862 197.096511841
A 376.194854736 -236.063415527 350.820220947
A 389.109710693 25.114801407 218.997604370
A 348.694152832 -117.777687073 100.341156006
A 412.471740723 -172.106231689 190.185913086
A 355.980621338 -44.156185150 114.047805786
A 51.238975525 -143.133773804 372.130584717
A 195.788299561 -253.790115356 415.993682861
A 259.954345703 32.304046631 430.603485107
A 411.896545410 -168.190841675 362.747222900
A 54307.546875000 25033.720703125 6513.422851562
A 690.357788086 -1631.761230469 -1085.584838867
A 417.880981445 -129.900054932 179.734680176
A 243.440109253 -311.465942383 267.387603760
A 183.587478638 78.845069885 181.485839844
A 321.914031982 -245.004837036 397.973571777
A 63.023803711 -33.286781311 377.916290283
A 169.250427246 -45.831787109 80.035583496
A 392.247894287 -65.393814087 405.776794434
A 355.443298340 -261.151580811 338.855895996
A 286.974273682 81.030220032 357.130340576
A 197.557769775 61.587020874 144.810501099
A 56.252315521 -96.617141724 387.269287109
A 393.845031738 22.222215652 323.978912354
A 33.876510620 -78.029289246 333.703125000
A 370.150939941 -41.758117676 422.365661621
A 299.823913574 -200.731414795 100.219177246
A 44.113536835 -196.522720337 286.523590088
A 312.457946777 58.944725037 381.321533203
A 367.866516113 -124.509971619 433.678436279
A 240.887252808 -19.607971191 467.864257812
A 316.721801758 86.382682800 302.211090088
A 316.351348877 74.078979492 346.723510742
A 357.855773926 -227.496322632 393.638366699
A 39.680515289 -185.311233521 264.854034424
A -3085.985839844 -15749.252929688 8268.594726562
A 328.435607910 -186.890823364 108.852371216
A 386.447113037 -1.788503766 172.478240967
A 126.228057861 -255.588775635 318.908874512
A 28.213319778 -133.912429810 310.355041504
A 1641.579711914 6398.922851562 4455.891601562
A 233.655426025 40.578796387 209.506820679
A 414.940185547 -29.067321777 198.191482544
A 155.450653076 -236.981872559 414.874359131
A 135.582565308 -29.486608505 448.559631348
A 408.332458496 -204.867797852 215.124191284
A 265.824035645 -144.510925293 71.340469360
A 128.427047729 -180.845138550 109.834938049
A 173.395309448 -143.104431152 472.076049805
A 36.841655731 -86.678863525 258.784362793
A 351.079559326 68.889251709 297.926422119
A 341.616058350 -282.214691162 261.124237061
A 378.473114014 12.063967705 370.390075684
A 246.427001953 -165.165847778 473.937805176
A 181.621765137 -101.281242371 189.346908569
A 370.660827637 52.832256317 283.146148682
A 178.081771851 33.196620941 125.076080322
A 271.269897461 51.441993713 136.548141479
A 144.187530518 -111.405364990 466.941558838
A 232.027542114 -218.311965942 448.453674316
A 426.224273682 -60.877574921 212.498092651
A 392.882232666 -233.655426025 238.183975220
A 428.068969727 -79.544982910 297.039764404
A 113.626434326 -67.067733765 443.892761230
A 410.776763916 -85.558265686 386.044219971
A 442.151977539 -113.351028442 270.949127197
A -27149.470703125 -39865.011718750 30802.398437500
A 192.671417236 -2.329245329 97.507270813
A 104.325546265 52.094913483 218.908294678
A 242.228042603 -280.758911133 383.483337402
A -1099.880859375 -3334.484863281 -2096.205566406
A 132.851867676 33.960659027 152.575500488
A 367.024505615 -147.523559570 427.547241211
A 395.457763672 6.058922768 197.390792847
A 35.131805420 -52.250679016 237.179122925
A 436.824859619 -105.559738159 234.844253540
A 30.641696930 -94.384292603 212.824447632
A 201.336044312 19.775999069 441.418884277
A 355.773315430 -60.016185760 439.485168457
A 116.985984802 -141.266998291 103.802810669
A 31.291936874 -58.488426208 307.770202637
A 291.391815186 97.617286682 252.440292358
A 172.290725708 -6.119271755 95.003524780
A 221.266433716 76.936004639 375.160827637
A 60.098815918 -73.632904053 389.042510986
A 288.682891846 96.159553528 285.981475830
A 336.528320312 -279.934692383 319.243133545
A 63.772247314 -208.128219604 339.381744385
A 246.228912354 -289.070739746 181.977386475
A 138.062622070 66.429977417 348.171783447
A 228.047180176 -10.671790123 81.479080200
A 62.180820465 -202.613388062 201.889755249
A 219.216934204 50.845222473 133.359359741
A 342.190673828 44.203227997 376.352081299
A 144.236663818 86.452339172 295.732421875
A 208.239776611 -105.347198486 481.571990967
A 312.374450684 -147.328247070 465.225494385
A 424.755310059 -123.219955444 353.870483398
A 432.489929199 -156.262664795 251.080963135
A 168.884170532 -253.990509033 145.017608643
A 111.414466858 44.185024261 362.933105469
A 349.266326904 54.111537933 205.203094482
A 401.693817139 -105.284988403 396.966186523
A 244.727371216 90.581062317 354.351898193
A -317.749298096 684.512390137 1693.842163086
A 258.708557129 -239.651611328 114.415649414
A -18452.199218750 51772.953125000 -4490.747558594
A 164.125320435 -43.953598022 461.719818115
A 424.967254639 -169.652343750 311.637481689
A 376.953338623 -250.887878418 289.275054932
A 60.858432770 6.701635361 302.823181152
A 225.189727783 -98.421752930 70.639480591
A 182.887313843 -233.700485229 431.571899414
A 404.251556396 -150.608200073 161.256820679
A 8627.251953125 3059.414794922 -5048.396972656
A 209.583557129 104.271873474 253.779388428
A 349.285858154 -86.135360718 450.747894287
A 142.345596313 -54.719673157 90.163948059
A 37.546665192 -161.442993164 317.320220947
A 115.895027161 -239.529373169 171.550491333
A 282.153900146 -298.831542969 221.121368408
A 284.419830322 -9.993533134 455.503784180
A 288.193542480 -275.418487549 175.598068237
A 259.674713135 71.442512512 380.510589600
A 235.987899780 63.853660583 396.197814941
A 235.515853882 46.041973114 420.818115234
A 410.293914795 6.760825634 308.406890869
A 212.809509277 -303.054473877 214.511291504
A 116.514350891 -276.643249512 246.984863281
A 159.121353149 11.376970291 435.862762451
A 347.267700195 -253.105560303 372.452575684
A 153.611114502 -296.551055908 306.856689453
A 142.663452148 83.600952148 250.662872314
A 355.981842041 20.565914154 158.354873657
A 294.302856445 -289.542083740 192.288467407
A 1944.125122070 -2183.616943359 1.406758904
A 119.190811157 67.015785217 240.590454102
A 366.910156250 -207.262664795 154.809570312
A 179.138916016 -111.722442627 72.021614075
A 215.978790283 -290.850311279 183.891204834
A 46.965198517 -28.790830612 332.950561523
A 173.454605103 -284.465362549 192.233383179
A 191.397903442 54.900688171 405.704772949
A -14838.858398438 11575.214843750 -16132.416015625
A 349.821746826 -77.905067444 99.688774109
A 167.923461914 -205.882171631 103.870002747
A 406.994171143 -49.296886444 171.989761353
A 230.745300293 -312.533599854 302.478881836
A 310.288879395 -292.109191895 332.223846436
A 189.197433472 -164.881546021 471.488525391
A -10790.202148438 5073.533691406 -9241.541992188
A 314.738739014 -296.951324463 271.232696533
A 369.476867676 49.021270752 321.630249023
A 315.144073486 -114.787887573 80.117553711
A 119.155113220 -29.456529617 113.961097717
A 428.000335693 -28.331472397 244.838729858
A 194.155609131 -309.743377686 278.552825928
A 60.787937164 -7.419315338 345.066833496
A 207.934219360 37.752864838 425.694976807
A 74.000114441 -4.830107689 171.554565430
A 105.656143188 -257.544647217 210.908569336
A 397.627075195 -113.851905823 144.003479004
A 147.434631348 -75.086029053 464.508361816
A 77.707710266 19.032762527 346.733489990
A 38269.566406250 -46500.597656250 59062.523437500
A 392.092773438 -215.668167114 346.358795166
A -7176.511718750 825.843627930 4543.445312500
A 1594.815307617 -3658.212402344 -578.039855957
A 146.928833008 -260.776123047 383.586730957
A 152.392730713 80.922790527 209.914382935
A 413.331665039 -2.548848152 226.377609253
A 305.807952881 -238.668899536 132.373504639
A 42.243423462 -161.009643555 207.055969238
A 356.155792236 5.254293919 139.968109131
A 286.882141113 93.689338684 217.983871460
A 362.754791260 -178.392028809 419.701080322
A 88.574340820 -168.124435425 134.336166382
A 142.251281738 -209.309890747 117.433616638
A -3483.360595703 2231.397460938 98.155113220
A 299.176818848 -238.503280640 420.618133545
A 176.684997559 -114.278610229 476.861480713
A 390.053497314 -187.865447998 164.433105469
A 162.515594482 80.761955261 334.282806396
A 228.728637695 -26.797487259 458.997741699
A 143.775390625 -293.449554443 249.562423706
A 113.324729919 -100.442146301 453.056488037
A 265.418975830 -308.180908203 245.414794922
A 256.113189697 -287.241546631 346.009948730
A 319.500701904 0.885280669 275.910217285
A 148.318099976 -107.688224792 78.751350403
A 366.234375000 -19.234292984 136.595031738
A 283.104736328 -221.287277222 443.165191650
A 29193.564453125 56723.523437500 27067.818359375
A 86.368080139 -151.245986938 416.890625000
A 292.490905762 19.637445450 437.329193115
A 264.890075684 -309.187225342 308.132873535
A 426.983245850 -102.328002930 200.813140869
A 92.863250732 -32.759948730 133.402206421
A 102.694587708 38.574077606 193.703781128
A 253.968322754 -267.537414551 400.780487061
A 335.873870850 74.722862244 234.306457520
A 42.043087006 -91.683990479 186.432632446
A 49.269660950 -48.396228790 353.225860596
A 248.626296997 -190.565322876 84.218040466
A 159.096298218 -25.074899673 431.943817139
A 110.764709473 -40.661540985 433.164978027
A 248.950973511 -196.659744263 461.533386230
A 411.263031006 -49.376041412 369.896820068
A 396.638854980 28.368698120 286.629150391
A 180.053604126 -303.430145264 245.539596558
A 290.658966064 -66.035728455 473.557434082
A 136.432601929 -278.076171875 210.581161499
A 177.344833374 66.910774231 382.532501221
A 83.283599854 -182.729293823 397.400909424
A 26.348049164 -138.932357788 279.043090820
A 200.390045166 -251.118576050 131.924728394
A 237.894927979 86.264198303 178.807479858
A 186.707565308 -34.874721527 308.370025635
A -4829.836425781 44384.703125000 -56718.253906250
A 355.743103027 36.876121521 178.380889893
A -497.609527588 -1341.596191406 187.422424316
A 85.223144531 -206.122787476 385.406494141
A 391.789215088 -215.717407227 196.952484131
A 96.238471985 -66.689559937 118.002357483
A 297.922027588 15.035074234 112.679931641
A 8298.108398438 -533.709960938 -1848.648803711
A 403.124481201 -8.708827019 354.550201416
A 258.587615967 -83.312194824 65.803573608
A 111.588363647 23.229440689 386.751983643
A 123.965362549 -284.402557373 289.213439941
A 9516.907226562 10864.739257812 20787.552734375
A 331.057464600 51.863121033 172.135528564
A 24.195987701 -109.041862488 237.455902100
A 101.730598450 -20.570426941 418.598327637
A 20.409023285 -77.572364807 266.702423096
A 338.613067627 -240.605911255 154.550186157
A 392.887359619 -236.762557983 275.196228027
A 108.764434814 8.772867203 340.364868164
A 93.027343750 -110.657882690 431.110687256
A 34.308677673 -42.098316193 273.603851318
A -3789.899169922 -1526.331542969 3730.163818359
A 184.626785278 96.408332825 236.771102905
A 226.879379272 -210.292404175 91.151893616
A 131.961212158 -103.537284851 425.425109863
A 80.967750549 -7.954404831 379.036773682
A 117.242668152 38.890022278 171.044754028
A -22685.613281250 7187.602050781 4660.101074219
A 89.168090820 -229.175109863 194.415557861
A 279.130859375 -94.950820923 480.739929199
A 115.700782776 -270.989959717 324.456573486
A 39.388095856 -96.231361389 357.371887207
A 344.807189941 22.240528107 359.695007324
A 337.733245850 70.917732239 324.379394531
A 195.888763428 97.836013794 304.201446533
A 414.524505615 7.360398769 261.169006348
A 437.977539062 -50.223838806 284.795410156
A 262.541351318 -276.000305176 157.982452393
A -3042.980468750 2828.697998047 -604.250854492
A 105.612915039 -141.347351074 436.609497070
A 269.923980713 -172.399780273 75.675804138
A 322.350006104 89.417869568 266.762298584
A 250.621124268 -236.223022461 436.531921387
A 98.135200500 5.835827827 153.879425049
A 410.986816406 -208.100753784 305.288269043
A 334.393096924 -7.214332581 119.161987305
A 282.083648682 -295.556518555 343.980499268
A 326.530670166 -115.288932800 468.909210205
A 169.460342407 -78.792449951 75.212074280
A 114.465866089 58.211444855 329.214355469
A 239.312698364 68.212158203 151.833084106
A 440.700073242 -74.523368835 259.318725586
A 293.720062256 -1.563570142 244.536972046
A 212.675277710 -269.301086426 400.289550781
A 131.989135742 -157.049026489 450.515686035
A 249.047485352 -302.103302002 212.635498047
A 263.820678711 31.572259903 113.667556763
A 172.431915283 -231.472045898 121.766838074
A 331.174957275 -37.009769440 447.473388672
A 81.229110718 -245.699081421 322.475158691
A 163.309417725 86.175415039 311.304992676
A 189.319152832 -279.395172119 172.498703003
A 373.333923340 -21.163507462 410.538024902
A 305.127136230 -139.965179443 79.282211304
A 202.109710693 -216.520324707 447.068878174
A 395.091644287 -138.993957520 403.772796631
A 217.499450684 -295.984008789 354.925323486
A 217.395095825 -177.264419556 468.167846680
A -13040.065429688 11967.702148438 2815.190429688
A 348.417663574 -197.707275391 126.209938049
A 377.636993408 -93.295417786 427.820404053
A 11111.018554688 4978.639160156 -26.244974136
A 305.931762695 36.984104156 393.135528564
A 31.808517456 -143.636856079 229.936431885
