533

A 358.820373535 -51.225749969 130.058898926
A 97.874649048 -178.586029053 387.203002930
A 316.367034912 -137.107849121 420.439849854
A 258.845520020 -285.048217773 262.738983154
A 397.295471191 -40.830352783 305.832458496
A 412.803588867 -94.207687378 274.348663330
A 297.088165283 -207.603378296 295.627532959
A 292.177581787 -104.568267822 419.663330078
A 314.466552734 -4722.376464844 -45039.921875000
A 409.002746582 -132.491378784 250.942214966
A 111.872108459 0.941860855 119.256866455
A 300.559509277 -74.768562317 373.478271484
A 295.097686768 -264.811126709 206.025741577
A 369.559173584 -27.492397308 357.854492188
A 65.780387878 -46.304008484 143.200042725
A 3098.223876953 -712.976806641 6836.697753906
A 241.846481323 -126.022918701 445.181121826
A 176.354034424 -262.864379883 345.079040527
A 92.114341736 -163.747863770 267.426147461
A 298.506744385 21.753349304 124.164405823
A 218.864151001 90.898872375 310.364562988
A 406.066528320 -129.736251831 283.313690186
A 206.257705688 -129.878021240 448.482513428
A 5640.859375000 4255.700683594 4.115734100
A 282.740417480 32.645198822 386.202575684
A 288.942932129 -277.208312988 285.604156494
A 320.881225586 -7.286865711 395.046722412
A 405.399078369 -65.605186462 302.425048828
A 385.842864990 -183.201522827 222.778869629
A 180.607788086 -50.077991486 92.980834961
A 198.427932739 83.711143494 178.452972412
A 403.146728516 -97.634414673 310.024688721
A 406.397735596 -55.642875671 219.909759521
A 300.404724121 -251.218841553 338.810241699
A 382.240020752 -182.633239746 309.332733154
A 81.632698059 -177.012756348 141.719879150
A 237.662719727 -3.098236322 426.707031250
A 94.093490601 52.907421112 273.753692627
A 401.529571533 -123.712509155 198.339477539
A 30.756338120 -99.124847412 296.746002197
A 357.578857422 -135.177398682 126.148025513
A 116.115150452 -95.432899475 87.294097900
A 136.917999268 14.070736885 113.670417786
A 265.400726318 -238.487518311 380.969299316
A -1053.710571289 354.469268799 266.096313477
A 281.025115967 -14.221015930 90.798751831
A -43395.679687500 57336.101562500 36442.539062500
A 193.094833374 87.451049805 305.426757812
A 137.852157593 50.741283417 354.757781982
A 132.764038086 -147.091583252 263.173919678
A 60.668659210 19.423856735 248.033325195
A 46.927040100 -56.861301422 168.226898193
A 85.525115967 -139.613449097 114.338645935
A 121.062400818 -196.897842407 392.043182373
A 236.557723999 94.041114807 288.243103027
A 196.065597534 -286.102844238 299.137664795
A 138.775909424 47.153030396 147.785934448
A 86.934692383 -240.802261353 268.905761719
A 72.316528320 -199.431198120 336.195861816
A -59666.312500000 14714.437500000 -46007.027343750
A 111.140907288 -66.892158508 93.763877869
A 217.601593018 -90.637901306 451.384857178
A 114.868255615 -164.478179932 404.954345703
A 162.530303955 -247.170791626 365.492156982
A 68.786758423 -225.612304688 251.649734497
A 305.485137939 -205.983688354 120.640434265
A 234.777801514 99.552742004 263.647674561
A 347.265014648 -239.074691772 222.655807495
A 353.938629150 -226.323364258 295.568298340
A 397.132904053 -170.712341309 255.771377563
A 395.401275635 -77.257102966 173.456207275
A 356.041198730 -158.087966919 203.021255493
A 338.102569580 -215.308441162 160.119003296
A 83.331214905 37.381961823 302.024688721
A 96.143218994 -234.449203491 327.760131836
A 53.015064240 -146.808715820 159.449691772
A 305.658996582 -34.932708740 94.306098938
A 257.181762695 -182.229995728 425.461853027
A 309.822692871 17.688735962 384.731445312
A 193.680465698 13.616912842 92.938217163
A 3675.996582031 -11254.077148438 21159.019531250
A 290.257354736 -11.238535881 415.309722900
A 125.456726074 -212.178710938 129.039657593
A 339.781829834 37.140113831 326.876098633
A 181.355209351 -148.847930908 70.676521301
A 45.638603210 -159.390914917 330.134216309
A 381.295318604 -79.707885742 149.356567383
A 224.227386475 -233.775634766 391.734649658
A 273.274291992 -40.507072449 435.267822266
A 170.756271362 -183.680633545 423.868316650
A 117.630439758 -217.741973877 370.911621094
A 147.952987671 -276.141326904 257.373199463
A 35454.457031250 -12085.860351562 -38513.433593750
A 383.227935791 -126.809829712 354.381713867
A 124.480102539 -242.914199829 170.100860596
A 397.022613525 -139.167404175 311.074768066
A -17799.332031250 -72958.437500000 9324.784179688
A 127.667594910 -138.208435059 85.754325867
A 283.062377930 -171.291854858 425.115173340
A 398.323944092 -153.058120728 208.843765259
A 64.441665649 -108.904235840 378.799224854
A 59.930030823 -80.000160217 146.158905029
A -2377.108154297 5468.864257812 5642.823242188
A 103.910873413 -195.265304565 132.203659058
A 342.353729248 -124.370391846 110.136817932
A 142.626281738 21.042783737 375.619079590
A 316.726470947 -200.032104492 384.668487549
A 201.070297241 -253.112213135 138.564941406
A 66.188598633 -83.820755005 125.131919861
A 197.078536987 -216.340988159 105.402809143
A 41.019302368 -174.661331177 212.324325562
A 324.669677734 -243.557937622 189.125167847
A 50.535446167 -20.973493576 184.597595215
A 262.474517822 -240.617111206 131.597381592
A 207.252975464 -291.998046875 226.034896851
A 360.482696533 -82.926742554 123.809051514
A 190.862640381 -48.409881592 67.104972839
A -1374.619018555 -74924.015625000 -18289.269531250
A 143.616683960 -244.406875610 152.767028809
A 251.419357300 -149.529663086 93.343620300
A 136.547149658 -12.497166634 98.353981018
A 211.811462402 -61.205307007 447.558319092
A 248.054107666 -210.063095093 129.823852539
A 74.315261841 -74.211784363 387.384887695
A -51378.011718750 -39714.917968750 -45980.839843750
A 388.783142090 -16.219556808 311.116821289
A 326.465667725 -252.077606201 215.530181885
A 313.545684814 -169.928909302 407.850311279
A 21.819545746 -89.728401184 270.414337158
A 43.776939392 -10.434337616 252.555633545
A 297.987518311 -72.913856506 432.050231934
A 198.589859009 -7.476095200 427.774230957
A 343.529052734 44.477359772 206.436294556
A 280.373779297 59.180164337 152.210861206
A 344.287750244 -76.792556763 108.089187622
A -754.416748047 -5345.304687500 1870.548217773
A 190.604125977 -178.393936157 78.463653564
A 175.978546143 -278.793731689 311.386932373
A 845.837890625 -681.249511719 97.656875610
A 265.482604980 83.948753357 304.533813477
A 159.332824707 57.309856415 147.347351074
A 101.929290771 -220.959320068 349.635406494
A 264.720520020 -73.104995728 64.470207214
A 238.261672974 -277.818206787 331.909179688
A 39.941551208 -23.705802917 280.466644287
A 26974.753906250 -9178.149414062 -39198.132812500
A 261.424102783 -146.250473022 439.895477295
A 239.497497559 -127.374038696 242.312164307
A -3660.899414062 -1090.290161133 1165.879150391
A 214.826248169 35.651287079 112.909233093
A 82.919326782 -194.531433105 230.675628662
A 72.827583313 -43.087459564 379.821075439
A 276.406829834 72.952926636 180.659469604
A 86.226890564 -234.044418335 230.621398926
A 139.287033081 27.007797241 387.502075195
A 59.605838776 9.992235184 206.315887451
A 360.440673828 -28.230005264 146.116348267
A 194.625961304 -93.961494446 57.544242859
A 351.306640625 -190.306823730 361.905029297
A 37.350906372 -116.903106689 330.204071045
A 66.399803162 -165.124588013 157.384307861
A 76.497840881 -23.329608917 153.253784180
A 229.186859131 96.436859131 215.301849365
A 255.532608032 53.010772705 375.001464844
A 124.354339600 59.896781921 186.642074585
A 76.511955261 -225.825317383 213.321121216
A 67.696121216 22.739906311 224.182632446
A 59.408176422 -206.697021484 280.945037842
A 89.392333984 48.573951721 234.143646240
A 332.192443848 -251.215438843 265.321350098
A 169.845138550 82.024742126 195.077163696
A 302.311584473 -247.892944336 164.410919189
A 29.499464035 -139.604354858 240.415557861
A 234.914276123 12.056920052 92.006637573
A 329.902587891 63.793930054 238.444519043
A 347.689666748 -162.410507202 128.842330933
A 344.396636963 2.602104902 363.181793213
A 289.642486572 -57.006824493 78.653114319
A 148.066024780 -271.656097412 310.555297852
A 156.888107300 87.023101807 247.790191650
A 266.839599609 -40.806068420 77.336647034
A 39.529335022 -119.279266357 176.508972168
A 396.179168701 -18.004333496 267.938110352
A 297.649902344 -197.173980713 401.740844727
A 177.174697876 75.755615234 334.384735107
A 164.917083740 -10.321941376 426.077972412
A 3753.854492188 8753.093750000 11979.851562500
A 236.505279541 96.669731140 239.504699707
A 83.629203796 -197.598556519 159.192260742
A 383.446990967 -197.949447632 255.516189575
A 175.119979858 -76.704223633 447.059661865
A 42.784000397 -17.464248657 220.035827637
A 342.568206787 -227.518585205 184.745635986
A 726.032836914 -1145.351318359 -54.369792938
A -27162.845703125 34584.250000000 28233.625000000
A 43.254222870 -175.157455444 296.062957764
A 291.058868408 -154.365829468 83.140563965
A 227.912322998 -240.141983032 122.703613281
A 71.965492249 30.954528809 272.523406982
A 37.778057098 -48.181617737 193.782073975
A 357.760833740 -167.945343018 371.964263916
A 221.810760498 -125.254806519 62.364173889
A 252.300064087 -200.229110718 90.712524414
A 134.072784424 -256.995300293 333.264526367
A 162.042755127 -171.436843872 86.135429382
A 112.922447205 65.385787964 262.886474609
A 155.401672363 -275.060577393 203.646987915
A 146.925476074 -191.325714111 410.646759033
A 264.368896484 -97.964256287 68.159454346
A 52.814804077 -199.712585449 220.223190308
A 254.750473022 -12.100306511 82.712371826
A 281.316680908 42.173851013 131.144149780
A 81.882041931 -97.901473999 111.825569153
A 152.561386108 -1234.106567383 -259.706420898
A 59.352588654 -144.337005615 361.081298828
A 361.646606445 37.401451111 235.568878174
A 236.757797241 -50.316665649 444.566070557
A 81.028694153 -121.505256653 121.480354309
A 248.421875000 -103.280288696 447.850006104
A 233.436203003 -30.073461533 69.680938721
A 306.433685303 -90.146919250 84.184768677
A 369.010711670 -16.354978561 246.746139526
A 179.581604004 -52.182826996 442.855102539
A 252.752929688 70.134559631 157.978988647
A 103.206207275 1.908785582 380.150573730
A 297.997772217 71.936164856 196.605514526
A 285.687500000 -272.561401367 233.918548584
A 217.373046875 -55.207092285 63.836906433
A 198.078063965 -276.132202148 253.940093994
A -6418.873046875 35885.417968750 -85205.546875000
A 51.664302826 -113.338951111 151.364593506
A 143.583557129 -150.783401489 427.772857666
A 150.973037720 -137.165924072 75.251838684
A 195.606140137 -132.162384033 62.886810303
A 192.399108887 96.435379028 258.632507324
A 229.033584595 89.149665833 194.381057739
A 394.645233154 -76.187995911 334.927917480
A 323.383209229 -143.350860596 99.221412659
A 371.532867432 -169.583908081 345.257720947
A 270.956726074 -256.030975342 352.492523193
A 72.937088013 13.922687531 183.025299072
A 350.371551514 -219.762573242 326.991638184
A 362.094116211 23.369930267 203.510543823
A 324.383453369 -109.660682678 93.281051636
A 384.558105469 -159.835357666 177.191986084
A 331.663970947 -41.310260773 106.690017700
A 47.497810364 -132.862716675 346.264129639
A 182.854598999 -236.317779541 387.248016357
A 242.298690796 29.739515305 401.168548584
A 383.926086426 -156.272766113 337.778411865
A 50567.972656250 23309.994140625 6065.217285156
A 643.160583496 -1520.243652344 -1011.053955078
A 389.275634766 -121.144996643 167.452026367
A 226.761352539 -290.410308838 249.041870117
A 170.850128174 72.975914001 169.450561523
A 300.034667969 -228.731948853 370.053894043
A 59.056182861 -31.106918335 351.798278809
A 157.885528564 -42.330207825 74.164978027
A 365.287536621 -61.191589355 377.726684570
A 331.176391602 -243.286712646 314.582427979
A 266.528656006 75.652870178 332.259246826
A 183.892242432 56.871761322 134.791503906
A 52.245254517 -90.117904663 359.979248047
A 366.842987061 20.393651962 302.706329346
A 31.027210236 -73.048591614 310.440063477
A 344.261657715 -38.731121063 393.235900879
A 279.321075439 -186.619934082 93.965301514
A 41.191299438 -183.016387939 266.361846924
A 291.064697266 55.422100067 354.515625000
A 342.476684570 -115.722846985 403.511993408
A 224.814041138 -18.057373047 435.865234375
A 294.864959717 80.778533936 281.641113281
A 294.773742676 69.653587341 322.852996826
A 332.827880859 -212.178436279 366.187927246
A 37.006221771 -172.201446533 246.083602905
A -2872.969970703 -14664.873046875 7698.850097656
A 305.537719727 -173.791366577 101.295471191
A 360.186737061 -2.131699085 160.278625488
A 117.749549866 -238.196899414 296.723510742
A 26.595830917 -125.248817444 288.399353027
A 1528.062255859 5958.116210938 4149.009765625
A 217.847045898 37.115840912 195.498840332
A 386.267456055 -27.094121933 184.547668457
A 145.076431274 -221.036315918 386.358367920
A 126.753555298 -27.452531815 417.750976562
A 380.158721924 -189.976974487 200.359451294
A 247.246414185 -134.790924072 66.006874084
A 119.702514648 -167.840576172 102.327705383
A 161.427566528 -133.094360352 439.468078613
A 34.332302094 -80.246566772 241.438339233
A 327.339355469 64.412925720 277.340759277
A 317.942565918 -262.153533936 243.052474976
A 352.329772949 11.802746773 345.142242432
A 229.245025635 -153.786605835 440.782287598
A 169.003097534 -94.071487427 175.907958984
A 345.197448730 49.436733246 263.642974854
A 165.847427368 30.676420212 116.480644226
A 252.578048706 47.511806488 127.481956482
A 134.595489502 -103.704597473 434.454864502
A 215.621276855 -203.067687988 417.913604736
A 396.823730469 -56.638900757 197.709457397
A 365.610778809 -217.236755371 221.596313477
A 398.545898438 -73.502281189 276.393676758
A 106.266326904 -62.561939240 412.985076904
A 382.128356934 -79.769927979 358.752227783
A 411.574035645 -105.407386780 251.850662231
A -25278.791015625 -37119.535156250 28680.695312500
A 179.297393799 -2.710088253 90.952407837
A 97.023651123 48.323516846 203.483612061
A 225.761886597 -261.670257568 356.982818604
A -1024.136352539 -3105.429687500 -1951.600952148
A 124.439018250 32.182823181 142.419631958
A 342.143371582 -137.553131104 398.541381836
A 368.839172363 5.148104668 184.047149658
A 31.797372818 -48.616699219 221.006530762
A 407.627838135 -98.242141724 218.515792847
A 28.874172211 -87.090156555 198.519897461
A 187.817504883 18.026670456 411.087310791
A 332.251953125 -55.639774323 409.131896973
A 108.942497253 -131.367446899 96.592216492
A 29.116500854 -54.302669525 286.838226318
A 271.551208496 90.897529602 235.747146606
A 160.759002686 -5.758497715 88.494537354
A 205.895477295 71.712242126 349.453430176
A 55.763896942 -68.518066406 362.178405762
A 268.879364014 90.027603149 266.405395508
A 313.983398438 -260.595703125 297.309051514
A 59.629280090 -193.682205200 316.754425049
A 229.276809692 -268.800384521 168.737686157
A 128.559066772 62.424690247 324.487609863
A 212.105895996 -9.634454727 76.120719910
A 57.918395996 -188.581390381 188.163787842
A 203.863510132 47.206756592 124.349174500
A 318.934844971 41.227222443 350.891510010
A 134.553192139 80.392097473 275.332092285
A 193.414047241 -98.777748108 448.858703613
A 290.867034912 -137.192779541 432.982604980
A 395.855529785 -114.817726135 329.770599365
A 402.680206299 -145.598419189 234.017791748
A 157.576644897 -236.310226440 134.905410767
A 104.011436462 40.943675995 338.246673584
A 324.968963623 50.697097778 190.655075073
A 373.958282471 -97.651504517 369.851898193
A 227.594558716 84.016288757 329.743957520
A -295.782318115 637.928283691 1576.700317383
A 240.901870728 -223.042831421 105.758529663
A -17181.289062500 48207.382812500 -4181.466796875
A 152.687622070 -41.542274475 430.095489502
A 396.112823486 -157.726989746 290.246582031
A 351.187072754 -233.923660278 269.711181641
A 56.518932343 6.590812206 282.148101807
A 209.791717529 -91.754623413 65.547683716
A 170.268051147 -217.266525269 402.183593750
A 377.048248291 -140.149185181 149.890136719
A 8033.694824219 2848.632568359 -4701.517578125
A 195.210083008 97.726776123 236.807891846
A 325.415283203 -80.496368408 420.022766113
A 132.496383667 -51.406391144 83.821151733
A 34.487152100 -149.502243042 295.262390137
A 107.684295654 -223.275451660 159.935592651
A 262.698059082 -278.316894531 205.892059326
A 264.239929199 -8.952716827 424.094329834
A 269.149017334 -256.468841553 163.777755737
A 242.769744873 66.861244202 354.469238281
A 219.625198364 59.403606415 368.507537842
A 219.168395996 42.063373566 391.495086670
A 382.325561523 6.207263947 286.791259766
A 198.000991821 -282.524780273 199.652069092
A 109.142883301 -257.578308105 230.105438232
A 148.007003784 10.678956032 406.148529053
A 322.746154785 -234.917251587 346.209289551
A 143.190902710 -275.938323975 285.513275146
A 132.875946045 77.889007568 233.572097778
A 331.473052979 18.996866226 148.106430054
A 274.176483154 -268.823486328 179.145217896
A 1809.996704102 -2034.038818359 0.911871970
A 111.367195129 62.532752991 224.053863525
A 341.941589355 -192.683731079 143.450408936
A 166.496658325 -104.545059204 66.459968567
A 200.803649902 -271.047821045 171.342620850
A 43.742202759 -26.872562408 310.240386963
A 160.813781738 -264.934692383 179.168869019
A 178.387924194 50.744106293 377.615875244
A -13817.442382812 10777.840820312 -15021.384765625
A 325.450561523 -72.664634705 92.852043152
A 156.443206787 -191.580963135 97.233818054
A 379.182037354 -46.078590393 160.033706665
A 214.649185181 -290.572723389 281.669433594
A 288.644134521 -271.719909668 309.561676025
A 175.917587280 -154.144363403 438.469238281
A -10047.570312500 4724.231445312 -8605.347656250
A 292.959991455 -276.649475098 251.434967041
A 344.365753174 45.442531586 299.912445068
A 293.450988770 -107.071929932 75.037918091
A 110.511711121 -27.555181503 106.013023376
A 398.986572266 -26.369096756 227.611984253
A 179.902389526 -288.729034424 259.419311523
A 56.651641846 -6.630105019 321.927368164
A 193.465576172 35.317989349 396.249725342
A 68.701889038 -4.308182716 160.833801270
A 98.158958435 -239.671661377 196.581481934
A 370.281738281 -105.618766785 134.315368652
A 137.355941772 -69.872718811 432.611022949
A 72.221443176 18.065715790 322.533508301
A 35633.738281250 -43298.562500000 54994.894531250
A 365.076904297 -201.024612427 322.656585693
A -6682.158203125 768.960754395 4230.663574219
A 1485.125976562 -3405.694335938 -538.693176270
A 137.096557617 -242.586044312 356.624572754
A 141.522445679 75.066543579 195.786102295
A 384.690093994 -2.729085922 211.199035645
A 284.670898438 -222.322555542 123.310928345
A 38.833267212 -149.585250854 193.240753174
A 331.631195068 4.945295811 130.308181763
A 267.054290771 86.651664734 203.669891357
A 338.813812256 -165.697204590 391.475891113
A 83.205032349 -156.518859863 125.343925476
A 132.563903809 -194.884399414 108.941627502
A -3243.612792969 2077.872070312 92.074371338
A 278.048370361 -222.428436279 391.653228760
A 164.536148071 -106.501716614 444.068572998
A 362.668731689 -174.682586670 152.773147583
A 151.426055908 75.414390564 311.898101807
A 213.494628906 -24.878971100 427.081420898
A 134.460693359 -273.088043213 231.562438965
A 106.001991272 -93.651382446 421.399932861
A 247.194656372 -287.047637939 228.135101318
A 238.391281128 -266.994781494 321.777435303
A 297.940032959 1.559437633 256.995635986
A 138.166870117 -100.117286682 73.622756958
A 340.686065674 -17.918407440 127.435974121
A 263.760681152 -205.612075806 412.404205322
A 27184.548828125 52817.621093750 25203.310546875
A 80.924301147 -141.074142456 388.321411133
A 272.380676270 17.958723068 406.816650391
A 246.230026245 -288.081542969 287.395477295
A 397.297760010 -95.785682678 187.473983765
A 86.878875732 -30.533208847 124.625946045
A 95.140632629 35.303291321 180.444274902
A 236.683792114 -248.982666016 373.514129639
A 312.743438721 70.162117004 218.456130981
A 39.254108429 -85.948204041 173.788436890
A 45.619861603 -45.668457031 329.277435303
A 231.801803589 -177.806137085 78.194168091
A 147.924331665 -23.088266373 402.637573242
A 103.177116394 -38.039619446 403.297485352
A 231.998397827 -182.943084717 429.615966797
A 382.252105713 -45.579494476 344.535003662
A 369.808502197 26.608675003 266.546386719
A 167.101394653 -282.454559326 228.403579712
A 270.482574463 -61.760608673 440.358215332
A 127.024482727 -258.753906250 195.719802856
A 164.887344360 61.986927032 355.577026367
A 77.969009399 -170.172592163 369.689117432
A 24.745271683 -129.429809570 260.464416504
A 186.444824219 -233.576629639 122.977714539
A 221.488952637 80.482345581 166.763168335
A 174.127166748 -31.891761780 286.998199463
A -4496.564453125 41327.515625000 -52812.402343750
A 330.584899902 34.248424530 166.182983398
A -462.988067627 -1249.513305664 174.247161865
A 79.740753174 -191.853256226 358.473632812
A 364.619598389 -200.658660889 183.042617798
A 89.388244629 -61.515327454 109.830444336
A 277.326599121 13.729275703 105.285217285
A 7726.464843750 -497.444824219 -1721.135498047
A 375.413635254 -8.210778236 329.960662842
A 240.575836182 -77.670135498 61.005897522
A 103.992691040 21.781383514 359.658905029
A 115.607368469 -264.804565430 268.741912842
A 8861.724609375 10116.232421875 19356.957031250
A 308.449279785 47.865692139 159.851272583
A 22.677558899 -101.517677307 220.854949951
A 94.726379395 -19.632331848 389.163696289
A 18.842800140 -71.874809265 248.257598877
A 315.035430908 -223.837463379 143.992248535
A 365.844512939 -220.625732422 256.402435303
A 101.479347229 8.130075455 316.880920410
A 86.293746948 -103.351242065 400.919647217
A 31.623683929 -39.653446198 254.923355103
A -3529.072021484 -1420.915039062 3473.040039062
A 171.494918823 89.248329163 220.324081421
A 210.359008789 -196.242004395 85.161178589
A 122.438407898 -95.445579529 396.671142578
A 75.205841064 -7.427757263 352.702148438
A 109.322456360 36.234188080 159.100250244
A -21123.091796875 6692.056152344 4339.328613281
A 82.861526489 -213.781250000 180.662734985
A 259.235137939 -87.749191284 447.601745605
A 107.255584717 -252.917404175 302.130615234
A 37.078525543 -89.749885559 332.170104980
A 321.199798584 20.408830643 334.712707520
A 313.861450195 66.244674683 301.889892578
A 182.048797607 90.980567932 283.173767090
A 385.687744141 7.041219234 243.289901733
A 408.023071289 -47.257266998 265.159667969
A 243.838363647 -257.098724365 146.362976074
A -2833.279541016 2634.066406250 -562.221618652
A 98.409507751 -131.690628052 406.415405273
A 250.821853638 -160.049850464 70.382308960
A 299.590087891 82.824760437 248.786331177
A 233.467346191 -219.670425415 406.170257568
A 90.903053284 4.863869190 142.656265259
A 383.025451660 -193.298858643 284.176452637
A 311.304656982 -6.691794872 109.854270935
A 263.561981201 -274.813079834 320.161254883
A 303.885070801 -107.449775696 436.119018555
A 157.722274780 -73.628364563 69.319374084
A 106.315940857 54.183441162 307.126525879
A 222.695968628 63.883369446 141.239593506
A 410.610076904 -69.925170898 241.706298828
A 273.465026855 -1.782982111 227.863693237
A 198.018249512 -250.610458374 372.748779297
A 123.658264160 -146.671096802 419.791351318
A 231.795211792 -281.296997070 198.057403564
A 245.043975830 29.230312347 106.202751160
A 160.708160400 -216.213455200 113.762672424
A 308.640686035 -34.460510254 416.322113037
A 75.794303894 -228.518600464 300.762207031
A 151.758132935 80.003448486 289.419921875
A 176.500396729 -260.615478516 160.308059692
A 347.654663086 -19.365522385 382.356872559
A 283.492187500 -130.720199585 73.967872620
A 187.843811035 -202.165740967 416.378356934
A 368.141845703 -129.503829956 376.338928223
A 202.505432129 -275.057983398 331.182312012
A 202.292495728 -164.986053467 435.702545166
A -12142.245117188 11143.324218750 2621.629150391
A 324.108489990 -183.860000610 117.846389771
A 352.249481201 -86.949172974 398.544616699
A 10345.727539062 4636.318359375 -24.530714035
A 285.105712891 34.179622650 365.825256348
A 29.770118713 -133.562683105 214.307678223
