533

A 403.507843018 -57.694038391 146.493438721
A 110.070526123 -200.958312988 433.839233398
A 355.016357422 -154.095794678 471.751373291
A 290.363006592 -320.057586670 294.195556641
A 446.435485840 -45.294513702 343.025695801
A 463.570739746 -106.292175293 308.706939697
A 334.009948730 -233.393554688 331.468139648
A 328.508209229 -117.567543030 471.075531006
A 353.468383789 -5303.405273438 -50589.230468750
A 458.849792480 -149.168792725 280.836212158
A 125.646690369 1.433758497 134.189056396
A 337.515289307 -84.176002502 420.208465576
A 330.483886719 -296.944732666 231.581100464
A 415.523284912 -30.093639374 402.143127441
A 73.692306519 -52.113777161 161.192413330
A 3480.011962891 -800.152648926 7679.282714844
A 271.671661377 -141.749557495 499.782897949
A 197.474395752 -295.843658447 387.176177979
A 103.859825134 -184.360183716 299.513305664
A 335.290130615 24.439464569 138.797515869
A 245.161560059 102.645416260 348.720367432
A 456.164611816 -145.776046753 318.817474365
A 231.960876465 -145.637786865 503.411987305
A 6335.636230469 4779.955078125 4.569647312
A 316.805877686 35.886123657 434.005065918
A 324.885437012 -311.945373535 321.232574463
A 360.083740234 -8.598265648 443.377227783
A 455.195220947 -74.156379700 339.575256348
A 433.012542725 -206.655029297 250.617004395
A 203.005844116 -56.331317902 104.357734680
A 223.425827026 93.514160156 200.516799927
A 452.082214355 -108.946723938 348.155883789
A 456.629089355 -63.089767456 247.228744507
A 338.021301270 -282.205108643 380.650115967
A 429.941558838 -205.552734375 348.165618896
A 91.153396606 -198.773941040 160.487945557
A 267.496429443 -3.324969769 479.515106201
A 105.429878235 59.772056580 307.473144531
A 451.388153076 -139.377426147 223.830245972
A 34.655586243 -111.408729553 333.819244385
A 401.625335693 -151.965774536 142.091278076
A 131.404708862 -106.958473206 97.106521606
A 153.620407104 16.338064194 127.515678406
A 297.970458984 -267.737670898 427.496459961
A -1182.771728516 398.518035889 299.643310547
A 316.083770752 -15.837187767 101.615806580
A -48741.421875000 64399.386718750 40931.710937500
A 216.965530396 98.194030762 343.422851562
A 154.448654175 57.723323822 398.151000977
A 149.037017822 -165.694534302 296.346893311
A 68.321342468 22.843708038 277.858489990
A 53.804256439 -63.389015198 188.840393066
A 95.570053101 -156.978317261 129.516235352
A 136.010787964 -221.269638062 439.791625977
A 265.857330322 105.536155701 324.457885742
A 220.283737183 -321.451385498 335.281860352
A 155.856658936 53.986206055 165.505294800
A 98.413276672 -270.365753174 302.611297607
A 81.554016113 -223.943679810 378.674072266
A -67015.484375000 16527.669921875 -51674.300781250
A 125.374122620 -76.334388733 105.214653015
A 244.407882690 -102.268722534 507.039062500
A 128.709167480 -184.552429199 455.307464600
A 182.947021484 -276.800262451 410.504272461
A 77.832130432 -252.647079468 282.155029297
A 343.552459717 -230.863647461 135.408248901
A 264.058959961 112.361618042 295.974273682
A 390.646575928 -268.801940918 250.266311646
A 397.935729980 -253.588348389 332.181152344
A 445.633270264 -192.384414673 287.697082520
A 443.783813477 -86.616218567 194.742767334
A 398.837341309 -177.710449219 227.985183716
A 378.916992188 -241.665420532 179.790603638
A 93.873245239 41.042701721 339.537658691
A 107.573516846 -264.016937256 368.813964844
A 60.396743774 -165.161941528 179.134567261
A 342.292602539 -39.412384033 105.594696045
A 289.864593506 -205.736282349 477.717742920
A 347.415527344 19.517982483 431.853027344
A 218.416107178 14.989620209 104.971855164
A 4128.937500000 -12640.570312500 23765.837890625
A 325.524658203 -14.583458900 466.299072266
A 141.026779175 -238.640518188 145.124069214
A 380.511871338 41.433948517 366.568206787
A 203.711151123 -167.600799561 79.869384766
A 51.838855743 -179.768218994 370.644470215
A 428.620178223 -88.418609619 167.680465698
A 251.891876221 -262.953643799 438.912872314
A 306.516418457 -45.292446136 487.814880371
A 191.900848389 -207.254943848 476.128784180
A 131.530761719 -243.597152710 416.180603027
A 166.900192261 -310.141052246 289.475769043
A 39821.667968750 -13574.730468750 -43257.402343750
A 429.433532715 -143.593582153 397.806274414
A 140.336929321 -273.232391357 191.390670776
A 445.535156250 -157.359497070 350.267883301
A -19991.960937500 -81945.898437500 10473.237304688
A 142.671142578 -154.555435181 96.188140869
A 317.479614258 -192.817855835 477.628631592
A 447.507781982 -172.334503174 235.669052124
A 72.258163452 -122.138534546 425.015380859
A 67.543548584 -89.034545898 163.623825073
A -2669.810302734 6142.582519531 6337.814941406
A 117.559852600 -219.264144897 148.679061890
A 384.182403564 -139.376159668 123.631507874
A 159.099822998 22.823642731 422.277099609
A 355.635101318 -224.839752197 431.673400879
A 225.863159180 -285.097412109 156.009292603
A 74.626167297 -94.125305176 140.892761230
A 220.894348145 -243.655746460 118.266418457
A 45.790096283 -195.866790771 238.949966431
A 364.565124512 -273.712280273 212.758422852
A 56.675754547 -23.198787689 208.172027588
A 294.415985107 -270.470947266 146.747711182
A 233.677856445 -327.802612305 253.481674194
A 405.398864746 -92.454483032 139.352844238
A 214.233520508 -54.400276184 75.498001099
A -1543.960205078 -84153.476562500 -20541.998046875
A 161.091552734 -274.477447510 171.268569946
A 282.879913330 -168.760635376 104.493415833
A 152.744552612 -14.426923752 110.859405518
A 237.725540161 -69.006645203 502.300140381
A 279.821594238 -236.417129517 145.606002808
A 83.618797302 -83.264152527 435.648315430
A -57707.785156250 -44607.257812500 -51644.667968750
A 436.863433838 -17.875186920 349.810363770
A 367.028778076 -283.398345947 241.842025757
A 352.342437744 -190.171585083 458.517852783
A 23.893581390 -100.797416687 303.353698730
A 49.580085754 -12.025789261 284.013702393
A 334.954742432 -81.776275635 485.273681641
A 222.798645020 -7.905377388 481.047363281
A 385.833557129 49.960937500 230.318115234
A 314.960418701 67.008468628 171.277313232
A 387.492828369 -85.985107422 121.587890625
A -847.410766602 -6004.297363281 2099.383544922
A 213.878128052 -201.216125488 87.789642334
A 197.521331787 -312.890289307 348.933349609
A 950.826293945 -765.308715820 109.812889099
A 298.243530273 93.599304199 342.084747314
A 179.059707642 65.195960999 165.293319702
A 114.206253052 -247.905548096 393.877868652
A 298.121887207 -81.278282166 72.834472656
A 268.484405518 -312.304656982 372.997985840
A 43.594024658 -26.975847244 314.976135254
A 30298.222656250 -10308.359375000 -44026.660156250
A 293.574768066 -164.178878784 494.377258301
A 270.342468262 -142.739120483 272.411071777
A -4112.032226562 -1224.557983398 1310.130126953
A 241.723297119 40.492366791 126.767761230
A 93.768966675 -218.757583618 259.437042236
A 82.761619568 -47.771266937 425.950012207
A 310.761444092 81.882965088 202.925491333
A 96.197631836 -262.429962158 259.167816162
A 155.864883423 31.263683319 435.287017822
A 67.522872925 11.588222504 231.468475342
A 404.541473389 -31.788673401 164.656005859
A 217.973236084 -105.554527283 64.582862854
A 394.895568848 -213.598510742 406.079193115
A 41.292579651 -130.070526123 369.826324463
A 74.717529297 -185.569686890 177.222808838
A 86.980384827 -25.777084351 171.680618286
A 257.555145264 108.893486023 241.717666626
A 286.592834473 59.144104004 420.869506836
A 139.090591431 66.904365540 209.649627686
A 85.439506531 -253.326309204 240.128631592
A 76.260215759 25.512559891 251.219970703
A 66.592399597 -231.834289551 314.640686035
A 100.130409241 54.138053894 263.266723633
A 373.143829346 -282.592010498 297.176574707
A 191.165756226 92.095397949 218.572967529
A 339.459136963 -277.656982422 185.133880615
A 33.515068054 -157.751052856 269.589050293
A 264.184387207 13.172893524 103.027793884
A 370.587341309 71.598136902 266.654418945
A 390.031158447 -181.914031982 144.062789917
A 387.157318115 3.960411549 407.656036377
A 324.648437500 -63.583805084 88.192687988
A 166.056564331 -304.656433105 349.337127686
A 176.590713501 97.457893372 278.379882812
A 300.016693115 -46.765476227 85.427589417
A 43.988521576 -134.129821777 197.509323120
A 445.242614746 -19.855922699 301.281097412
A 334.490112305 -220.951538086 451.456817627
A 198.972427368 84.894439697 375.387603760
A 184.406951904 -11.554029465 478.111053467
A 4216.352050781 9832.011718750 13455.309570312
A 265.032592773 108.691345215 269.534942627
A 94.049415588 -220.655731201 178.272293091
A 429.638519287 -222.975830078 286.084228516
A 196.316253662 -86.437599182 502.535705566
A 48.655651093 -19.693981171 247.793914795
A 384.746337891 -255.778671265 207.814880371
A 815.606079102 -1286.296630859 -61.073459625
A -30509.841796875 38843.914062500 31710.835937500
A 47.939521790 -197.509368896 332.871337891
A 326.183166504 -173.367492676 93.450973511
A 256.465179443 -270.259826660 138.072006226
A 81.139816284 35.389411926 305.785308838
A 42.002243042 -53.639675140 218.342376709
A 401.808929443 -188.495101929 417.140411377
A 249.270797729 -140.611480713 70.464759827
A 283.117553711 -225.086395264 101.628654480
A 150.917022705 -289.276550293 374.415679932
A 182.454956055 -192.270996094 96.103027344
A 126.765625000 73.158203125 296.031890869
A 174.501647949 -309.049896240 228.695007324
A 164.856811523 -215.069213867 461.040130615
A 297.880065918 -109.696281433 75.873863220
A 58.691062927 -223.809432983 247.636352539
A 286.076629639 -13.109758377 92.546684265
A 315.634704590 48.229000092 147.355895996
A 92.696113586 -108.866859436 125.394882202
A 171.715652466 -1386.419677734 -291.187316895
A 66.199150085 -161.839370728 405.670623779
A 406.079620361 42.443851471 264.055450439
A 266.711151123 -56.119255066 498.775024414
A 90.795700073 -136.799423218 136.722000122
A 279.133026123 -115.895744324 503.411468506
A 262.447692871 -35.025177002 77.681022644
A 344.672119141 -100.772926331 94.771644592
A 414.633758545 -18.145683289 276.313629150
A 202.005462646 -58.832500458 497.507446289
A 283.789245605 78.611602783 176.930694580
A 115.857513428 2.178330898 427.000122070
A 333.817687988 81.392143250 221.489257812
A 320.950500488 -306.634429932 263.391815186
A 244.528366089 -62.072696686 72.054527283
A 222.504714966 -309.899993896 284.594848633
A -7210.120117188 40305.839843750 -95702.054687500
A 57.644504547 -127.182037354 170.457702637
A 161.938507080 -168.853378296 479.461517334
A 169.942123413 -154.250427246 83.931610107
A 219.631179810 -148.878372192 70.483856201
A 216.226135254 108.381752014 290.151855469
A 256.491699219 100.272727966 218.638504028
A 443.894042969 -85.628082275 375.973388672
A 364.380828857 -161.602737427 110.898666382
A 417.062744141 -189.813201904 388.021514893
A 304.261199951 -287.991729736 394.710937500
A 82.830085754 15.294945717 206.460510254
A 393.214355469 -246.903869629 367.053833008
A 407.237274170 26.329624176 229.116744995
A 364.361022949 -123.448280334 104.468879700
A 431.487579346 -179.622436523 199.269683838
A 371.774536133 -46.353034973 118.919815063
A 53.747955322 -149.836105347 389.292755127
A 205.296142578 -265.260620117 435.206176758
A 271.864440918 33.926410675 450.680267334
A 430.667083740 -176.073867798 379.026062012
A 56797.261718750 26181.384765625 6811.974609375
A 721.817199707 -1705.874633789 -1135.007202148
A 436.774169922 -135.997558594 188.055404663
A 254.874450684 -326.133209229 279.102264404
A 191.675888062 82.563415527 189.845382690
A 337.302886963 -256.723022461 415.824096680
A 65.803810120 -34.581142426 395.163909912
A 176.857971191 -47.968910217 83.518150330
A 410.133087158 -68.672630310 424.215332031
A 372.155517578 -272.686614990 354.079895020
A 300.109069824 84.803924561 373.289123535
A 206.719375610 63.724929810 151.539550781
A 58.996200562 -101.221931458 404.701019287
A 411.841064453 23.370456696 339.117614746
A 35.957195282 -81.759605408 348.814514160
A 386.977722168 -43.467025757 441.600830078
A 313.896514893 -209.812728882 104.632148743
A 46.206092834 -205.216598511 299.620758057
A 326.765411377 61.768760681 399.050781250
A 384.544891357 -130.304412842 453.741363525
A 252.673721313 -20.259712219 489.490173340
A 331.129669189 90.380203247 315.969390869
A 330.512237549 77.401657104 362.513732910
A 373.761230469 -237.975646973 411.608795166
A 41.619125366 -193.723205566 277.138702393
A -3227.842041016 -16471.437500000 8647.782226562
A 343.513000488 -195.706787109 113.847999573
A 404.293090820 -1.932086825 180.552963257
A 132.303619385 -267.014739990 333.221679688
A 30.001583099 -140.064773560 324.770141602
A 1717.059204102 6692.108398438 4659.570800781
A 244.396133423 42.747467041 219.146453857
A 433.961975098 -30.019779205 207.128784180
A 162.385772705 -248.064025879 433.794097900
A 142.350738525 -30.937345505 469.076354980
A 427.068176270 -214.341735840 224.824111938
A 278.113250732 -151.413925171 74.909889221
A 134.148056030 -189.570678711 114.122024536
A 181.564514160 -149.560455322 493.645507812
A 38.404190063 -90.538856506 270.715301514
A 366.919372559 71.844345093 311.915069580
A 356.794616699 -294.904479980 272.901489258
A 395.501190186 12.832307816 387.354858398
A 257.476776123 -172.888244629 495.634918213
A 190.182266235 -105.578788757 197.727645874
A 387.650512695 55.254169464 295.880065918
A 186.322509766 34.936367035 130.688003540
A 283.897857666 53.925815582 143.003860474
A 150.856475830 -116.418495178 488.080352783
A 242.831695557 -227.823196411 469.102111816
A 445.868865967 -63.192859650 222.402053833
A 411.186401367 -244.409042358 249.453689575
A 447.457733154 -83.452667236 310.168609619
A 118.674278259 -70.121032715 464.588317871
A 429.310363770 -89.870178223 403.802093506
A 461.857666016 -119.369468689 283.012329102
A -28394.123046875 -41691.828125000 32213.726562500
A 201.547546387 -2.662779331 101.879989624
A 108.886161804 54.926124573 228.856307983
A 253.382781982 -293.531005859 401.349426270
A -1150.336181641 -3487.454101562 -2192.268798828
A 138.935180664 35.604579926 159.905593872
A 383.660003662 -154.500411987 446.964874268
A 413.668365479 6.015212059 206.595016479
A 36.914443970 -55.461513519 247.650405884
A 457.180267334 -110.229652405 245.542022705
A 32.129325867 -98.224411011 222.069992065
A 210.655471802 20.815284729 461.374664307
A 371.795318604 -62.959571838 459.529968262
A 122.271530151 -147.871185303 108.297592163
A 32.343692780 -60.722381592 321.848449707
A 304.101959229 102.432777405 263.953430176
A 180.430297852 -6.220509052 100.022956848
A 231.261886597 80.201591492 392.198455811
A 62.859153748 -77.247154236 406.875274658
A 302.049255371 100.191848755 300.020812988
A 351.330139160 -292.840728760 334.078826904
A 66.685180664 -218.014968872 355.163085938
A 257.686126709 -302.570068359 190.744628906
A 144.415252686 69.495613098 364.584350586
A 239.310531616 -11.221686363 85.294212341
A 64.149673462 -212.109313965 211.405654907
A 229.280349731 52.842899323 139.426361084
A 357.755218506 46.399147034 393.778442383
A 150.705398560 90.723739624 309.740570068
A 217.936721802 -111.019775391 503.794708252
A 326.481231689 -153.975021362 486.593627930
A 444.303985596 -128.606567383 370.436920166
A 452.168762207 -163.222045898 262.291992188
A 177.047485352 -265.269561768 151.130599976
A 116.937461853 46.202487946 379.298980713
A 365.413574219 56.669002533 215.024063110
A 419.849426270 -110.137863159 415.048645020
A 256.084075928 94.232513428 371.029449463
A -332.956420898 715.761657715 1771.700561523
A 270.807495117 -250.229187012 119.497352600
A -19297.822265625 54145.828125000 -4696.583984375
A 171.700790405 -46.411125183 483.009124756
A 444.312225342 -177.413619995 326.593353271
A 393.703369141 -262.412414551 302.144165039
A 63.892189026 6.963110447 316.877227783
A 235.950637817 -102.476058960 73.886260986
A 191.359893799 -243.774063110 450.816894531
A 422.749298096 -157.647552490 168.416961670
A 9022.535156250 3199.523437500 -5279.523437500
A 219.163665771 109.169700623 265.067687988
A 364.949890137 -89.758468628 471.610351562
A 148.536956787 -57.126224518 93.530799866
A 39.466121674 -169.257965088 331.958068848
A 121.019538879 -251.090377808 179.476623535
A 295.470031738 -312.478973389 231.524688721
A 297.664550781 -10.130702972 476.620056152
A 301.111053467 -287.498565674 183.597625732
A 271.808715820 74.663902283 397.620544434
A 246.087219238 67.174293518 415.056488037
A 246.089614868 47.619426727 440.952484131
A 429.112548828 7.422832966 322.646423340
A 222.531448364 -316.888092041 224.112869263
A 121.280097961 -289.531921387 257.981018066
A 166.687774658 11.923274040 455.618927002
A 363.336608887 -264.805603027 389.495330811
A 160.482803345 -310.416442871 320.944335938
A 149.336318970 87.502738953 261.716003418
A 372.079925537 21.395412445 165.586242676
A 307.641693115 -303.027282715 201.242538452
A 2033.894531250 -2283.781005859 1.689325571
A 124.573501587 70.152740479 251.676025391
A 383.499908447 -217.266174316 161.537948608
A 187.034057617 -117.096687317 75.486450195
A 225.717468262 -304.163787842 193.056076050
A 49.073204041 -30.415079117 348.418426514
A 181.635391235 -297.314941406 200.884613037
A 200.041168213 57.453945160 424.327819824
A -15518.666992188 12105.833984375 -16871.462890625
A 365.771270752 -81.175910950 104.738250732
A 176.177947998 -215.606887817 108.327621460
A 425.787506104 -51.601802826 180.273849487
A 241.417007446 -326.862274170 316.363494873
A 324.099121094 -305.581512451 347.560638428
A 197.702407837 -172.492675781 493.236877441
A -11284.418945312 5306.280273438 -9664.583984375
A 329.567047119 -310.543182373 283.472167969
A 386.127044678 51.541454315 336.745574951
A 329.382446289 -120.349273682 83.831214905
A 124.895690918 -31.074180603 118.966369629
A 447.525695801 -29.522140503 255.794860840
A 203.065887451 -324.340606689 291.574462891
A 63.502685547 -7.930742741 361.236968994
A 217.731170654 39.344821930 445.139526367
A 77.368263245 -4.863945961 179.830261230
A 110.805397034 -268.964874268 220.842834473
A 415.838226318 -118.924728394 150.577713013
A 154.309448242 -78.716461182 486.060852051
A 80.693634033 20.097673416 362.588348389
A 40023.460937500 -48632.003906250 61769.957031250
A 410.210479736 -225.548706055 361.512847900
A -7505.326660156 863.782592773 4751.765625000
A 1667.893554688 -3825.522216797 -604.471435547
A 153.525314331 -272.590332031 401.029571533
A 158.880035400 84.781753540 219.505844116
A 432.309204102 -2.943281412 236.896118164
A 319.528167725 -249.665802002 138.655685425
A 44.135086060 -168.360656738 216.830291748
A 372.160888672 5.442356110 145.863967896
A 299.892333984 98.325370789 227.695724487
A 378.966094971 -186.825225830 438.475219727
A 92.516746521 -175.619796753 140.462478638
A 148.639801025 -219.240859985 122.328033447
A -3643.250488281 2333.608642578 102.837127686
A 312.911773682 -249.207382202 439.850494385
A 185.706130981 -119.522773743 499.260284424
A 408.225555420 -196.581512451 171.812881470
A 169.768432617 83.663879395 349.657073975
A 239.768157959 -28.013246536 480.246734619
A 150.382766724 -307.096405029 260.171875000
A 118.408226013 -105.134643555 473.721130371
A 277.624938965 -322.260559082 256.715515137
A 267.863525391 -300.471191406 361.669525146
A 334.113067627 0.630976021 288.680480957
A 155.324111938 -112.320632935 82.052650452
A 383.100524902 -20.178304672 142.923629761
A 296.016906738 -231.337020874 463.213287354
A 30531.863281250 59324.382812500 28308.425781250
A 90.683319092 -158.059860229 435.797729492
A 305.531738281 20.585893631 457.090881348
A 276.950195312 -324.030883789 322.097442627
A 446.434417725 -107.267608643 210.211441040
A 96.918533325 -34.122589111 139.778686523
A 107.523910522 40.718643188 202.361785889
A 265.359069824 -279.727416992 419.282623291
A 351.499603271 78.315536499 245.738342285
A 43.991855621 -96.168716431 195.174331665
A 52.020511627 -50.877525330 369.448822021
A 259.959228516 -199.330871582 87.599807739
A 165.936065674 -25.776893616 451.613586426
A 115.751182556 -42.674400330 452.780395508
A 260.824096680 -205.645935059 483.034667969
A 429.389739990 -51.796989441 387.138458252
A 415.087341309 29.621625900 299.676605225
A 188.033645630 -317.393127441 256.461914062
A 304.002227783 -68.682579041 495.950469971
A 142.290054321 -290.818237305 220.040863037
A 185.651779175 69.537384033 400.104614258
A 87.318099976 -191.129119873 414.993957520
A 27.764383316 -145.866729736 291.900939941
A 209.779907227 -262.480712891 138.106445312
A 248.935104370 90.444282532 187.084518433
A 195.146682739 -36.458312988 322.655639648
A -5051.224121094 46419.390625000 -59317.761718750
A 372.031524658 38.283039093 186.675994873
A -520.332336426 -1403.202392578 195.828109741
A 89.127677917 -215.293380737 402.786804199
A 409.865325928 -226.033630371 205.941955566
A 100.598899841 -70.049308777 123.806526184
A 311.234954834 15.986925125 117.997550964
A 8678.567382812 -558.114074707 -1933.332397461
A 421.344604492 -8.915053368 370.614837646
A 270.995635986 -86.398544312 69.655914307
A 116.903717041 24.023660660 404.189056396
A 129.697769165 -297.513549805 302.942596436
A 9953.274414062 11362.537109375 21740.226562500
A 346.952758789 54.354156494 179.794967651
A 25.123998642 -114.265335083 248.330947876
A 106.299110413 -21.274854660 437.893798828
A 20.930774689 -81.064620972 279.202056885
A 354.570831299 -251.747344971 162.084594727
A 410.694519043 -247.720504761 287.743560791
A 113.832839966 9.547961235 356.023437500
A 97.000526428 -115.417884827 450.984588623
A 36.419998169 -44.283187866 286.100402832
A -3963.499267578 -1596.346557617 3900.969238281
A 193.678939819 101.041366577 247.193099976
A 237.125747681 -220.138534546 95.676780701
A 137.885314941 -108.777664185 444.315307617
A 84.270011902 -8.304371834 396.203643799
A 122.651992798 40.703460693 179.010147095
A -23725.761718750 7517.017578125 4873.641113281
A 93.240638733 -239.574920654 203.474105835
A 292.429656982 -99.116027832 502.906066895
A 121.130744934 -283.204223633 339.216491699
A 41.066516876 -100.405479431 373.894256592
A 360.436309814 23.355083466 376.032226562
A 352.902435303 74.337722778 339.558654785
A 204.884475708 102.363937378 318.536193848
A 433.137451172 8.108910561 273.507781982
A 457.845947266 -52.659000397 298.506835938
A 274.630859375 -288.736755371 165.499038696
A -3182.636474609 2958.409179688 -632.213134766
A 110.243301392 -148.218933105 456.438110352
A 282.105377197 -180.568527222 78.775337219
A 337.661987305 93.532562256 278.865234375
A 262.081268311 -247.710678101 457.016571045
A 102.934249878 6.491080761 160.845581055
A 429.640472412 -217.374771118 319.035430908
A 349.927062988 -7.230073452 124.730224609
A 295.518280029 -308.903778076 359.466491699
A 341.813690186 -120.711372375 489.950408936
A 177.265457153 -82.335083008 78.755943298
A 120.069267273 60.649360657 343.871582031
A 250.438644409 70.669242859 158.806503296
A 461.053741455 -77.795257568 271.215515137
A 307.222045898 -1.706570745 255.507141113
A 222.843917847 -281.279937744 418.444396973
A 137.953460693 -164.432434082 471.378570557
A 260.902221680 -316.629791260 222.345977783
A 275.874206543 33.182254791 119.241081238
A 180.398620605 -241.753997803 127.569450378
A 347.004364014 -39.249649048 467.938629150
A 84.760284424 -257.391510010 337.092834473
A 170.613815308 89.902687073 326.203338623
A 197.525665283 -292.186553955 180.515029907
A 390.855316162 -21.966756821 429.505340576
A 318.454406738 -146.477890015 82.401245117
A 210.957519531 -226.241210938 467.663085938
A 412.966003418 -145.052154541 422.372711182
A 227.621109009 -309.484436035 371.175323486
A 227.461517334 -185.013137817 489.117614746
A -13637.989257812 12516.479492188 2944.235351562
A 363.703002930 -207.228805542 132.022293091
A 394.910430908 -97.666198730 447.210632324
A 11620.641601562 5207.524414062 -27.261180878
A 319.600311279 38.542770386 411.024902344
A 33.564006805 -150.223373413 240.368789673
