533

A 318.960357666 -44.834640503 114.927688599
A 87.119682312 -158.580856323 343.216033936
A 280.346008301 -122.037536621 374.012176514
A 230.223876953 -252.935546875 233.423492432
A 353.287933350 -35.663654327 271.894805908
A 367.056243896 -83.269500732 244.339004517
A 263.970764160 -185.252273560 262.664672852
A 259.538604736 -93.280830383 372.222900391
A 279.109710693 -4192.970214844 -39990.257812500
A 363.516784668 -116.563545227 222.290313721
A 99.078804016 1.015026093 106.240074158
A 266.553466797 -66.063430786 331.413787842
A 262.028320312 -235.658889771 182.412460327
A 327.934234619 -23.988819122 317.223175049
A 57.725837708 -40.681938171 127.743896484
A 2750.388427734 -633.434082031 6068.843750000
A 215.236648560 -112.210243225 395.728179932
A 156.870697021 -233.858886719 306.341247559
A 81.294425964 -145.267822266 236.964584351
A 265.315734863 19.621225357 109.609321594
A 194.359405518 80.195625305 275.323181152
A 360.600677490 -115.344062805 251.774810791
A 183.530776978 -115.917778015 398.353485107
A 5008.301269531 3778.680664062 3.843460798
A 250.244003296 29.158470154 343.187927246
A 256.070434570 -246.130950928 253.303771973
A 284.357757568 -6.640233994 352.097747803
A 360.645355225 -58.792480469 269.015350342
A 342.513275146 -162.992111206 198.248245239
A 159.479080200 -45.003353119 82.716079712
A 176.347137451 74.443672180 158.471252441
A 358.616943359 -86.462989807 275.690887451
A 360.276977539 -49.169612885 195.915313721
A 266.702484131 -222.974288940 300.715942383
A 339.206970215 -162.544815063 274.490325928
A 72.437660217 -157.665298462 124.649803162
A 210.967849731 -3.082316637 378.477233887
A 84.599121094 46.949146271 243.752670288
A 356.841918945 -110.105491638 175.478775024
A 27.400419235 -88.027580261 263.072052002
A 317.456085205 -120.145210266 111.894195557
A 102.749183655 -84.399887085 77.477828979
A 121.544204712 12.976042747 100.087142944
A 235.441268921 -211.450057983 338.471130371
A -935.229919434 314.276794434 236.446899414
A 248.632644653 -12.669747353 80.840270996
A -38529.464843750 50907.582031250 32356.140625000
A 171.207351685 77.587310791 270.552917480
A 122.141166687 45.167316437 315.465911865
A 118.347145081 -130.371917725 233.978424072
A 53.932212830 17.879842758 220.962600708
A 41.665756226 -49.716983795 149.541381836
A 76.470397949 -123.828338623 100.886642456
A 108.039848328 -175.294097900 348.113098145
A 210.072814941 84.159996033 255.889846802
A 174.177917480 -253.971923828 265.547790527
A 123.905845642 42.130699158 131.750915527
A 77.143257141 -214.404876709 238.658309937
A 63.901298523 -176.645660400 298.445098877
A -52975.242187500 13064.647460938 -40847.804687500
A 99.007881165 -60.211936951 82.088287354
A 193.688385010 -80.732269287 400.763000488
A 102.402122498 -145.804214478 359.473114014
A 145.117538452 -220.033752441 324.807861328
A 61.180126190 -200.131530762 222.634582520
A 271.412506104 -182.682205200 107.258872986
A 208.872207642 88.274665833 234.086669922
A 307.722778320 -212.239807129 198.045913696
A 314.576446533 -200.624877930 262.308349609
A 352.272796631 -150.751022339 226.675430298
A 350.940246582 -69.496864319 154.181869507
A 316.114898682 -140.666412354 179.402969360
A 300.132568359 -191.518661499 142.818664551
A 74.122344971 33.331573486 268.782897949
A 85.500000000 -208.070037842 291.667266846
A 46.882061005 -130.284561157 143.028579712
A 271.681488037 -31.315601349 83.652099609
A 228.464401245 -161.955520630 378.422607422
A 275.043395996 16.277647018 341.705932617
A 172.707107544 11.825356483 82.023498535
A 3263.565673828 -9992.343750000 18786.314453125
A 257.908325195 -10.371358871 368.528656006
A 111.880668640 -187.804641724 113.792327881
A 302.584106445 33.799533844 290.611419678
A 160.708541870 -132.950271606 62.750232697
A 40.360519409 -141.701339722 292.102081299
A 338.318511963 -70.775558472 132.303543091
A 198.754089355 -207.340423584 348.031860352
A 243.626358032 -35.348922729 385.953277588
A 151.243118286 -163.237716675 376.122558594
A 104.641860962 -194.211898804 329.475860596
A 130.820114136 -245.048141479 228.947692871
A 31478.884765625 -10731.139648438 -34193.972656250
A 339.639404297 -112.714324951 314.020141602
A 110.227218628 -215.549697876 151.176895142
A 352.859375000 -123.864425659 275.972808838
A -15803.901367188 -64777.148437500 8279.398437500
A 113.278442383 -122.653968811 75.982170105
A 251.568603516 -151.877670288 376.933441162
A 353.569885254 -135.419998169 185.738220215
A 58.129798889 -96.844596863 335.666320801
A 52.887298584 -70.299308777 130.548934937
A -2110.188232422 4855.280761719 5010.354980469
A 92.065635681 -173.575408936 116.941741943
A 303.032958984 -109.717231750 97.981307983
A 126.283554077 18.691583633 333.845153809
A 281.834045410 -177.777267456 341.693115234
A 178.445144653 -223.762466431 123.002372742
A 59.706043243 -73.640960693 111.580528259
A 174.977844238 -192.026519775 93.306030273
A 37.265415192 -154.422943115 188.563888550
A 287.710601807 -216.562561035 167.488464355
A 44.732177734 -18.407922745 163.533264160
A 233.363616943 -213.477188110 116.786849976
A 183.919601440 -259.090820312 200.024826050
A 319.452209473 -73.639564514 110.129249573
A 169.099166870 -42.556091309 59.161956787
A -1219.735717773 -66522.710937500 -16238.801757812
A 127.477668762 -216.895996094 135.076232910
A 222.211166382 -132.701538086 82.894340515
A 121.124382019 -11.519221306 86.876289368
A 188.352767944 -54.308235168 397.021453857
A 219.841369629 -186.123748779 115.040237427
A 66.033897400 -65.023681641 344.824890137
A -45615.457031250 -35261.066406250 -40823.964843750
A 344.454498291 -14.502327919 276.087860107
A 288.766418457 -223.626800537 190.463623047
A 278.718811035 -151.089569092 361.912322998
A 19.356456757 -79.634407043 241.026672363
A 38.486316681 -9.144880295 224.513046265
A 264.778106689 -64.313888550 383.920501709
A 176.175582886 -6.422509193 379.798492432
A 305.037750244 38.873043060 184.199905396
A 248.627761841 52.338882446 135.495925903
A 305.836273193 -68.233360291 95.870849609
A -670.705871582 -4745.865722656 1661.226684570
A 169.471694946 -158.861785889 69.052879333
A 156.243011475 -248.377899170 276.245330811
A 750.762878418 -604.803405762 86.592758179
A 236.988998413 74.502861023 269.688354492
A 141.392395020 51.069831848 130.562210083
A 90.771965027 -196.017547607 309.809600830
A 234.692565918 -65.398841858 57.597621918
A 211.506546021 -247.033081055 294.654174805
A 35.052993774 -20.088768005 248.577117920
A 23949.466796875 -8148.705078125 -34802.839843750
A 231.844635010 -129.360107422 390.227142334
A 212.461166382 -113.434654236 214.744461060
A -3251.036376953 -968.190002441 1035.259033203
A 190.436264038 31.272388458 99.361305237
A 73.101860046 -172.100372314 204.907257080
A 64.392539978 -39.105445862 337.068481445
A 245.263046265 64.834739685 160.971069336
A 76.131248474 -208.091705322 204.734024048
A 124.228721619 25.099802017 342.899902344
A 53.316635132 8.543837547 183.562164307
A 320.663238525 -25.043594360 129.532913208
A 173.030029297 -83.023612976 50.861995697
A 311.475494385 -169.578720093 321.119537354
A 32.646366119 -103.877792358 292.914978027
A 57.889255524 -146.188674927 139.818405151
A 68.242912292 -20.602134705 136.277679443
A 203.759506226 85.285964966 191.353042603
A 227.024154663 46.964450836 332.811523438
A 109.791000366 52.855865479 165.824249268
A 67.716659546 -200.413879395 189.478546143
A 59.809875488 20.623332977 199.356140137
A 52.201103210 -183.580459595 249.602767944
A 79.310745239 42.451850891 208.203308105
A 294.937805176 -223.109176636 235.102584839
A 151.699218750 73.135749817 173.635238647
A 267.553161621 -220.121170044 145.993515015
A 25.922363281 -124.211959839 213.813095093
A 209.598785400 10.224235535 81.716224670
A 291.951751709 56.471801758 211.568206787
A 308.425964355 -144.462722778 113.239234924
A 305.966674805 2.753955364 322.979492188
A 257.003479004 -50.979919434 69.694496155
A 132.124465942 -240.416198730 275.412292480
A 139.101104736 77.369285583 219.601058960
A 237.663574219 -36.163040161 68.895118713
A 34.258907318 -106.233955383 157.131805420
A 351.378509521 -16.098073959 237.963760376
A 264.646392822 -174.727111816 356.348724365
A 156.708663940 67.115333557 296.818634033
A 146.443252563 -9.713847160 377.998291016
A 3332.807128906 7771.353027344 10636.266601562
A 209.196716309 85.410751343 212.227432251
A 74.556922913 -175.626007080 141.146453857
A 340.159149170 -175.349563599 227.324722290
A 155.125823975 -67.500267029 396.226776123
A 37.686988831 -15.034377098 195.385986328
A 303.505706787 -201.853424072 164.722381592
A 644.632690430 -1016.811218262 -48.146846771
A -24117.109375000 30706.449218750 25067.423828125
A 38.830814362 -155.019515991 263.458831787
A 258.034454346 -137.632629395 73.540916443
A 202.918777466 -213.188980103 109.021675110
A 64.616081238 27.715494156 241.909637451
A 33.593379974 -42.331554413 172.560760498
A 318.012908936 -149.362686157 329.615142822
A 196.812805176 -110.902450562 55.654331207
A 223.766616821 -177.635284424 81.059776306
A 119.493476868 -228.089675903 295.430572510
A 144.341125488 -151.906524658 76.068313599
A 100.889762878 58.352256775 233.233093262
A 138.274627686 -244.331939697 181.108306885
A 130.722396851 -169.365554810 364.604064941
A 234.516342163 -87.390327454 59.888256073
A 46.953548431 -176.471099854 196.191711426
A 224.872314453 -10.517203331 73.480857849
A 249.780456543 36.733165741 116.376770020
A 73.013847351 -86.908081055 99.398353577
A 135.505508423 -1095.519531250 -230.565460205
A 53.047500610 -128.660140991 321.462585449
A 321.341796875 32.562961578 208.264770508
A 210.573822021 -44.658767700 394.560119629
A 71.519180298 -107.365562439 107.699958801
A 220.983428955 -92.267166138 397.183624268
A 205.886215210 -26.793226242 61.917224884
A 272.386840820 -80.538070679 74.383338928
A 327.806304932 -14.846966743 219.219955444
A 159.861236572 -46.363792419 393.202758789
A 224.392013550 62.155593872 139.837966919
A 91.662040710 1.085181832 337.381469727
A 264.647949219 64.522338867 174.912384033
A 253.712280273 -241.847991943 208.068679810
A 192.931488037 -49.293994904 56.846000671
A 176.423553467 -245.253585815 225.882812500
A -5699.042480469 31861.068359375 -75651.328125000
A 45.758075714 -100.907714844 133.831619263
A 127.423286438 -133.870544434 380.735504150
A 133.846481323 -121.534881592 66.672019958
A 172.906311035 -117.416542053 56.188598633
A 171.577774048 85.651596069 229.029388428
A 203.580886841 79.080001831 172.523681641
A 350.394683838 -67.282814026 297.602386475
A 286.102630615 -127.891723633 87.921424866
A 329.004882812 -150.616638184 307.076446533
A 241.035034180 -227.318359375 313.864166260
A 64.553260803 12.899581909 162.921493530
A 311.558532715 -194.917694092 290.553161621
A 321.870697021 21.000724792 180.914978027
A 288.438446045 -98.088485718 82.991539001
A 341.555297852 -141.712570190 157.660385132
A 294.835021973 -37.625453949 94.235496521
A 41.956485748 -118.200462341 307.062347412
A 162.062011719 -209.160293579 344.138153076
A 214.468414307 26.453880310 355.910736084
A 340.757385254 -139.114822388 299.637847900
A 44897.304687500 20695.740234375 5385.179199219
A 571.306640625 -1349.369018555 -897.530944824
A 345.410369873 -107.180412292 148.523910522
A 201.210021973 -258.001922607 221.713134766
A 151.209457397 64.361404419 150.956222534
A 266.589782715 -203.291824341 329.007263184
A 52.860271454 -27.791093826 312.332946777
A 140.537185669 -37.110450745 65.375579834
A 323.759277344 -53.901840210 335.466064453
A 293.362548828 -215.904449463 279.569580078
A 237.516815186 66.911514282 295.275756836
A 162.345962524 50.350414276 120.134391785
A 46.197120667 -79.975250244 319.194549561
A 325.134246826 18.055759430 268.811889648
A 26.993595123 -64.589431763 275.143676758
A 305.950073242 -34.360733032 348.826416016
A 247.917251587 -166.048583984 83.629333496
A 36.971702576 -161.714431763 236.866394043
A 258.185333252 48.958297729 314.695922852
A 304.260253906 -102.410507202 359.149993896
A 199.447235107 -15.631358147 387.338623047
A 261.540771484 72.004219055 250.343078613
A 261.798461914 62.455711365 286.801513672
A 295.219665527 -188.006271362 325.072265625
A 33.592208862 -152.862945557 218.256118774
A -2550.739257812 -13019.793945312 6835.634277344
A 271.164489746 -154.288223267 90.059326172
A 319.951049805 -1.840750575 143.093566895
A 103.687568665 -210.781570435 263.191162109
A 23.437725067 -111.449012756 255.903350830
A 1356.586791992 5289.843261719 3684.475341797
A 193.488601685 33.465530396 174.531738281
A 343.192626953 -23.441926956 163.968566895
A 128.307693481 -196.306762695 342.946502686
A 112.626495361 -24.521236420 370.732574463
A 336.463073730 -168.770843506 178.107299805
A 218.984207153 -119.542137146 58.293739319
A 106.040481567 -149.609405518 91.065872192
A 143.436904907 -118.506095886 390.154266357
A 30.285995483 -71.400520325 213.227264404
A 290.695800781 57.636676788 245.797531128
A 281.741394043 -233.051528931 216.155944824
A 313.149597168 10.551052094 306.971008301
A 203.259017944 -137.032608032 390.865783691
A 150.983078003 -83.690475464 156.172958374
A 306.597442627 43.578620911 234.030044556
A 147.128860474 27.103483200 103.462585449
A 224.221054077 41.267055511 112.215103149
A 120.208610535 -91.819030762 384.813446045
A 191.003479004 -180.635345459 370.500640869
A 352.388793945 -49.516227722 175.280670166
A 324.387054443 -193.390655518 197.124679565
A 353.366149902 -65.242950439 245.432586670
A 94.377426147 -55.025798798 366.594360352
A 339.282226562 -70.689399719 317.508422852
A 366.291503906 -93.338691711 223.384628296
A -22443.423828125 -32957.312500000 25464.226562500
A 159.640228271 -2.793183327 81.039794922
A 85.667610168 42.616294861 180.460220337
A 200.047393799 -232.291183472 316.756317139
A -908.349304199 -2757.084960938 -1732.680419922
A 110.600990295 28.402376175 126.461029053
A 303.699737549 -122.428611755 353.970275879
A 327.510650635 3.981361628 163.258682251
A 28.116634369 -43.231361389 195.921203613
A 362.789916992 -87.052612305 194.259994507
A 25.419664383 -77.640960693 175.825256348
A 167.330047607 15.590715408 365.295379639
A 294.814117432 -50.488887787 363.379150391
A 96.698616028 -116.001846313 85.972549438
A 25.883071899 -49.080596924 255.123641968
A 241.171951294 80.446334839 209.518539429
A 142.944641113 -5.857470989 78.887298584
A 182.237152100 64.549552917 310.309967041
A 49.961544037 -61.358608246 321.029937744
A 239.327255249 80.826377869 236.961029053
A 279.993652344 -231.320190430 263.304626465
A 54.021179199 -171.418716431 281.274414062
A 203.848037720 -238.500534058 150.481155396
A 113.180168152 55.042999268 288.105468750
A 188.484710693 -8.648241997 68.154190063
A 52.336906433 -167.008804321 166.420288086
A 180.754180908 41.687931061 110.527549744
A 283.432983398 36.663940430 312.109954834
A 119.399299622 71.867507935 244.769058228
A 172.645172119 -88.318176270 398.927337646
A 258.417968750 -122.584045410 384.480926514
A 351.936981201 -101.372291565 292.433349609
A 357.059051514 -129.030197144 206.766891479
A 139.116287231 -209.684768677 120.320381165
A 91.710563660 36.295043945 300.896636963
A 288.494140625 44.843059540 167.975555420
A 332.081909180 -86.888656616 329.174682617
A 201.410095215 74.791313171 293.300781250
A -262.336273193 566.279418945 1399.900756836
A 213.108566284 -197.020721436 93.622756958
A -15254.709960938 42801.664062500 -3712.427734375
A 134.622390747 -36.771167755 382.660125732
A 351.939514160 -140.106933594 258.801818848
A 312.853057861 -207.728027344 239.819335938
A 50.139610291 6.088873863 250.630264282
A 187.048965454 -81.691925049 57.922103882
A 151.354492188 -192.738174438 357.393341064
A 334.578002930 -124.300018311 133.805908203
A 7132.810058594 2530.733886719 -4174.533203125
A 173.648254395 86.288986206 209.430877686
A 288.988983154 -71.417442322 372.683074951
A 117.214233398 -46.452842712 74.406311035
A 29.883529663 -132.523773193 262.277496338
A 95.407676697 -198.179519653 141.883392334
A 233.650985718 -246.666488647 181.836715698
A 234.880462646 -7.963103294 375.832611084
A 239.622177124 -228.085601807 145.224639893
A 215.549118042 59.535270691 314.744781494
A 194.762863159 52.994937897 327.839599609
A 194.785034180 37.885509491 347.985137939
A 339.087402344 4.805395603 254.497024536
A 175.939697266 -251.064910889 177.540206909
A 96.956390381 -228.254837036 204.797500610
A 131.708251953 9.921019554 360.085968018
A 286.400421143 -209.102310181 306.887268066
A 126.736968994 -244.727722168 252.992355347
A 117.540504456 69.043350220 207.227157593
A 294.411682129 17.096015930 131.104034424
A 243.589202881 -237.780227661 159.182373047
A 1606.831909180 -1805.741210938 0.781578898
A 99.305946350 55.575023651 199.423797607
A 303.555175781 -170.485870361 127.939979553
A 148.676223755 -92.930999756 60.028087616
A 178.168457031 -240.679809570 152.002777100
A 37.726242065 -23.729904175 275.123565674
A 142.705947876 -236.227890015 159.366531372
A 158.140426636 44.043846130 335.748474121
A -12267.608398438 9570.022460938 -13337.341796875
A 288.691558838 -64.434310913 82.829185486
A 139.443923950 -170.727722168 85.776809692
A 337.200561523 -41.527351379 142.078018188
A 190.033401489 -258.696533203 249.445663452
A 255.789123535 -241.062606812 275.325103760
A 156.586685181 -136.277694702 389.568969727
A -8921.301757812 4194.066894531 -7640.216308594
A 260.057525635 -245.277648926 223.898468018
A 305.976104736 40.229393005 265.865081787
A 260.042510986 -95.171913147 66.807815552
A 97.375099182 -24.759168625 94.294372559
A 354.221649170 -23.543951035 201.585083008
A 159.230178833 -256.348144531 229.987701416
A 50.469017029 -6.210157394 285.222991943
A 171.946640015 30.411638260 351.954559326
A 61.554794312 -3.786591768 144.224899292
A 88.052688599 -212.836288452 174.256683350
A 329.000610352 -93.883255005 118.838500977
A 122.169105530 -62.715679169 384.010650635
A 64.188041687 14.644693375 286.108367920
A 31637.845703125 -38442.996093750 48828.535156250
A 323.736633301 -179.053039551 286.284149170
A -5932.875000000 683.115295410 3756.029785156
A 1317.959838867 -3023.704345703 -478.091857910
A 122.189422607 -215.243759155 315.838470459
A 125.550781250 66.000907898 172.525878906
A 341.679382324 -2.379320860 187.291610718
A 252.494796753 -197.651168823 109.188888550
A 34.682346344 -133.413696289 170.728363037
A 294.182556152 4.002871990 115.462272644
A 237.001419067 76.992034912 181.218109131
A 301.661437988 -146.960189819 348.156402588
A 74.503265381 -139.550384521 112.527053833
A 117.676528931 -171.695236206 97.035331726
A -2880.099121094 1844.637695312 82.353675842
A 247.646865845 -197.779953003 347.116271973
A 145.460296631 -94.318283081 394.006896973
A 321.969146729 -154.616577148 135.964569092
A 133.963958740 66.641609192 277.578643799
A 190.246139526 -22.223524094 379.328460693
A 120.037094116 -242.319396973 204.898529053
A 94.257659912 -82.866813660 373.711669922
A 219.298049927 -254.523117065 202.459365845
A 211.292098999 -236.125640869 285.498260498
A 265.043090820 2.136382818 227.748321533
A 122.688919067 -89.111213684 66.036033630
A 301.903656006 -15.449413300 113.281700134
A 234.481704712 -182.207839966 365.149902344
A 24135.949218750 46894.421875000 22376.677734375
A 72.498619080 -126.059219360 344.140716553
A 242.323593140 15.814978600 361.256622314
A 217.393295288 -255.209777832 254.682907104
A 353.342590332 -84.805931091 166.693435669
A 77.654273987 -26.682821274 110.465164185
A 84.221618652 31.563344955 160.776596069
A 209.901992798 -220.993087769 331.033996582
A 277.898529053 62.144680023 194.825775146
A 34.821086884 -76.567802429 154.643371582
A 40.247230530 -40.519462585 293.337982178
A 205.079437256 -157.807037354 69.124038696
A 130.733016968 -21.533868790 357.617126465
A 91.763786316 -33.620983124 358.166503906
A 205.586517334 -162.517349243 381.350738525
A 339.631408691 -40.082454681 306.303619385
A 328.655944824 23.146631241 236.530975342
A 148.147872925 -250.531692505 203.271926880
A 239.634826660 -55.564052582 391.129333496
A 112.407562256 -229.247406006 173.680343628
A 147.136993408 55.089626312 316.550537109
A 69.221603394 -150.837203979 328.304321289
A 21.836240768 -114.717720032 231.829071045
A 164.330078125 -207.651596069 109.766326904
A 196.129959106 71.890830994 147.957168579
A 155.043655396 -28.788658142 254.574111938
A -3992.034179688 36693.546875000 -46890.375000000
A 293.573211670 29.992578506 147.147872925
A -411.275390625 -1108.995727539 155.209060669
A 71.009529114 -170.981414795 318.138702393
A 324.147766113 -178.512756348 162.863479614
A 79.291816711 -54.061138153 96.899948120
A 246.546997070 12.217441559 92.958007812
A 6859.744140625 -441.762054443 -1528.020751953
A 333.124237061 -7.021011353 293.223510742
A 213.283905029 -69.224563599 54.296283722
A 92.543815613 19.368894577 319.935211182
A 102.843376160 -234.807205200 238.328109741
A 7867.579589844 8982.493164062 17187.173828125
A 273.071105957 42.198097229 142.863861084
A 20.346363068 -89.485366821 196.786773682
A 83.684707642 -18.004537582 345.084106445
A 17.147966385 -63.641265869 220.362579346
A 278.982574463 -198.620895386 128.841674805
A 324.076354980 -195.813140869 226.635009766
A 90.127441406 6.851314545 281.240905762
A 77.259094238 -92.028213501 356.547088623
A 27.957427979 -35.248565674 226.108520508
A -3132.993896484 -1261.718261719 3083.522460938
A 152.368545532 79.447265625 194.994033813
A 187.255523682 -173.561340332 75.895301819
A 108.677291870 -85.145362854 352.281768799
A 66.978195190 -6.014330387 312.684906006
A 96.009109497 31.674173355 140.637054443
A -18754.226562500 5941.268554688 3852.771728516
A 73.105667114 -189.598937988 159.886550903
A 231.625137329 -77.716323853 396.927856445
A 95.421913147 -225.469635010 268.239624023
A 32.630191803 -79.365859985 295.396057129
A 284.904357910 18.449443817 296.519226074
A 278.059265137 58.896995544 267.737884521
A 161.450546265 80.646034241 251.293151855
A 342.241912842 6.200078487 216.062210083
A 362.130798340 -42.049442291 236.139160156
A 217.376205444 -227.982894897 130.336151123
A -2515.472656250 2338.711669922 -499.357177734
A 87.676116943 -116.223793030 361.493469238
A 222.288513184 -142.210327148 63.185073853
A 265.975158691 72.668983459 220.080596924
A 206.417465210 -194.851959229 360.930694580
A 81.152664185 3.227465868 125.904144287
A 339.589721680 -170.935516357 252.263854980
A 276.122253418 -5.837631702 97.025985718
A 233.439559937 -244.082107544 284.442687988
A 270.377716064 -95.381530762 387.074920654
A 139.327590942 -65.728279114 61.035949707
A 94.649543762 48.772617340 272.745971680
A 197.307174683 57.592185974 126.379646301
A 365.366546631 -62.562973022 214.448135376
A 243.145126343 -1.349221706 202.299804688
A 175.849441528 -222.397872925 330.895477295
A 110.376167297 -130.567199707 372.483367920
A 206.162719727 -249.331710815 175.678024292
A 217.892974854 26.129604340 94.488861084
A 143.123550415 -191.963409424 100.679016113
A 274.759307861 -30.580596924 369.613433838
A 67.654045105 -202.350906372 266.624755859
A 135.042022705 71.147750854 257.408569336
A 157.298721313 -232.297821045 142.202911377
A 307.990478516 -17.189254761 339.661163330
A 251.307220459 -116.158706665 65.799377441
A 167.226501465 -179.404556274 369.735687256
A 326.703125000 -115.377243042 335.083526611
A 180.200195312 -244.393859863 293.591278076
A 178.971054077 -146.442108154 386.913360596
A -10780.098632812 9893.426757812 2327.678222656
A 287.222991943 -163.230087280 105.212402344
A 313.024505615 -77.552345276 353.817993164
A 9186.076171875 4116.181152344 -22.110214233
A 252.153015137 30.143934250 324.558654785
A 26.979846954 -118.534484863 190.079269409
