533

A 266.679718018 -37.909336090 96.472190857
A 72.190071106 -133.073532104 287.021179199
A 235.081069946 -102.136131287 312.119689941
A 192.721252441 -211.751617432 195.377487183
A 295.938446045 -29.930120468 227.658538818
A 306.726470947 -69.304870605 204.917358398
A 221.735656738 -154.697616577 219.616638184
A 217.664489746 -77.505561829 311.521911621
A 234.493087769 -3509.376708984 -33461.375000000
A 303.072082520 -98.146095276 185.941101074
A 83.909461975 0.716010630 89.172912598
A 223.758712769 -55.297557831 276.771026611
A 219.081146240 -197.703506470 152.804229736
A 274.554840088 -19.584056854 265.502990723
A 48.086193085 -33.141132355 106.606224060
A 2301.635986328 -530.484741211 5078.458496094
A 179.701538086 -94.370986938 331.897125244
A 131.318923950 -196.272354126 256.918090820
A 67.547088623 -122.047256470 198.377609253
A 222.173324585 15.591331482 91.323539734
A 163.949722290 66.820915222 230.676162720
A 301.842559814 -96.801490784 210.024246216
A 153.525634766 -97.003601074 332.877716064
A 4190.853027344 3161.060546875 2.890268803
A 209.142074585 25.024883270 287.388153076
A 215.030502319 -204.914291382 211.438613892
A 237.717147827 -4.833908558 294.294738770
A 301.629486084 -49.986400604 225.175018311
A 287.107391357 -137.078002930 166.073043823
A 133.014465332 -37.997009277 68.615615845
A 146.341659546 62.280208588 132.426940918
A 300.303955078 -72.681884766 230.636169434
A 300.963165283 -39.933544159 163.690292358
A 222.356643677 -186.257125854 252.269210815
A 283.429412842 -136.532043457 229.679168701
A 60.733917236 -132.659439087 103.864791870
A 176.898269653 -2.436654091 316.190155029
A 70.653335571 39.142150879 203.623474121
A 298.253479004 -91.379821777 146.912719727
A 23.500364304 -73.537612915 220.364135742
A 265.916717529 -100.289710999 92.721725464
A 86.028320312 -70.525398254 65.480461121
A 102.487777710 10.629879951 84.042900085
A 196.385421753 -177.594314575 283.839202881
A -782.432250977 262.988677979 197.858047485
A 208.404525757 -9.800332069 67.217300415
A -32239.980468750 42596.960937500 27072.585937500
A 142.692977905 66.094795227 227.003189087
A 101.854202271 37.709877014 263.463409424
A 98.771591187 -107.944129944 195.107437134
A 45.246593475 14.808826447 185.606002808
A 35.270671844 -42.253234863 124.568679810
A 64.217559814 -104.076446533 84.002113342
A 89.830718994 -146.038177490 291.975250244
A 175.118942261 69.524612427 213.965972900
A 145.705505371 -211.402786255 222.389328003
A 104.278182983 35.765445709 110.563789368
A 64.302490234 -179.430740356 199.946731567
A 53.923625946 -148.153640747 250.112365723
A -44326.277343750 10931.517578125 -34179.859375000
A 82.241149902 -50.318717957 68.622261047
A 161.901123047 -68.253807068 335.406250000
A 84.631935120 -122.541580200 300.733215332
A 121.385246277 -184.145385742 271.770050049
A 51.245014191 -167.287750244 186.670318604
A 226.463623047 -153.583938599 89.953170776
A 174.929260254 72.915786743 196.081710815
A 257.738189697 -177.594238281 166.407318115
A 263.864440918 -168.217864990 220.506317139
A 294.417236328 -126.487709045 190.571212769
A 292.585418701 -57.900184631 130.081634521
A 264.008575439 -116.836891174 149.662765503
A 251.421386719 -159.890228271 119.743095398
A 62.476860046 28.101739883 225.112762451
A 72.827697754 -174.288406372 244.038925171
A 39.446441650 -108.109901428 119.775741577
A 227.487625122 -24.982374191 69.849693298
A 191.883270264 -135.350204468 316.249847412
A 230.400131226 13.913640022 285.517028809
A 144.570770264 9.649985313 68.623390198
A 2731.327880859 -8360.472656250 15718.985351562
A 217.198806763 -8.368347168 307.567352295
A 93.506240845 -156.981643677 95.755912781
A 254.262466431 27.929931641 242.873291016
A 135.173431396 -111.471343994 52.444473267
A 34.575313568 -118.817665100 243.388046265
A 282.757934570 -59.205814362 111.347610474
A 166.246887207 -174.219177246 291.308013916
A 202.841308594 -29.553537369 323.113769531
A 126.585571289 -135.998809814 315.403320312
A 87.622978210 -162.017608643 275.299652100
A 108.913383484 -205.349487305 191.602706909
A 26338.287109375 -8979.209960938 -28612.423828125
A 284.047454834 -94.327789307 262.979675293
A 91.939758301 -181.373626709 125.452896118
A 295.572906494 -103.652297974 230.700286865
A -13224.167968750 -54202.308593750 6928.334472656
A 94.976676941 -103.079483032 63.162891388
A 210.131134033 -127.449256897 314.714508057
A 295.763488770 -113.667861938 156.422012329
A 48.331172943 -81.330276489 280.047668457
A 43.656871796 -58.561233521 108.482879639
A -1765.323974609 4062.397705078 4192.606445312
A 77.392272949 -145.851165771 97.732658386
A 253.894195557 -92.429489136 81.507827759
A 105.899154663 15.183143616 279.529357910
A 235.152755737 -148.778015137 285.584197998
A 148.997207642 -186.808731079 103.287170410
A 50.243690491 -61.975158691 93.126190186
A 146.870849609 -162.090682983 77.063728333
A 31.029867172 -128.792373657 157.241531372
A 240.894546509 -181.291870117 139.368530273
A 37.278137207 -15.548579216 137.371917725
A 195.567565918 -178.528656006 97.542388916
A 153.612991333 -215.676193237 167.192123413
A 267.599334717 -60.930595398 92.917846680
A 141.604141235 -35.388740540 48.939811707
A -1020.610717773 -55662.667968750 -13587.535156250
A 106.496780396 -180.669876099 113.925659180
A 185.931137085 -110.576164246 69.395156860
A 101.032569885 -9.146207809 72.464355469
A 158.575164795 -45.746677399 332.712677002
A 183.830368042 -155.989013672 96.828262329
A 55.152137756 -54.363327026 288.604644775
A -38167.886718750 -29504.033203125 -34158.644531250
A 288.301239014 -12.568080902 231.423751831
A 240.593200684 -187.745910645 159.759460449
A 232.608779907 -126.130226135 303.618560791
A 16.310144424 -67.137237549 201.436172485
A 31.764328003 -7.121133327 186.719161987
A 221.626663208 -53.723430634 321.095642090
A 148.043579102 -4.994369984 317.543395996
A 255.153213501 32.452041626 153.125091553
A 207.733688354 43.324275970 113.228195190
A 255.465637207 -57.200084686 80.496681213
A -561.786193848 -3970.403564453 1389.386230469
A 141.660736084 -132.687301636 58.165782928
A 129.830307007 -207.855880737 231.514648438
A 628.260375977 -505.371734619 71.689559937
A 197.506134033 62.577514648 225.235244751
A 118.479225159 42.510738373 109.044815063
A 74.912651062 -164.346481323 259.205139160
A 197.002990723 -54.772209167 48.833347321
A 176.948532104 -207.312011719 246.262420654
A 28.952630997 -17.052286148 207.647140503
A 20039.232421875 -6818.354492188 -29120.894531250
A 194.410675049 -107.996429443 325.668914795
A 178.355651855 -94.764961243 180.318679810
A -2720.756347656 -810.662231445 865.789367676
A 159.782455444 26.853069305 82.645187378
A 61.107826233 -144.305938721 171.744400024
A 55.052879333 -33.214721680 281.479431152
A 205.675552368 55.300559998 134.671737671
A 63.621860504 -173.504531860 171.540008545
A 104.040283203 21.262222290 287.307373047
A 44.627231598 6.686431408 153.469696045
A 269.343872070 -20.470365524 108.203849792
A 144.703170776 -68.738151550 43.581031799
A 261.156372070 -142.452697754 268.292114258
A 27.919273376 -87.160758972 244.867019653
A 47.409786224 -122.056419373 117.383636475
A 58.353015900 -16.969060898 114.080833435
A 170.260574341 70.722648621 160.384094238
A 190.728179932 38.700588226 278.461242676
A 92.240463257 43.905910492 138.982147217
A 56.019210815 -167.907424927 158.296813965
A 49.570922852 17.580577850 167.474975586
A 42.439235687 -153.606521606 208.282730103
A 66.136550903 35.761451721 174.183731079
A 246.647476196 -187.669937134 197.006179810
A 127.239799500 61.498950958 146.002105713
A 223.060073853 -183.365112305 121.897445679
A 20.082895279 -104.118614197 178.183349609
A 174.488128662 8.593464851 68.968894958
A 244.541336060 47.039081573 177.141021729
A 258.905426025 -121.140708923 94.751487732
A 256.162475586 2.454535484 270.319946289
A 215.434677124 -43.220046997 58.649616241
A 110.193138123 -201.098403931 230.683837891
A 116.018196106 65.059623718 184.909759521
A 199.701492310 -30.740312576 57.202262878
A 29.299978256 -89.348617554 131.832031250
A 294.180999756 -12.599691391 199.516418457
A 222.675048828 -145.720855713 297.500122070
A 131.284683228 56.059345245 248.051239014
A 123.047447205 -8.925716400 315.559478760
A 2788.739990234 6502.755371094 8900.597656250
A 174.673339844 71.843513489 176.619125366
A 62.141143799 -146.800704956 118.884643555
A 284.959106445 -146.509582520 190.529861450
A 130.101760864 -55.858619690 331.320770264
A 31.198429108 -12.669147491 163.378524780
A 253.555847168 -168.191909790 137.223999023
A 538.399047852 -850.417724609 -40.638919830
A -20180.421875000 25693.064453125 20974.789062500
A 32.328029633 -130.223770142 219.714843750
A 215.927658081 -115.012603760 61.155834198
A 170.710021973 -178.325866699 92.072532654
A 53.784847260 24.565238953 201.762069702
A 28.721353531 -35.337265015 143.976791382
A 266.128265381 -124.128135681 275.523559570
A 164.335861206 -92.681259155 45.785030365
A 186.970397949 -147.747344971 67.787719727
A 100.416893005 -189.490936279 247.118148804
A 119.508132935 -126.645187378 62.666404724
A 84.667518616 49.333271027 194.341400146
A 116.990798950 -204.411270142 151.176040649
A 108.902397156 -141.478698730 304.593811035
A 196.562957764 -73.317840576 50.033035278
A 39.307403564 -148.562393188 164.702438354
A 188.393157959 -8.558800697 61.208053589
A 208.624420166 30.862522125 97.012458801
A 61.463558197 -73.576683044 82.573524475
A 113.815315247 -916.543212891 -193.276657104
A 44.248722076 -107.851097107 269.140014648
A 268.100891113 26.695322037 173.894134521
A 176.511581421 -37.673816681 330.548004150
A 59.918598175 -89.788024902 89.721939087
A 186.111221313 -77.093360901 331.464385986
A 172.033432007 -22.649538040 51.989418030
A 228.125610352 -67.168106079 62.259437561
A 274.375274658 -12.759243965 183.228317261
A 133.673706055 -38.281944275 329.131927490
A 188.025146484 52.017398834 116.817306519
A 76.282905579 2.056801081 282.546936035
A 221.630355835 54.221843719 146.723205566
A 212.731399536 -202.301742554 174.523681641
A 162.371139526 -41.772651672 47.541282654
A 147.233291626 -205.580795288 188.942184448
A -4768.398437500 26660.695312500 -63300.074218750
A 38.856262207 -84.314147949 111.805725098
A 106.663803101 -112.481658936 318.562072754
A 111.629318237 -101.300788879 56.303550720
A 144.651397705 -98.520294189 47.576160431
A 144.550918579 72.041687012 191.957977295
A 170.067413330 66.402740479 144.278533936
A 293.698516846 -56.331550598 249.015274048
A 239.447830200 -107.509048462 74.027420044
A 275.976928711 -126.156295776 257.177246094
A 202.393554688 -189.684082031 261.996887207
A 53.239868164 10.334613800 136.955444336
A 260.425231934 -163.954162598 242.972427368
A 270.179077148 17.435596466 150.760391235
A 241.184478760 -81.933052063 69.872436523
A 285.004913330 -118.545455933 132.273010254
A 246.872802734 -31.222892761 79.078308105
A 36.211341858 -99.119644165 256.116271973
A 134.749496460 -175.690521240 287.939086914
A 178.893493652 22.149122238 297.965179443
A 285.290435791 -116.059654236 250.080688477
A 37567.496093750 17317.611328125 4506.288085938
A 478.236450195 -1128.602905273 -750.316589355
A 288.796997070 -90.130470276 124.317863464
A 168.409240723 -215.854431152 185.865081787
A 125.324813843 54.007644653 126.301963806
A 223.427093506 -170.375869751 275.793060303
A 44.826515198 -23.322368622 261.638702393
A 118.123283386 -30.974077225 55.012790680
A 271.329101562 -45.638019562 280.040405273
A 245.267074585 -181.778884888 233.925033569
A 197.897796631 55.399425507 247.164428711
A 136.246185303 41.914615631 101.038543701
A 39.442756653 -67.092102051 267.418853760
A 271.540130615 16.078077316 224.789733887
A 23.134183884 -54.320945740 229.658187866
A 255.930358887 -29.602157593 292.442993164
A 208.364227295 -139.353454590 70.096481323
A 30.683349609 -135.283981323 198.705978394
A 216.698608398 42.229907990 262.898590088
A 254.812927246 -85.374618530 300.843933105
A 166.889053345 -14.256149292 324.219390869
A 218.994567871 60.136711121 209.320480347
A 219.576507568 51.573684692 239.495788574
A 247.599792480 -156.625839233 270.284393311
A 27.736244202 -128.116058350 182.232620239
A -2134.317871094 -10894.340820312 5719.684570312
A 227.477584839 -128.948440552 74.822174072
A 267.921417236 -1.097338438 120.514602661
A 86.645622253 -175.887222290 220.607727051
A 19.448888779 -93.729148865 213.715393066
A 1135.509155273 4425.823730469 3083.293701172
A 162.756118774 27.132457733 145.228118896
A 286.726501465 -19.677274704 137.773880005
A 106.792808533 -164.595504761 287.002410889
A 94.572113037 -20.479696274 310.236328125
A 281.520355225 -141.402801514 148.982788086
A 182.629211426 -99.271934509 48.263420105
A 89.589317322 -124.904060364 75.910896301
A 118.753860474 -98.120437622 326.120758057
A 24.449028015 -59.328330994 178.563781738
A 242.731369019 48.402236938 205.907699585
A 235.894348145 -193.945449829 181.078552246
A 262.129089355 9.280152321 256.853820801
A 169.958724976 -115.263648987 326.995086670
A 125.403465271 -70.182678223 130.410507202
A 256.961547852 36.740123749 194.949157715
A 122.589988708 22.373254776 86.062812805
A 187.329803467 34.155845642 93.357337952
A 100.834182739 -76.718215942 321.508636475
A 159.202957153 -152.151519775 310.505523682
A 295.529022217 -42.128177643 145.311401367
A 271.108154297 -161.425369263 164.706390381
A 296.089263916 -54.324871063 205.375381470
A 78.011634827 -45.993270874 306.329101562
A 284.045593262 -58.892616272 265.481567383
A 306.549865723 -77.787475586 186.744262695
A -18779.607421875 -27577.292968750 21305.531250000
A 133.129684448 -2.470075130 68.251205444
A 71.886749268 35.555145264 152.565277100
A 167.194656372 -195.083999634 265.390228271
A -760.355895996 -2306.734619141 -1450.168945312
A 91.918991089 23.616004944 104.818069458
A 253.511932373 -102.815605164 296.677612305
A 274.138000488 3.575417042 136.768829346
A 22.904853821 -36.731216431 164.328872681
A 303.153961182 -72.823127747 163.389617920
A 21.614974976 -64.876403809 148.019470215
A 139.745986938 12.024846077 305.662109375
A 247.067367554 -42.712425232 304.016510010
A 80.501632690 -96.217346191 71.354255676
A 21.582590103 -41.189109802 213.931747437
A 201.600372314 66.965858459 175.995132446
A 120.139686584 -4.262955189 65.526893616
A 151.604400635 53.626743317 259.069183350
A 41.467197418 -50.857807159 268.077087402
A 200.241409302 67.132331848 198.603744507
A 235.086685181 -192.689666748 220.044967651
A 44.718658447 -143.853836060 234.693191528
A 170.074279785 -200.412063599 126.087272644
A 95.079689026 46.252792358 241.732452393
A 158.314605713 -8.035055161 56.940898895
A 43.300247192 -138.856674194 138.460128784
A 150.623275757 35.497245789 91.957374573
A 237.589263916 30.964908600 260.776000977
A 100.279037476 59.307392120 204.417343140
A 144.856231689 -74.680702209 334.694458008
A 216.370407104 -103.576477051 321.519012451
A 294.250305176 -84.408905029 245.688323975
A 298.707275391 -108.650802612 173.867431641
A 117.111190796 -174.746398926 100.217880249
A 76.824203491 29.668678284 252.222351074
A 241.504592896 39.130218506 141.796020508
A 277.994964600 -73.197113037 275.231628418
A 168.885482788 61.908012390 245.293869019
A -219.166580200 474.810211182 1171.491943359
A 178.587951660 -164.571075439 77.991004944
A -12764.622070312 35813.566406250 -3105.537109375
A 113.586387634 -30.610305786 320.559051514
A 295.019042969 -117.800834656 217.242813110
A 262.222106934 -174.602554321 200.131622314
A 40.780639648 5.878217697 209.492462158
A 155.982818604 -67.772819519 47.375740051
A 126.905227661 -160.546585083 299.000000000
A 280.315460205 -103.432281494 112.174873352
A 5968.114746094 2117.221923828 -3491.992187500
A 146.545043945 72.142868042 175.850936890
A 241.906341553 -59.805442810 311.262878418
A 96.745178223 -38.403900146 62.452838898
A 24.605600357 -111.005874634 219.445480347
A 79.210365295 -166.835281372 118.659828186
A 195.664077759 -206.934356689 152.638198853
A 196.727264404 -6.886849880 315.109069824
A 200.624801636 -190.346450806 121.980201721
A 180.445785522 50.682044983 263.379028320
A 163.227096558 44.544734955 274.731506348
A 162.598907471 31.572118759 291.376617432
A 284.313842773 3.708233833 213.014038086
A 147.095199585 -209.891891479 149.025527954
A 81.758483887 -191.311782837 171.486511230
A 110.820159912 7.777851105 301.428497314
A 239.702667236 -174.737060547 256.669403076
A 106.176834106 -203.332015991 212.351608276
A 98.795173645 57.693790436 173.728332520
A 247.555175781 13.791839600 109.794403076
A 203.469085693 -198.737274170 133.561630249
A 1343.944335938 -1511.211425781 0.916204631
A 83.776412964 47.210090637 167.248443604
A 253.778991699 -143.711791992 106.708641052
A 124.324264526 -78.393623352 49.274581909
A 148.567382812 -201.078369141 127.701461792
A 31.463613510 -19.691770554 228.922744751
A 119.032676697 -197.558609009 133.156250000
A 131.133438110 37.132511139 280.561401367
A -10264.367187500 8006.375000000 -11159.874023438
A 240.991836548 -53.227333069 69.796546936
A 116.283073425 -143.089324951 71.430862427
A 282.385192871 -34.804512024 118.942558289
A 158.705047607 -215.587310791 209.035858154
A 213.673187256 -201.061691284 230.852935791
A 131.356109619 -113.584945679 326.110839844
A -7464.437988281 3508.348876953 -6393.118164062
A 216.979782104 -206.125488281 188.257522583
A 256.096801758 33.351974487 222.503570557
A 217.565795898 -80.246452332 56.276473999
A 80.955886841 -21.733840942 78.410430908
A 295.806976318 -20.212224960 168.398132324
A 133.594650269 -214.370361328 192.796829224
A 41.352024078 -5.308208466 238.640075684
A 143.929840088 26.033826828 294.692443848
A 51.620212555 -3.151080608 121.057296753
A 72.720542908 -178.834381104 146.380447388
A 274.678588867 -80.284332275 99.648307800
A 101.755783081 -52.142700195 320.726257324
A 53.651920319 11.695918083 240.175109863
A 26472.658203125 -32166.796875000 40856.945312500
A 271.647430420 -149.516052246 239.217269897
A -4963.487792969 571.415100098 3142.630371094
A 1103.258300781 -2528.423583984 -399.673797607
A 101.630271912 -179.626190186 264.529632568
A 105.306831360 55.223011017 145.794372559
A 285.877777100 -2.235985279 155.986358643
A 211.382217407 -166.132034302 92.087379456
A 29.044761658 -112.092430115 142.550827026
A 244.962615967 3.010756254 96.788398743
A 197.843475342 64.471305847 151.191207886
A 252.175292969 -123.417282104 291.108947754
A 62.837818146 -117.481002808 93.510581970
A 98.301574707 -143.692352295 81.046386719
A -2409.766113281 1543.832153320 69.242744446
A 208.225997925 -165.721984863 290.342559814
A 122.120178223 -79.055000305 329.885162354
A 269.524749756 -129.741973877 114.186958313
A 111.687599182 56.345489502 233.183868408
A 159.218414307 -18.075340271 316.622314453
A 99.821273804 -201.440109253 171.425247192
A 80.543540955 -69.255416870 312.857635498
A 183.444290161 -212.360122681 169.657363892
A 177.034515381 -197.077484131 238.630126953
A 220.646087646 1.713833809 191.428649902
A 103.253402710 -75.144248962 54.735649109
A 252.709960938 -13.374366760 94.180976868
A 195.618118286 -152.393737793 305.499633789
A 20195.480468750 39238.164062500 18723.306640625
A 60.905406952 -105.323410034 288.378143311
A 202.206665039 12.867359161 302.172363281
A 181.051483154 -213.382019043 213.224456787
A 295.918365479 -70.616485596 139.576248169
A 64.261207581 -22.411893845 92.975387573
A 71.607734680 27.084711075 134.663192749
A 176.001480103 -185.042846680 277.092468262
A 231.997222900 52.022850037 164.287292480
A 29.281822205 -64.118453979 128.301971436
A 33.536437988 -34.576370239 245.728591919
A 170.783538818 -131.714538574 58.052474976
A 108.782585144 -17.533840179 299.840515137
A 76.158973694 -28.290370941 299.091369629
A 171.681716919 -135.652816772 319.163726807
A 284.711334229 -33.934135437 256.241363525
A 275.110076904 19.783390045 197.949111938
A 124.292686462 -209.092346191 169.342117310
A 201.363159180 -46.163761139 327.427429199
A 94.438858032 -192.111083984 145.203613281
A 123.515716553 45.263084412 265.520141602
A 58.115303040 -126.496040344 273.963653564
A 17.634241104 -95.244750977 193.499252319
A 137.166473389 -174.054702759 91.077011108
A 164.605697632 59.544666290 123.801101685
A 130.379531860 -23.853891373 213.148391724
A -3340.008544922 30703.941406250 -39234.902343750
A 245.755065918 24.774166107 122.921783447
A -343.766082764 -928.611145020 129.961807251
A 59.919998169 -143.277587891 265.720611572
A 271.291381836 -149.226715088 136.145355225
A 66.749259949 -45.771072388 81.250320435
A 206.601104736 10.426928520 77.119796753
A 5740.351562500 -368.817749023 -1277.836425781
A 278.653137207 -5.638201714 245.648208618
A 177.720245361 -57.718482971 45.335906982
A 77.618385315 17.341949463 267.863861084
A 86.566284180 -195.608688354 199.660476685
A 6583.544433594 7516.611816406 14381.363281250
A 228.994140625 36.086975098 119.754814148
A 17.495920181 -74.357330322 163.809829712
A 69.813003540 -14.243719101 288.284912109
A 15.064304352 -53.814254761 182.877365112
A 232.198074341 -166.092895508 107.284233093
A 271.999664307 -163.875671387 189.671844482
A 74.657104492 6.183946609 234.812774658
A 64.583442688 -76.791976929 298.191986084
A 22.963735580 -28.842552185 189.086608887
A -2621.140136719 -1055.538330078 2580.332519531
A 127.235984802 66.607589722 164.480712891
A 156.077270508 -145.199325562 63.474304199
A 89.871017456 -71.741157532 295.828430176
A 55.732551575 -4.981155872 262.204223633
A 80.167442322 25.705144882 118.008903503
A -15692.776367188 4971.585449219 3223.773925781
A 60.251434326 -158.600936890 132.967010498
A 194.440917969 -65.644104004 332.249359131
A 79.804428101 -188.054763794 224.922256470
A 27.952089310 -65.916282654 247.197280884
A 238.246871948 14.600898743 249.192810059
A 233.028671265 49.550926208 224.904602051
A 135.543472290 67.783874512 209.717590332
A 285.913452148 4.099828720 179.938827515
A 302.579803467 -34.692802429 197.759063721
A 181.496017456 -190.761764526 110.162673950
A -2104.726562500 1957.537353516 -417.525787354
A 73.421356201 -96.815040588 302.738433838
A 185.873657227 -118.700195312 53.110294342
A 222.346160889 59.976470947 184.292968750
A 173.434219360 -163.063308716 302.098693848
A 68.063209534 3.135968447 105.364059448
A 284.719482422 -142.836456299 211.890060425
A 230.436676025 -5.638594627 80.865196228
A 195.800918579 -204.375900269 236.965286255
A 225.412490845 -79.968963623 322.782226562
A 115.893020630 -54.527233124 51.384529114
A 78.976325989 40.146102905 228.247711182
A 165.725158691 48.160709381 105.953880310
A 306.186157227 -51.655273438 180.510116577
A 203.605102539 -1.872905493 170.326049805
A 147.828964233 -185.863479614 277.127746582
A 91.993911743 -109.276191711 311.636169434
A 171.982131958 -208.706680298 146.375717163
A 181.776092529 21.019893646 78.935882568
A 118.993957520 -161.134490967 83.751426697
A 228.858184814 -25.117750168 309.870666504
A 56.140697479 -168.418014526 222.700454712
A 114.304023743 59.495719910 215.352371216
A 132.174224854 -194.646667480 118.380340576
A 257.674591064 -14.791520119 282.795532227
A 209.864547729 -97.323623657 55.181976318
A 139.684265137 -150.792907715 309.720581055
A 271.927520752 -96.288032532 280.949645996
A 151.600769043 -204.027008057 245.895874023
A 149.668151855 -122.695655823 323.954986572
A -9020.496093750 8277.557617188 1947.223022461
A 240.508575439 -136.573165894 88.490180969
A 262.121978760 -65.142425537 295.627746582
A 7685.682128906 3443.311279297 -18.349973679
A 211.307388306 26.249509811 272.806976318
A 22.460231781 -98.074569702 158.624069214
