533

I -270.605682373 -44.576606750 250.730728149
Z -84.282737732 44.645824432 118.170532227
Y 68.912208557 -197.501464844 288.505676270
Z -55.507972717 222.637985229 19.002542496
Y -199.088897705 37.813377380 114.040214539
I 8.167880058 103.472991943 -71.037033081
X -47.479049683 53.463081360 25.525556564
I -76.898231506 24.663951874 -72.628036499
Z 16.402505875 -194.163177490 -1917.601440430
Y 5.438529968 16.170572281 16.995496750
Y 100.985519409 -194.651397705 195.256286621
Z -172.443756104 131.805908203 57.861793518
P 43.665473938 -66.934494019 48.440322876
C 57.523815155 31.859672546 74.025321960
Z 118.932464600 326.846984863 204.222564697
I 496.907714844 -152.383300781 1101.388916016
P 12.818054199 1.359723806 -70.670234680
Y -57.780792236 -56.235366821 63.908172607
I 12.942439079 -10.655769348 -53.468364716
I 32.251998901 79.924385071 47.840362549
X -8.977602005 81.713119507 39.230785370
Z -11.188510895 -42.375144958 27.040769577
Y -62.780620575 -173.134552002 145.457427979
Y 944.297241211 739.727478027 -14.911225319
Y -33.300521851 -69.544273376 -72.720161438
I -12.121556282 37.658470154 82.491226196
I 12.556715012 70.718513489 -173.202087402
Y 108.787757874 0.412412286 50.404785156
K -34.934051514 30.497934341 27.948596954
F -26.554506302 41.214160919 -58.877021790
Z -15.037964821 -2.136331081 6.215909481
Z 13.154579163 -26.360342026 69.706832886
I -61.089046478 -18.857929230 31.966226578
Y -0.621997595 48.282089233 -13.211931229
Y -20.344398499 27.673542023 -2.454424858
I 275.769165039 -17.682079315 68.188049316
I 0.818226755 38.821563721 130.120223999
Z 134.863418579 -267.100158691 -296.610565186
W -61.000694275 8.245483398 11.993421555
I 86.368690491 -3.939219236 9.204305649
Y 530.350708008 397.989440918 155.014099121
I 33.626728058 40.669784546 -138.625747681
Z 36.989418030 20.440135956 64.596992493
I -81.972038269 -2.502106190 33.954772949
I -1078.090820312 319.018615723 2.854725838
I 76.724525452 25.532510757 40.347316742
I -1506.965820312 2011.364990234 1257.273071289
Y -37.965995789 -367.688781738 -66.327064514
I -45.460033417 88.269813538 88.540664673
I 956.843933105 492.032928467 -24.505056381
C 190.218673706 -206.344543457 -12.767620087
Z 184.274948120 6.543496609 170.324966431
Y -5.943574429 8.887712479 14.591744423
I 1.807659149 230.212005615 -144.367874146
Y -123.566642761 588.060485840 92.098617554
Y 441.263946533 53.309215546 -505.245422363
I 26.547630310 47.698364258 7.556549072
D 21.900922775 -37.005889893 83.664604187
Z -184.629791260 -120.224044800 152.523788452
Y -2243.091552734 602.869812012 -1773.181152344
I -49.544189453 -173.534698486 356.032501221
V 8.611834526 13.588077545 -24.112401962
W 41.364032745 32.598197937 -40.781974792
I 12.567590714 48.012722015 76.881858826
Z -73.755004883 22.981039047 23.978710175
Y 142.096984863 -318.601013184 121.670761108
X -5.085749149 85.592720032 48.715850830
Y 0.545642376 -41.107883453 61.503391266
I 28.118200302 97.632400513 91.943519592
Z -100.143249512 -188.053726196 36.428592682
Z -34.435913086 -23.961240768 55.838283539
W -47.711753845 43.429256439 39.743808746
I -200.700042725 152.673873901 236.818832397
D 41.262046814 54.058441162 -39.808662415
I -69.679931641 -43.813449860 88.103179932
Y -183.544021606 -126.304603577 144.474166870
Z 7.193310738 25.899703979 -12.023471832
Z -100.251609802 8.768261909 188.161026001
I -612.163391113 222.607452393 558.117126465
I -148.695205688 -205.699905396 42.563682556
Z 253.646652222 -730.309204102 1337.348022461
I -19.626087189 -26.466123581 -23.510879517
I -45.781738281 -49.022090912 -24.101539612
I -154.109954834 82.811019897 -82.995101929
Z -22.798377991 48.259277344 10.990185738
Z -356.109985352 123.233520508 26.866468430
I 247.085754395 148.023437500 163.719635010
I 37.091590881 -177.904495239 45.990539551
I -24.620517731 9.014542580 -53.643714905
L 81.842010498 -21.748830795 38.892234802
Y -5.269666195 -128.509231567 49.133102417
S 46.269477844 5.874631405 93.306739807
I 1396.274169922 -479.433135986 -1512.704345703
Z 43.319049835 15.673634529 -10.427083015
Y -35.932987213 -46.306888580 -20.938192368
I 286.572723389 49.010383606 -177.338867188
I -567.461120605 -2343.129150391 306.497467041
I 20.148529053 -3.344652891 -22.420658112
I 157.898529053 140.672348022 67.772621155
I -29.530279160 20.272066116 31.888168335
L -7.351164818 -24.563949585 95.297431946
I 75.218872070 -20.384199142 61.123863220
Z 86.488449097 -169.389480591 -149.216400146
I 140.043029785 -276.897644043 -161.401397705
I -41.974071503 275.994964600 -102.517631531
Q 39.174343109 -42.675308228 -18.058980942
I 179.337768555 -170.037109375 214.026504517
X -35.396080017 17.421875000 -34.985130310
Z -71.546913147 -33.711940765 -292.247741699
Y -42.090972900 -92.364753723 -8.291053772
I -13.021175385 -11.298754692 23.217334747
Y -116.883117676 -67.395935059 324.028656006
Z -21.763069153 -39.769165039 44.227546692
I 0.047947094 41.019226074 54.907562256
I -29.385450363 -42.117336273 44.400127411
X -47.392734528 -10.144323349 80.822555542
I -285.914642334 -145.083129883 -280.027160645
I -59.813117981 -2430.481689453 -571.888305664
Z -57.870449066 -184.341140747 -46.274440765
I 19.420270920 22.002372742 76.326332092
I 0.372025818 25.474330902 -18.115802765
I 37.116024017 15.482252121 153.353729248
O 81.034149170 -183.870803833 -181.148635864
I 118.236412048 -31.104696274 102.020896912
I -1774.641235352 -1373.139770508 -1600.812988281
N 56.569019318 10.394705772 78.216133118
I -370.449157715 155.331634521 -301.934997559
D 199.956298828 -25.803678513 -105.034149170
Y -158.772125244 94.250297546 77.844512939
Y 625.538757324 -122.555740356 262.131835938
I 258.520416260 -610.546936035 -97.611602783
I 94.220245361 -47.332263947 6.435712814
I 105.597793579 40.714370728 354.213409424
Z -17.692012787 61.329521179 54.875205994
I 181.344909668 -342.612121582 -532.394165039
Y -178.833511353 -1164.029296875 375.219146729
Y -27.722879410 29.403200150 14.967702866
X -33.271381378 56.972709656 -50.407112122
Y 798.484619141 -744.453002930 -159.906936646
I 122.701347351 -55.120498657 -17.582948685
I 181.502990723 -777.356506348 317.939941406
Z 21.289665222 52.488574982 46.526641846
Y -42.364124298 94.120483398 -99.904029846
Z -0.705426991 21.210124969 15.201297760
Z 941.313415527 -461.313415527 -218.751129150
I 1068.859252930 -357.456817627 -1568.441406250
I 40.777481079 80.918182373 184.439651489
W 1.866444588 21.589752197 -70.529251099
I -1073.392333984 -354.353027344 266.884185791
Z 79.613014221 19.988653183 -104.501304626
Z 83.118827820 186.562393188 73.662261963
K -89.735397339 10.646740913 37.224281311
Z -16.847793579 -45.305469513 -55.406124115
K 47.768215179 54.769981384 24.861467361
Z -4.298940659 37.063938141 -24.962900162
Z 232.620391846 136.429077148 -182.618850708
I -275.112609863 -231.714126587 22.901313782
Y 76.264656067 5.618530750 5.777965069
I 212.596557617 17.593059540 117.077285767
I 40.312263489 57.557315826 -312.554229736
Z 231.054244995 100.823547363 154.123138428
Z 101.177467346 -111.786727905 155.793029785
Y 120.510650635 -848.659179688 -81.559738159
I 6.546131134 -13.897625923 48.651401520
Y 134.191772461 133.312500000 340.037902832
Z 155.594070435 158.714462280 40.969142914
I -9.464057922 -126.172981262 42.904552460
Z -57.801773071 56.703849792 -1.136213183
I -267.255676270 394.031127930 209.638305664
D 24.504001617 13.052351952 -83.167663574
Z -114.610649109 -33.565856934 -29.287961960
I -378.308319092 -100.698951721 -158.067276001
Y 51.256603241 -19.895534515 10.629784584
Y -23.567909241 55.323612213 17.306308746
Z -47.453121185 -105.604949951 -28.404659271
I -288.340362549 24.836999893 289.454376221
C 43.084835052 39.539157867 77.583702087
Z 36.226150513 117.727447510 -103.442527771
I 15.582856178 24.753007889 35.044517517
Z -0.875333548 -13.166378975 61.594215393
I -120.384391785 -50.948371887 398.959625244
I -22.105285645 25.604198456 -104.037963867
Y 23.005767822 -35.117656708 141.878051758
Y 165.241256714 99.052169800 63.240192413
Y -54.295589447 18.383756638 60.660541534
I 572.485229492 280.560577393 -332.128814697
Z 313.958526611 650.060974121 922.711791992
Z -31.785749435 20.984422684 70.810684204
I -52.834209442 -35.865253448 -3.298465014
Z 65.866050720 -108.184471130 -35.989158630
Y -120.337471008 2.522023201 132.140167236
Z -85.610130310 -74.805038452 -30.566429138
I -65.755966187 69.291343689 58.905239105
Y 474.516967773 -965.203491211 -256.036315918
I -1049.533569336 1337.185302734 1093.485717773
I -428.595489502 -127.280632019 -826.729064941
Z -5.246191025 17.541404724 39.039684296
I -7.465662956 51.721565247 60.065498352
Z 3.997017622 47.622657776 -10.307448387
Z 82.886756897 -65.846511841 -56.239185333
Z -20.616153717 1.625173926 -1.040998936
V -1.064218879 -4.346277714 -65.573966980
Y -38.215938568 -36.594535828 -100.149566650
O -8.814525604 -23.164115906 111.643157959
Y -26.573513031 8.278579712 94.084709167
Y -293.842773438 760.132629395 -299.421539307
I -39.705696106 -123.222427368 9.074002266
Y -109.759239197 183.129837036 191.850646973
I 39.555458069 25.860435486 -50.797374725
Z 18.955310822 49.652229309 91.169532776
I -12.134755135 -138.572128296 -90.214324951
Z 160.495086670 108.698814392 107.106727600
I -254.108200073 -57.953678131 -245.302413940
I -39.092353821 -1028.714233398 -435.206542969
Z -33.793430328 -27.445722580 25.569807053
Z 96.251029968 156.618789673 -18.820545197
I -9.814933777 -59.203594208 -34.419319153
F -48.532821655 -4.370519638 -33.990791321
I 29.325353622 -7.195813656 208.943313599
I 41.566776276 39.009483337 -21.910924911
Z 51.087638855 37.494838715 -112.022506714
I 79.006614685 36.060726166 16.278310776
I 95.425064087 -206.213668823 -202.950988770
Z -88.734001160 88.919982910 -207.412597656
I -477.719146729 -801.598083496 -176.688796997
I 108.843231201 245.756546021 -398.207916260
I -160.732421875 298.074005127 6.042295456
C -8.807314873 -15.966487885 136.628295898
I -6.713083267 -83.593078613 45.237483978
I -411.594635010 2292.166259766 -5420.061523438
Z -280.104583740 536.080810547 47.474246979
I 50.473968506 39.687320709 103.225959778
Z 15.378422737 114.801605225 164.266586304
V -22.704088211 2.900227308 -35.886283875
I -23.816310883 123.864730835 34.703754425
V 80.500640869 37.860000610 40.642318726
Z 14.654035568 -25.089918137 -12.010904312
I -265.127532959 -196.716827393 -120.917747498
I -70.080017090 14.271104813 -51.454334259
I 101.501426697 110.995803833 32.033733368
Z -362.992095947 143.301223755 -124.601913452
Y -335.342071533 44.921779633 31.242645264
Y -203.443847656 181.810501099 6.038467407
Z -138.941970825 -67.970794678 139.238082886
J -28.402156830 -109.283973694 2.834959745
Y -108.951499939 -2.638096809 -203.763610840
I 89.716957092 42.176296234 -47.099784851
P -32.473026276 32.244335175 63.642288208
F 2.439355373 48.020919800 71.794876099
Z -0.775583088 17.776515961 24.173448563
Y 2063.255859375 952.061767578 272.652954102
I 280.600250244 -838.264526367 -734.026123047
I 22.825672150 -46.201107025 -17.261804581
I -174.911163330 -35.357070923 -42.608455658
Z 5.334700108 41.530269623 15.518987656
Z -9.297163010 10.534404755 10.656929016
B 8.919340134 6.971367359 -64.995460510
I -63.122734070 -163.903244019 279.170196533
Z 12.065670013 245.199951172 32.781341553
Y -212.670364380 371.506439209 -92.612686157
Y 120.344566345 -41.918575287 72.585029602
I -181.034927368 -151.053741455 75.734848022
Y -844.977905273 -33.021503448 651.523498535
I -64.294601440 4.998438358 4.291968822
C -82.473617554 -75.083580017 26.909009933
Z 79.060089111 81.364234924 135.833572388
I -115.656578064 -402.653320312 110.056060791
I 42.246936798 24.643123627 -133.691055298
I 34.365608215 -56.864994049 25.664194107
I 6.569886208 -43.467681885 47.877586365
V 5.056220531 8.464599609 58.741180420
Z -55.555389404 11.358189583 41.127441406
Y -70.140502930 -36.798313141 13.216859818
Z 25.992601395 -5.230716705 -0.915503204
Z -250.857315063 -170.793380737 -117.037399292
Z -195.337738037 -1096.962524414 570.106811523
I 9.881577492 46.022018433 27.619302750
Y -121.089729309 -129.367416382 -48.204303741
I -19.789146423 -48.989040375 -7.549076557
Z 30.955270767 11.592246056 31.905311584
Y 245.654449463 965.607849121 662.582275391
I 1.625454783 24.015331268 89.672500610
I 33.632183075 -10.130765915 44.934226990
H -27.518339157 15.823279381 -53.594028473
I 234.060501099 269.247680664 37.269588470
I -0.924685299 37.444351196 -52.660575867
Y 63.779022217 -45.620410919 87.722312927
Z 64.741333008 176.360015869 0.226779133
Y 107.614303589 87.667724609 -55.156558990
I 1039.745727539 -105.222000122 67.692855835
M -20.887035370 -83.135337830 30.078390121
I 46.020122528 -78.274185181 15.308496475
Z -118.787399292 54.670295715 -87.628013611
I 1.024461389 -37.413494110 -280.631469727
Z -175.991683960 36.494804382 -113.706817627
I -169.486495972 -361.318969727 -192.639587402
I 36.802303314 60.227397919 -28.533206940
Y -41.662635803 84.091102600 100.670906067
Z -98.364562988 67.380844116 174.537063599
Y -66.288452148 -66.656501770 49.685680389
I -264.704803467 4.548456192 103.310104370
Z -124.758331299 -55.554012299 12.857046127
Z 597.307006836 48.839893341 163.631652832
Y -30.158378601 7.860656738 88.421127319
I 79.079505920 -2.622863531 86.103347778
D 20.704633713 -44.013565063 72.050193787
I -982.957153320 -1477.579711914 1137.192504883
I 25.510030746 -21.928951263 91.710899353
Z 3.266516209 -15.794676781 6.349852562
Z 60.770828247 1.781113267 -114.001327515
Y -344.185211182 -897.213745117 -647.484924316
O -41.719703674 80.309257507 -26.216650009
I 73.540138245 -32.701187134 99.266738892
Z 155.624450684 85.910018921 -43.459865570
Z -445.214050293 -390.980682373 -438.615844727
I -9.498006821 -33.711704254 18.256349564
Z -13.089626312 64.564140320 9.446369171
Y -189.448257446 -11.820974350 -65.447044373
Z 133.113143921 -122.866706848 189.379898071
I 172.810806274 -8.525052071 282.302520752
I -87.001533508 -83.887718201 -80.320228577
I -50.687164307 7.073962212 53.581512451
I 271.465332031 804.309570312 265.712799072
D -0.947552741 -8.181408882 16.119226456
Z -1.845830560 -7.565943241 60.981964111
I -14.782576561 -138.578018188 13.688476562
I -26.082952499 37.513507843 154.438430786
D 4.518547058 -23.414539337 103.806159973
Z 27.099073410 57.283828735 -1.142328143
I 45.823303223 -254.289321899 253.505523682
I 14.259923935 62.670188904 -78.823120117
I -70.739105225 -40.432155609 -5.515357971
Z 12.407871246 -53.546806335 91.278671265
Z 88.168418884 169.576843262 -16.603883743
Z 34.882610321 -81.983543396 27.202623367
I -80.382209778 111.113807678 94.089759827
I 17.776435852 22.274854660 2.067369938
Z -120.688415527 -338.114959717 73.520606995
I 774.942138672 -283.804168701 -179.571426392
Z 22.974197388 16.476211548 -17.188283920
I -20.608562469 60.854629517 58.523826599
Z 28.724031448 20.614072800 84.669197083
M -33.311203003 -31.221498489 -23.877487183
Y 117.408805847 -44.117153168 30.064422607
I -320.027008057 471.647033691 999.811767578
J -17.468246460 -16.201498032 16.372291565
I -662.098083496 1869.004150391 -173.837005615
I 125.564590454 -292.146331787 81.448898315
Y 157.926544189 -411.639007568 -401.030792236
Z 32.484642029 -109.410743713 -9.396047592
Z 73.552062988 -68.923934937 -32.155330658
I 11.915890694 31.338611603 -272.893981934
I 256.714752197 -51.933425903 -428.609191895
I 174.273315430 -55.347675323 179.017196655
Z 999.880249023 335.568145752 -631.371459961
A 151.372344971 145.478469849 98.595451355
I 61.421913147 -48.739311218 -66.936134338
M 50.440032959 44.539989471 -50.343688965
I 357.686645508 502.151214600 -18.785696030
Y 118.367935181 -226.835098267 616.261840820
L -48.988071442 -32.356601715 70.361587524
Y 36.353408813 -63.017509460 51.957080841
W 25.182115555 -73.293525696 -7.959007740
G -4.491018295 69.034835815 61.618625641
L 45.981552124 62.841930389 -4.304290295
I 602.055297852 86.021308899 -118.161712646
E 50.996082306 36.088169098 59.829227448
I 309.793701172 -140.985626221 840.884765625
Y -243.694564819 135.584548950 196.763198853
I 341.658142090 -471.165435791 281.203369141
Y -20.936092377 -83.712074280 -149.950103760
I 74.951324463 88.957244873 35.940948486
E 16.022546768 -76.594596863 16.615043640
Z 10.294750214 18.283763885 -6.543521404
I 183.592117310 157.382537842 -191.050949097
Y 737.054199219 -892.867675781 -79.779960632
I 127.593963623 -173.590362549 14.642436028
Y -222.504455566 -132.308334351 -140.325622559
I -28.012123108 0.547386050 -82.804344177
Z -0.919166505 -56.416019440 77.033668518
I -71.162033081 -60.204830170 -7.925693512
I 293.521728516 315.738037109 -38.261734009
W 21.026739120 -61.074737549 -15.562394142
I -884.963317871 687.981201172 -1039.534301758
I 20.808860779 -343.940856934 -81.100578308
I 658.571594238 -118.133544922 -132.066574097
M 18.151866913 -11.704375267 72.877212524
V 18.631269455 -85.179687500 63.558361053
I 225.610366821 183.937408447 -97.242965698
I -157.677764893 -134.278823853 111.055793762
Z -870.229492188 370.174682617 -786.555908203
Y 122.647758484 170.448532104 230.209564209
I 97.297790527 37.689163208 51.454483032
V 44.704833984 -5.844855309 -54.512744904
I -28.405750275 40.330905914 -324.375366211
I -65.465087891 -28.431413651 31.013477325
I 205.276107788 -49.126747131 443.942871094
Y 52.674205780 40.572124481 -53.609203339
I 20.564311981 -75.732353210 -46.369518280
Z -374.457550049 -5.659395218 -290.692169189
Z -0.119784549 -64.038276672 62.187988281
I -1.648629189 -13.049573898 25.929588318
I -538.010498047 -400.435424805 142.996688843
G -1.439911008 62.909240723 72.557075500
I 1160.857055664 -1436.162353516 1823.013183594
I 37.553562164 -4.330155849 58.185165405
Z -982.064331055 81.177299500 611.400512695
Z 412.339141846 -1087.228027344 -209.211517334
Z 119.972923279 97.440971375 -20.652542114
Y -56.515720367 -14.496774673 22.663892746
Y -20.941732407 -130.784622192 171.649246216
I -313.774597168 94.207885742 -31.793914795
Y -4.237691402 2.979562521 29.950527191
I -38.090206146 -39.201606750 75.346183777
I -45.889545441 -32.020969391 195.304763794
Z -91.528556824 108.014076233 95.339477539
I -34.656463623 -15.943102837 -13.977541924
Z 5.969614983 10.820593834 -29.265768051
Z -949.329895020 586.592163086 -47.965480804
I -76.674713135 2.442413330 -15.705060959
I 79.828155518 43.722347260 28.251041412
Y -105.769607544 134.981613159 102.906974792
T -41.584148407 -65.639289856 28.544902802
I 3.545808077 17.193933487 88.309959412
Z 156.550765991 156.672363281 -4.360146046
I -167.364852905 43.874794006 -267.313781738
I 135.567352295 549.761535645 58.607738495
I -7.655550480 51.748229980 16.405479431
I 156.443817139 196.409194946 58.096637726
I -28.202863693 79.020744324 424.393646240
I 58.591445923 60.328395844 -54.522964478
I 80.734642029 24.639762878 98.213851929
I 1420.379882812 2769.232910156 1316.288452148
Q -11.325653076 -25.775304794 88.293579102
X -43.353694916 11.592299461 -35.863788605
Z -42.240989685 22.756834030 47.919063568
I -47.830879211 8.533916473 43.056034088
M -88.699195862 58.651817322 -104.866966248
Y 218.415435791 -177.935562134 -1.886421800
I -31.732860565 374.542358398 -411.941497803
I 35.188655853 77.328956604 3.199948311
Z -140.841857910 -41.502269745 36.982746124
Y 23.524581909 30.641889572 23.845563889
I -11.161465645 36.538280487 84.495101929
I -35.533161163 40.480186462 86.952140808
I 43.211585999 -32.339172363 -37.698379517
I 113.875534058 30.192430496 256.745605469
I -27.230361938 -138.508880615 -56.591030121
Z 3.633390903 -66.115753174 -178.717041016
Y -42.726375580 -83.920028687 -19.599683762
Z -1.288102984 8.662999153 29.795738220
I -287.909088135 71.346229553 24.875366211
I -530.696777344 -5.732144833 -176.540695190
O 56.920017242 46.887184143 -29.865701675
I -11.905717850 -59.408168793 82.564483643
I 7.736032963 -89.994941711 -61.171291351
I 0.450244159 -56.149208069 55.923980713
I -14.194801331 -34.995662689 -33.249065399
I -254.617141724 2301.959960938 -2960.531982422
I -270.746551514 -37.006507874 -60.030300140
I -514.946777344 -1000.453369141 -47.694919586
Y 33.343452454 -32.815288544 -10.864018440
G 59.768177032 -31.747837067 -4.475503922
Z 66.665550232 74.475158691 -37.080516815
V -10.476449966 -49.379020691 78.471954346
Z 1189.838867188 -110.699356079 -308.288208008
Z -330.727111816 -634.414062500 -614.879516602
I -233.035400391 469.458801270 -77.143310547
O -1.261052251 -60.970043182 82.250434875
Y -2.276997805 -44.706966400 -5.768208504
Y 614.836608887 649.097534180 1300.380737305
Z 64.445755005 27.404716492 -3.581008911
Y 144.874481201 -236.845184326 202.038726807
I 211.606796265 -687.927734375 -49.256004333
I 237.321319580 83.370452881 -55.576339722
W -7.461930752 -13.977152824 86.385124207
I -42.123874664 135.251708984 59.772186279
I -54.638698578 49.067111969 48.432262421
Y 7.355834484 24.078948975 -18.537410736
X -16.989637375 41.940448761 7.307271957
I -806.361206055 -366.341156006 783.124084473
I -4.212159634 1.767986536 -9.511202812
I -48.366859436 189.526306152 -38.407024384
I -54.103088379 9.987040520 102.991157532
Z -61.612548828 98.845848083 150.296966553
Z -9.670770645 72.651840210 237.173812866
I -1401.725463867 434.764923096 289.025268555
Z 5.129310131 -20.954086304 14.467144012
I -621.483764648 -158.672332764 163.283782959
Z -251.900482178 -89.437744141 -89.177368164
Z -250.319122314 -176.535156250 -229.110687256
I 53.031574249 13.740333557 40.606891632
I 56.173641205 51.954811096 28.184715271
Z -62.852485657 -821.929565430 -498.496246338
Y 272.961334229 581.232055664 -567.634399414
I 254.026199341 71.629341125 117.902595520
Z -92.888778687 -58.919734955 3.016763210
Z -825.802795410 773.575744629 -237.041610718
I -39.724925995 41.139453888 265.344116211
Z -76.493225098 21.011117935 -152.317443848
I 38.062862396 80.887840271 7.426424026
Z -28.973207474 -38.957977295 24.243738174
I 13.118489265 155.866668701 -210.666275024
Z -11.961994171 72.306793213 -14.258540154
I -73.052177429 228.622573853 213.120803833
P -50.714889526 35.808059692 3.774613380
I 342.714477539 -105.883438110 -588.801513672
I -52.326335907 -179.915618896 401.914184570
I 38.425476074 -56.297080994 0.275824279
Y -224.622222900 598.354064941 -685.684020996
Y 290.904998779 123.408302307 13.049139023
I 582.152954102 905.009277344 -254.476119995
I 411.214477539 -69.080421448 2.300303698
Y 32.819828033 128.170013428 -63.313785553
G 26.394205093 -76.622688293 8.599048615
Y 189.143798828 13.702175140 391.943786621
Z -13.728129387 18.015972137 -33.015987396
Y 108.558204651 -638.412231445 731.944152832
D -67.978942871 -84.514190674 30.498140335
N -21.603935242 65.141670227 45.199409485
Y 31.733190536 46.177799225 115.355140686
D 56.747783661 43.048904419 -47.426589966
G 58.416198730 -52.038082123 21.379886627
Z 22.565298080 -37.923892975 73.909141541
Z -280.976989746 4.693892479 -204.094314575
I 1010.645812988 235.673309326 157.568252563
I 183.672073364 51.064445496 39.849269867
Z -967.256286621 913.228454590 233.471160889
I 0.034805615 9.780308723 30.653900146
Z 142.692916870 -112.544212341 78.764045715
Z 1146.252563477 490.077850342 7.634459019
I 41.472480774 73.998107910 95.863876343
I 210.092971802 -279.486785889 -83.324249268
