533

W 41.984626770 -85.651268005 253.784301758
W 271.363769531 19.413036346 34.978305817
W 77.807220459 -15.921360016 4.442569733
W 125.149314880 115.080787659 138.472473145
W 7.805930138 -93.084510803 103.497093201
W -2.236804962 -57.131198883 122.318138123
W 124.220382690 5.227483749 125.609123230
W 32.371055603 -46.183147430 -126.640022278
W 201.810073853 -3249.902832031 -30967.015625000
W -0.465917021 -11.433528900 155.555236816
W 254.386917114 -133.101028442 258.501678467
W 123.902488708 -63.912666321 85.080635071
W 97.126831055 100.824729919 183.955886841
W 36.883502960 -111.911224365 55.700386047
W 295.060424805 -92.439437866 241.981643677
W 3899.188232422 -894.573669434 8718.915039062
W 138.353652954 -27.714965820 -19.547250748
W 197.881347656 98.167396545 70.486160278
W 214.966003418 -21.173482895 137.881317139
W 93.813591003 -150.958068848 257.302734375
W 160.394439697 -207.289642334 96.456413269
W 0.235921949 -18.810117722 122.572288513
W 173.403839111 -20.395360947 -19.083698273
W 7343.097167969 5714.527832031 -183.632965088
W 110.970275879 -154.002578735 42.122760773
W 101.830406189 106.088211060 120.979187012
W 75.227729797 -124.059234619 24.958690643
W 11.419926643 -70.138458252 110.341239929
W 33.609264374 20.311370850 172.844711304
W 184.997848511 -75.054222107 239.140136719
W 178.080322266 -201.518493652 210.233306885
W 2.071023464 -51.769180298 97.913230896
W 4.001759529 -82.157386780 171.879013062
W 92.113349915 84.501052856 72.477798462
W 24.707145691 31.273956299 95.129707336
W 286.149078369 21.622920990 238.786773682
W 152.104476929 -113.891311646 9.547171593
W 271.958526611 -173.789611816 123.511817932
W 5.351574898 -23.025434494 194.298019409
W 286.375549316 -48.135238647 117.948593140
W 42.898937225 -12.317108154 254.648757935
W 250.073471069 -49.791057587 289.463836670
W 234.668563843 -141.442718506 266.041198730
W 125.770835876 72.879226685 35.323326111
W -5419.484375000 1871.446166992 163.503829956
W 111.395500183 -118.475990295 288.856750488
W -27558.986328125 36399.601562500 23132.982421875
W 188.711914062 -209.436370850 106.220069885
W 233.613265991 -166.970764160 63.933616638
W 1696.159790039 784.742980957 41.997200012
W 294.111694336 -146.933090210 149.282119751
W 309.336608887 -82.325050354 222.358856201
W 279.334869385 -12.553307533 263.457427979
W 247.866348267 36.484767914 28.097654343
W 151.349960327 -212.256469727 116.855644226
W 182.420974731 114.199035645 107.142509460
W 230.490432739 -171.224792480 238.610748291
W 278.968627930 72.785354614 132.737396240
W 287.744018555 37.200687408 75.418998718
W -38080.023437500 9386.525390625 -29357.771484375
W 255.141632080 -72.667877197 284.214019775
W 168.736068726 -50.517875671 -19.225006104
W 248.218307495 3.072097778 24.208501816
W 211.754501343 81.091918945 51.699752808
W 287.644531250 65.338417053 151.690124512
W 89.610565186 51.858463287 256.851593018
W 148.930007935 -214.500869751 136.630447388
W 54.544734955 76.200515747 172.318222046
W 46.774688721 65.429389954 108.313941956
W 8.147616386 16.421676636 151.227523804
W 8.951960564 -60.716117859 208.572219849
W 87.812339783 -13.356993675 171.917770386
W 59.021587372 58.820583344 222.720657349
W 274.916900635 -164.942092896 100.119438171
W 266.701354980 69.053283691 85.916229248
W 303.487060547 2.533954382 226.929061890
W 89.506828308 -103.357543945 285.656738281
W 127.818145752 25.465913773 -0.349412620
W 89.535301208 -147.546981812 33.196933746
W 187.574523926 -134.972076416 287.619384766
W 2888.965087891 -8925.720703125 16755.818359375
W 77.727569580 -145.712692261 -44.726306915
W 244.886398315 44.786170959 252.963699341
W 58.698875427 -158.879211426 78.312202454
W 193.323104858 -2.899180174 304.266143799
W 310.589324951 2.052505493 81.779975891
W 22.064092636 -61.034839630 232.368682861
W 154.738708496 74.402267456 29.764617920
W 117.205879211 -97.368461609 -8.272453308
W 202.319931030 25.118751526 0.508311331
W 249.649139404 56.712993622 49.430137634
W 227.558013916 107.266723633 139.595458984
W 23718.189453125 -8086.239746094 -25768.976562500
W 22.001842499 -21.324708939 58.815105438
W 246.782531738 78.790390015 215.789276123
W 8.556900978 -10.795334816 93.510963440
W -11388.446289062 -46640.410156250 5957.390625000
W 240.822708130 -14.646427155 290.174835205
W 106.439842224 12.888504982 0.754685223
W 4.816219807 2.340355158 175.088470459
W 296.355499268 -39.256546021 44.617347717
W 279.465576172 -61.868095398 228.521377563
W -3013.325439453 6701.089355469 6720.970214844
W 264.286621094 39.154636383 247.945785522
W 57.030677795 -21.970083237 270.978546143
W 209.088287354 -115.525993347 68.005722046
W 80.543037415 41.326190948 35.434715271
W 175.191925049 84.167381287 246.368194580
W 294.062744141 -60.430160522 252.605621338
W 179.860305786 60.234188080 272.125549316
W 308.264312744 20.600103378 180.756271362
W 68.130477905 76.904060364 204.330093384
W 306.540283203 -110.747001648 207.448516846
W 132.244201660 67.017234802 242.534774780
W 173.833374023 117.366394043 166.433761597
W 43.910682678 -61.838237762 256.942932129
W 184.170364380 -87.087547302 307.828338623
W -876.315673828 -47790.738281250 -11678.860351562
W 227.891647339 80.344734192 230.227615356
W 145.674011230 -12.727972984 237.988861084
W 230.376846313 -121.469703674 281.115997314
W 162.733871460 -81.141593933 -18.345531464
W 145.183715820 18.326492310 219.086532593
W 285.590240479 -66.893692017 35.268306732
W -32658.978515625 -25239.177734375 -29225.853515625
W 19.227102280 -114.605400085 95.074768066
W 72.656661987 89.330833435 178.632522583
W 81.725776672 13.516594887 12.337679863
W 330.651123047 -51.884956360 127.708160400
W 314.733123779 -121.189552307 142.661453247
W 97.375106812 -68.955635071 -6.590625763
W 171.050888062 -124.641029358 -3.929437637
W 56.201576233 -168.715637207 183.258377075
W 111.852981567 -181.066741943 231.345550537
W 48.992301941 -65.119438171 266.719818115
W -1330.352172852 -8004.537109375 2607.455810547
W 183.253906250 22.089111328 296.231933594
W 203.019546509 108.506645203 99.612564087
W 4244.127441406 -3772.983886719 -842.415100098
W 122.081558228 -202.600463867 100.852638245
W 211.619216919 -178.738571167 238.730377197
W 263.649719238 58.846172333 64.459335327
W 125.103782654 -60.269741058 309.855560303
W 144.920791626 105.591682434 81.321975708
W 312.095123291 -106.942893982 124.251213074
W 18321.925781250 -6235.580078125 -26660.365234375
W 124.011146545 -7.607576370 -11.910227776
W 161.089172363 -42.268173218 146.714599609
W -7000.487304688 -1936.826416016 1807.834716797
W 166.596893311 -163.989425659 265.120971680
W -3527.509277344 -2722.433349609 -534.651855469
W 284.535339355 -92.553527832 40.986339569
W 111.336006165 -194.612152100 205.006637573
W 264.736328125 50.118064880 161.598571777
W 228.559677124 -149.375671387 32.038059235
W 296.502899170 -140.537658691 186.519042969
W 40.720607758 -107.717170715 240.903625488
W 181.306716919 -51.065174103 313.360198975
W 44.575527191 29.391408920 53.445865631
W 316.776153564 -33.775585175 77.578788757
W 281.026519775 4.597325325 218.884399414
W 254.680099487 -94.430419922 210.884033203
W 152.042831421 -211.096862793 177.846206665
W 123.933334351 -171.560638428 40.051128387
W 243.445022583 -184.130676270 201.742752075
W 285.336669922 64.935005188 170.945526123
W 294.956817627 -149.974838257 167.241409302
W 299.795043945 47.235610962 122.420707703
W 277.543548584 -169.992004395 159.609222412
W 66.837944031 89.190505981 138.819305420
W 203.880661011 -203.275329590 193.296585083
W 95.233245850 82.191703796 224.013961792
W 327.130096436 -12.091673851 155.928680420
W 152.506195068 -140.837158203 284.855102539
W 69.272598267 -183.962127686 160.259109497
W 47.663715363 9.448503494 250.226440430
W 67.543128967 -123.225044250 64.819030762
W 103.337051392 -83.974822998 298.152069092
W 224.945907593 102.737770081 101.539604187
W 215.890197754 -207.868713379 145.826263428
W 120.867713928 -94.298538208 289.683746338
W 317.207641602 -25.150810242 210.352203369
W 12.174015999 -114.315109253 134.600769043
W 90.056427002 38.772041321 21.100036621
W 200.630508423 -195.021209717 75.455749512
W 206.444854736 -120.952468872 3.026869297
W 3413.104248047 8099.281738281 10989.848632812
W 150.462310791 -214.052215576 159.947479248
W 271.769195557 28.213670731 216.246856689
W 18.050163269 35.962760925 147.239746094
W 197.912185669 -66.997329712 -16.085788727
W 315.055786133 -114.727302551 173.388000488
W 66.943901062 57.577896118 207.989654541
W 2597.483886719 -5124.468261719 -1341.113037109
W -18261.167968750 23228.484375000 18960.060546875
W 311.537292480 21.479969025 108.569427490
W 104.567703247 3.566119671 292.509094238
W 144.128051758 76.580078125 256.018432617
W 287.889221191 -159.515609741 129.683670044
W 318.312255859 -89.690330505 195.205413818
W 43.666389465 17.891723633 50.217712402
W 163.551849365 -24.453094482 310.291076660
W 139.239547729 42.121051788 284.815368652
W 233.953704834 90.203704834 80.918205261
W 209.270248413 17.232088089 292.456298828
W 253.363739014 -189.094253540 135.568847656
W 215.873184204 104.222846985 186.144531250
W 227.188064575 32.517684937 13.044654846
W 123.480560303 -51.974998474 305.286590576
W 303.614349365 41.774700165 173.677490234
W 135.271530151 -119.446594238 295.159484863
W 111.711006165 -167.920303345 249.631408691
W 283.423309326 -42.000881195 264.666778564
W -199.335815430 -5375.745605469 -2275.974365234
W 301.651763916 -10.139574051 57.892322540
W 43.672981262 -161.212646484 161.167327881
W 145.705230713 -94.323204041 -13.365426064
W 266.408172607 -27.205081940 247.678421021
W 134.158248901 -41.318286896 -14.046832085
W 157.794403076 -103.966545105 304.091308594
W 85.217002869 -52.145225525 293.087066650
W 82.298210144 -90.506446838 143.777725220
W 197.862060547 -87.309082031 -12.372473717
W 136.124237061 -190.824035645 227.038330078
W 259.132507324 -134.022827148 40.147693634
W 92.613098145 -191.877792358 192.462615967
W 107.008537292 86.563514709 154.152099609
W 165.556869507 -81.141136169 310.904174805
W 175.169265747 67.471588135 143.298812866
W -4017.940917969 22455.988281250 -53325.273437500
W 307.372589111 -37.192909241 233.244003296
W 226.710159302 -4.715275288 -3.491125345
W 220.629760742 -15.417150497 299.578033447
W 181.948989868 -22.598642349 310.825775146
W 183.702270508 -201.674194336 146.559204102
W 154.889511108 -207.538818359 195.406265259
W 11.725598335 -64.383941650 74.984619141
W 74.172195435 -4.129786015 279.029541016
W 38.769939423 11.157610893 70.815147400
W 114.626953125 90.067703247 63.829673767
W 291.002868652 -139.615676880 205.123901367
W 45.480106354 55.171173096 85.928359985
W 39.061248779 -148.660171509 187.138809204
W 71.675346375 -36.242305756 283.204345703
W 18.716594696 9.716676712 208.232498169
W 63.926963806 -97.229515076 269.920349121
W 295.041229248 -20.896530151 73.923957825
W 195.670410156 74.533187866 36.414817810
W 144.674530029 -155.197326660 21.514144897
W 23.322122574 8.611062050 69.905700684
W 33629.699218750 15500.740234375 4018.979492188
W 1504.535522461 -4604.617675781 -3979.640869141
W 15.246660233 -24.415885925 219.075424194
W 157.418792725 119.219406128 147.293991089
W 203.821029663 -194.289779663 216.253570557
W 89.017303467 64.641868591 46.023769379
W 296.704589844 -101.808143616 61.493438721
W 211.735290527 -96.730766296 299.155822754
W 34.511993408 -75.568290710 40.858692169
W 66.902442932 79.016792297 95.267639160
W 118.727241516 -192.095474243 75.382560730
W 191.154220581 -178.152770996 247.326980591
W -1771.925170898 23.306308746 1395.320190430
W 38.499416351 -148.633361816 103.097808838
W 323.845977783 -62.260368347 97.111976624
W 59.073959351 -101.174079895 30.400814056
W 113.859130859 29.419162750 284.565917969
W 313.947387695 25.301652908 135.731674194
W 98.935905457 -173.555770874 55.934303284
W 56.523231506 -29.259483337 16.193052292
W 154.850418091 -118.853240967 -6.627694130
W 97.258850098 -199.694931030 124.093635559
W 95.154800415 -187.275329590 86.076927185
W 63.068267822 49.184898376 51.962955475
W 316.764190674 20.698432922 150.916839600
W -2613.973876953 -13054.038085938 6791.071777344
W 87.879203796 19.240573883 277.961730957
W 42.391986847 -130.651214600 222.479537964
W 223.286926270 30.487482071 122.421112061
W 327.543762207 -27.105154037 115.795692444
W 1850.855957031 7751.218750000 5171.494628906
W 161.605484009 -106.796562195 166.877883911
W 19.797256470 -107.080825806 203.456283569
W 227.489334106 59.150878906 34.288196564
W 238.489028931 -105.213424683 9.565274239
W 22.776672363 34.582809448 190.993972778
W 143.725570679 -13.859085083 308.751617432
W 247.556289673 16.536737442 274.842620850
W 210.200378418 -17.233150482 -0.094268702
W 279.846649170 -57.046661377 148.169982910
W 72.181343079 -184.289276123 121.618125916
W 84.295257568 89.441528320 152.349258423
W 51.126815796 -139.693923950 62.511329651
W 154.094696045 2.584145784 -13.218132973
W 181.557907104 -50.640995026 167.043579102
W 54.281414032 -172.809661865 140.379165649
W 208.572570801 -155.146316528 267.365783691
W 132.440643311 -168.315109253 257.351074219
W 231.803176880 -43.838947296 -5.561217308
W 166.302856445 44.942176819 7.011034489
W 6.633003235 -79.043975830 193.889953613
W 33.031101227 53.453609467 174.464080811
W 50.836971283 -66.054756165 129.009201050
W 256.844116211 -77.527053833 12.512018204
W 35.233131409 -61.397270203 59.975257874
W -3.599166155 -37.535396576 146.842819214
W -16952.978515625 -24860.468750000 19203.923828125
W 190.341705322 -110.925758362 259.217315674
W 267.175445557 -172.082595825 187.925064087
W 156.038070679 96.651657104 60.696361542
W -2237.741943359 -5763.056152344 -4065.596923828
W 243.205276489 -154.894653320 237.076614380
W 71.852882385 -20.170274734 34.289482117
W 34.565853119 -134.468582153 203.953125000
W 325.213867188 -85.207504272 171.213592529
W -1.129580379 -45.856639862 175.598678589
W 325.157257080 -55.823810577 191.497497559
W 188.208053589 -140.854858398 9.162927628
W 67.667167664 -83.559898376 12.961819649
W 259.841766357 -19.471235275 279.827911377
W 325.818603516 -81.051818848 116.892211914
W 116.319358826 -208.659149170 154.134368896
W 208.537689209 -124.668548584 288.926269531
W 170.607330322 -193.616607666 65.127365112
W 303.831726074 -65.282791138 57.797008514
W 118.509788513 -204.657546997 136.815612793
W 78.470932007 91.625457764 108.656593323
W 298.010772705 36.186531067 91.460235596
W 148.115386963 98.613746643 221.401458740
W 241.841110229 -183.448883057 83.224319458
W 167.805648804 -120.958557129 296.652496338
W 300.470397949 31.885110855 202.648239136
W 175.202636719 -171.917083740 257.863952637
W 76.925567627 -163.865036011 62.863059998
W 229.881622314 -201.687637329 122.098228455
W 178.454986572 -47.160804749 -21.925392151
W 98.847358704 -13.382159233 -5.054576397
W 9.159703255 -32.488128662 81.309265137
W 16.594404221 -5.565208912 161.926254272
W 212.973297119 73.807594299 248.326873779
W 258.623840332 -165.031585693 71.415405273
W 73.189262390 -177.358505249 197.673568726
W 27.402931213 -51.190811157 45.652523041
W 157.439453125 -201.758270264 83.207160950
W -1774.768676758 2683.554931641 5190.099609375
W 140.809097290 59.846130371 270.764526367
W -11577.693359375 32468.402343750 -2836.599365234
W 217.693237305 -98.755035400 -2.898959875
W 8.666123390 5.934083462 111.503280640
W 46.862327576 70.916122437 133.061843872
W 304.470336914 -135.427185059 124.995506287
W 174.687652588 -52.165546417 285.576385498
W 204.270996094 54.150527954 20.183387756
W 26.488733292 -11.037937164 233.339172363
W 8859.900390625 3221.729003906 -5402.248535156
W 183.454605103 -215.410217285 153.887695312
W 74.647132874 -61.649456024 4.340447426
W 235.345230103 -87.033775330 292.236938477
W 320.981567383 -4.403150082 107.814247131
W 260.893341064 63.851146698 224.200180054
W 122.615982056 107.883209229 187.725051880
W 123.109909058 -120.173545837 -0.347616225
W 126.001930237 71.998756409 213.260818481
W 142.327590942 -185.664520264 57.075168610
W 157.435058594 -182.780700684 47.530975342
W 164.005157471 -163.614196777 24.275089264
W 23.886304855 -133.375213623 119.021522522
W 179.267364502 111.856384277 187.336761475
W 257.496429443 89.395401001 163.711685181
W 223.306549072 -141.205627441 21.168720245
W 76.613967896 72.254119873 68.512809753
W 226.540313721 97.440124512 116.598052979
W 235.966842651 -198.540252686 161.015090942
W 64.261238098 -145.610366821 237.677658081
W 117.582237244 95.358772278 215.676330566
W 4358.211914062 -5149.425292969 -477.134704590
W 253.872253418 -185.980926514 169.874496460
W 52.277202606 38.313385010 236.345504761
W 204.388748169 -45.013683319 305.082672119
W 176.125854492 102.351158142 215.276245117
W 313.831481934 -107.641281128 101.143898010
W 213.918563843 99.101722717 205.929000854
W 201.380432129 -170.619171143 39.636192322
W -11069.368164062 8617.798828125 -12061.622070312
W 71.377159119 -66.495056152 283.611328125
W 215.568252563 34.073883057 280.581909180
W 22.720783234 -89.279769897 224.297744751
W 168.287368774 117.786071777 121.925178528
W 107.617164612 102.627098083 98.089653015
W 202.354476929 -2.478130102 -11.283051491
W -9511.726562500 4447.255859375 -8197.883789062
W 98.037559509 107.274124146 150.573593140
W 58.215148926 -169.096069336 103.908538818
W 102.520950317 -39.305267334 300.706970215
W 258.739746094 -104.481529236 272.676940918
W 9.054650307 -105.514320374 166.622924805
W 194.622756958 116.459815979 141.137344360
W 300.857147217 -122.840431213 87.095077515
W 181.861206055 -158.227691650 23.231161118
W 290.133605957 -124.011062622 226.185882568
W 269.241210938 74.972770691 189.314529419
W 32.710018158 -40.126232147 247.819335938
W 234.575302124 -69.856170654 -2.919895411
W 285.492492676 -144.435272217 84.108810425
W 22691.013671875 -27567.966796875 35016.308593750
W 39.169799805 40.355751038 87.340988159
W -8350.493164062 974.042541504 5056.005371094
W 2688.647460938 -6722.909179688 -1433.326171875
W 234.912231445 77.476539612 60.916549683
W 227.865966797 -194.660522461 194.363739014
W 22.390499115 -128.190979004 179.320785522
W 109.756950378 64.883361816 256.130584717
W 316.697479248 1.799313188 195.107727051
W 63.806091309 -132.243469238 249.819107056
W 123.502487183 -203.629287720 188.813568115
W 58.880672455 8.506770134 26.798595428
W 282.730316162 1.826258183 254.026138306
W 238.272201538 38.043922424 268.146179199
W -6243.497558594 3935.105468750 -170.517059326
W 110.233039856 61.253635406 30.167753220
W 211.752304077 -37.777194977 -13.959480286
W 41.046104431 25.603916168 232.406906128
W 226.943771362 -196.258346558 95.881629944
W 162.991531372 -99.480369568 35.131458282
W 234.850433350 102.359626770 162.117858887
W 257.109497070 -52.192817688 9.182997704
W 137.484771729 115.569747925 166.589569092
W 149.963302612 63.059585571 101.860275269
W 128.820739746 -91.570625305 138.471694946
W 224.021057129 -43.551059723 302.329284668
W 66.524856567 -116.125885010 246.523071289
W 124.346893311 43.234447479 11.132862091
W 17723.380859375 34441.039062500 16423.726562500
W 280.161773682 -8.486290932 32.489795685
W 114.668380737 -144.093750000 17.307205200
W 143.394699097 116.070175171 117.967102051
W 20.196987152 -52.373737335 198.572814941
W 279.215789795 -102.541740417 251.914855957
W 265.757690430 -163.956405640 211.541793823
W 150.334777832 81.574707031 45.352779388
W 87.148086548 -179.927368164 170.598709106
W 316.216674805 -57.453273773 215.494415283
W 310.630279541 -87.324607849 76.922882080
W 151.461196899 19.680515289 281.760070801
W 203.335662842 -91.979080200 63.051452637
W 257.564178467 -98.520034790 20.462289810
W 151.650650024 24.848979950 -4.497415066
W 24.499702454 -93.368087769 63.083988190
W 33.901058197 -150.177383423 133.695632935
W 208.328491211 111.721420288 167.438522339
W 115.853965759 -82.417198181 -10.477118492
W 241.691253662 90.209587097 196.300338745
W 210.131088257 -179.857391357 53.678050995
W 278.085968018 14.682063103 47.885459900
W 329.050048828 -23.006845474 138.931655884
W 186.655395508 64.907257080 255.356475830
W 160.899276733 -197.089126587 216.792388916
W 178.968933105 -70.730575562 131.502975464
W -2915.649658203 26793.917968750 -34235.769531250
W 69.036834717 -159.706314087 223.527877808
W -2877.156982422 -5131.976562500 -190.307312012
W 282.660736084 33.092281342 59.059059143
W 41.104068756 34.427509308 198.767059326
W 275.801910400 -79.519882202 267.570648193
W 112.515876770 -141.290435791 274.490661621
W 9533.149414062 -588.127807617 -2313.579345703
W 32.120059967 -122.227920532 77.526771545
W 146.087890625 -64.576271057 311.732086182
W 257.513610840 -151.298431396 54.850257874
W 250.812026978 94.868095398 127.436752319
W 7067.863769531 8095.485351562 15448.455078125
W 85.116218567 -173.454345703 221.385238647
W 329.516571045 -46.439292908 170.580352783
W 263.665405273 -113.646492004 31.086236954
W 330.417633057 -64.380859375 152.754653931
W 78.152420044 59.970066071 233.971725464
W 35.395065308 59.564834595 145.105682373
W 222.680633545 -103.119163513 107.182304382
W 271.369232178 -42.510570526 19.497318268
W 324.406494141 -96.455131531 141.930435181
W -5816.905761719 -2215.326416016 5301.238769531
W 203.012283325 -208.649047852 172.334716797
W 162.111282349 33.601848602 292.505157471
W 217.926254272 -54.253421783 65.706527710
W 283.637481689 -126.475181580 60.889545441
W 255.916687012 -161.138122559 229.259643555
W -17073.093750000 5386.130371094 3448.219238281
W 284.709289551 48.471382141 212.259094238
W 124.260711670 -54.238529205 -17.221750259
W 259.618438721 84.512725830 107.323654175
W 316.191253662 -51.759624481 79.868492126
W 108.303924561 -110.179466248 97.170845032
W 81.921058655 -186.314651489 105.381637573
W 196.422180176 -209.231246948 117.938621521
W 21.604202271 -132.768173218 153.618927002
W 2.358524084 -88.566047668 134.281539917
W 137.163452148 87.290519714 238.537551880
W -5384.600585938 4910.662109375 -1388.645751953
W 266.591918945 -21.019231796 17.447006226
W 137.822494507 9.356461525 301.355224609
W 93.177261353 -199.170394897 152.245117188
W 151.809234619 59.304237366 17.809249878
W 272.519927979 -134.184890747 240.464950562
W 20.396818161 34.647182465 118.316856384
W 80.665802002 -124.149169922 269.938262939
W 127.914443970 105.852882385 88.117080688
W 89.085708618 -40.185245514 -4.555951118
W 211.788635254 -65.904945374 305.203460693
W 251.615982056 -162.590423584 99.223419189
W 161.105651855 -188.307861328 236.638031006
W -1.066110253 -74.502777100 155.460891724
W 2770.891113281 4182.717285156 -1122.933471680
W 177.831604004 83.203651428 42.629333496
W 244.864242554 -1.440926909 6.526192665
W 149.823501587 109.897682190 196.448654175
W 146.293655396 -156.525100708 272.326354980
W 209.987106323 56.475025177 267.030944824
W 90.966156006 -108.686546326 7.976387978
W 281.105773926 65.005989075 107.863876343
W 212.469543457 -179.420166016 118.180770874
W 197.230133057 94.032470703 224.791931152
W 54.501411438 -116.736564636 37.904380798
W 108.944053650 -16.730644226 300.300079346
W 187.957916260 42.035018921 6.772969723
W 37.727020264 -20.308511734 36.889999390
W 172.086776733 106.234359741 80.455451965
W 178.472274780 7.858530998 -11.041329384
W -10825.249023438 9907.355468750 2252.964843750
W 74.198623657 28.462064743 263.615386963
W 49.441719055 -52.906959534 22.259647369
W 10744.832031250 4877.409179688 -135.522247314
W 120.335845947 -127.186744690 74.016418457
W 324.553009033 -13.122486115 178.085571289
