533

A 379.416961670 -54.661819458 137.149398804
A 103.558792114 -189.337127686 408.549438477
A 334.076477051 -145.271194458 444.002532959
A 273.105499268 -301.052185059 276.836547852
A 419.798583984 -42.809955597 322.904174805
A 436.649505615 -99.993995667 289.923248291
A 313.805114746 -219.421539307 312.152343750
A 308.682312012 -110.348091125 443.479339600
A 332.453918457 -4988.674316406 -47586.160156250
A 431.775238037 -139.711257935 264.294036865
A 118.077766418 1.255261660 126.155593872
A 316.963867188 -79.090766907 394.903869629
A 311.323547363 -279.623168945 217.967514038
A 390.682250977 -28.554767609 377.744995117
A 69.279960632 -48.376461029 151.272720337
A 3273.190917969 -752.895324707 7223.214355469
A 255.621185303 -133.546966553 470.043975830
A 186.179611206 -278.268188477 364.320770264
A 97.339363098 -172.798583984 282.312561035
A 315.556701660 23.191343307 131.058807373
A 231.098693848 96.411705017 328.061096191
A 428.907592773 -136.829986572 299.904083252
A 218.674804688 -136.788467407 473.519134521
A 5959.513183594 4496.437500000 4.074328899
A 298.487945557 34.076236725 407.872772217
A 305.498809814 -293.100311279 302.084503174
A 338.826965332 -7.961844444 417.441833496
A 428.153991699 -69.389778137 319.540954590
A 407.458801270 -193.793640137 235.740829468
A 191.184066772 -53.215099335 98.108360291
A 209.794296265 88.264930725 188.476394653
A 425.502593994 -102.852455139 327.508239746
A 429.693359375 -59.059837341 232.353988647
A 317.619232178 -265.228607178 357.690307617
A 403.972961426 -193.389038086 326.989959717
A 85.553489685 -187.088851929 150.360183716
A 251.462417603 -3.502266645 451.190460205
A 98.973632812 56.185970306 289.175659180
A 424.527130127 -131.442932129 210.161300659
A 32.516014099 -104.383674622 313.669525146
A 377.880859375 -142.815704346 133.378738403
A 122.808944702 -100.977035522 91.705276489
A 144.589492798 15.118824959 120.558303833
A 280.260040283 -252.216033936 402.303894043
A -1112.579956055 375.042785645 281.286926270
A 297.577880859 -15.073111534 95.470954895
A -45848.367187500 60576.980468750 38502.519531250
A 203.957702637 92.434829712 323.141876221
A 145.097351074 53.951160431 374.940216064
A 139.837509155 -155.282745361 278.374908447
A 64.003379822 20.976827621 261.956573486
A 49.699588776 -59.739524841 177.735351562
A 89.771194458 -147.653518677 121.334663391
A 128.147933960 -208.191101074 413.819824219
A 250.372879028 99.561408997 304.899749756
A 207.086196899 -302.026672363 315.784454346
A 146.626739502 50.415073395 155.854553223
A 92.088653564 -254.259231567 284.293060303
A 76.936927795 -210.729904175 355.395568848
A -63038.203125000 15546.288085938 -48607.449218750
A 117.370635986 -71.247520447 98.780799866
A 229.406417847 -95.667022705 476.907440186
A 120.935821533 -173.148254395 428.404052734
A 171.877197266 -260.721008301 385.872222900
A 72.864654541 -238.077438354 266.059692383
A 322.823913574 -217.048355103 127.453414917
A 248.156845093 105.238014221 278.634277344
A 367.401672363 -252.625411987 235.384918213
A 374.300445557 -238.362136841 312.618316650
A 419.529449463 -180.975601196 270.371673584
A 417.509857178 -81.723281860 183.381912231
A 375.805511475 -167.046173096 214.118377686
A 357.159820557 -227.629257202 169.289581299
A 88.000579834 39.073513031 319.523529053
A 101.353080750 -247.961380005 346.825744629
A 56.466228485 -155.062301636 168.517410278
A 322.526306152 -37.336269379 99.245666504
A 272.393096924 -193.262847900 449.376037598
A 326.755279541 18.615472794 406.439361572
A 204.772308350 14.424914360 98.538223267
A 3883.845703125 -11890.017578125 22355.384765625
A 306.403015137 -12.371441841 438.794708252
A 132.631057739 -224.563964844 136.485107422
A 358.448883057 38.988796234 345.083435059
A 191.729721069 -157.530685425 75.016860962
A 48.512680054 -169.078979492 349.538238525
A 403.218505859 -83.962539673 157.618331909
A 237.213134766 -247.085296631 413.242736816
A 288.643676758 -42.727657318 459.380126953
A 180.276550293 -194.277389526 447.735473633
A 124.070297241 -229.552642822 391.534088135
A 156.462631226 -292.093170166 271.835815430
A 37458.085937500 -12769.275390625 -40690.230468750
A 404.926666260 -134.318893433 374.640014648
A 132.217193604 -256.547546387 180.046798706
A 419.532867432 -147.423355103 329.070922852
A -18805.583984375 -77082.375000000 9851.422851562
A 134.728775024 -145.697784424 90.678016663
A 298.760833740 -181.396667480 449.270751953
A 420.365661621 -161.889495850 221.035736084
A 68.028945923 -114.897056580 400.125610352
A 62.924232483 -84.369674683 154.420776367
A -2511.130371094 5777.875000000 5961.695312500
A 110.535995483 -206.081466675 139.619415283
A 361.453002930 -131.819641113 116.088981628
A 150.591583252 21.943687439 396.892517090
A 334.283386230 -211.281875610 406.212646484
A 212.510391235 -267.724090576 146.634429932
A 70.104873657 -88.362045288 132.179885864
A 207.794174194 -228.834869385 111.525527954
A 43.156444550 -184.283355713 224.786331177
A 343.334472656 -256.716979980 199.802108765
A 53.392150879 -22.211008072 195.150115967
A 277.207214355 -254.408233643 138.585113525
A 219.695892334 -308.012939453 238.902267456
A 381.158020020 -87.018737793 131.049240112
A 201.590484619 -50.947174072 70.578300476
A -1451.571777344 -79159.304687500 -19322.800781250
A 151.339401245 -258.069519043 161.091400146
A 265.442291260 -158.369522095 98.367927551
A 144.088104248 -13.723174095 103.700790405
A 223.218399048 -64.892227173 472.295196533
A 262.190887451 -222.342468262 136.934555054
A 78.313629150 -78.407119751 409.596801758
A -54282.015625000 -41960.101562500 -48579.828125000
A 410.804534912 -17.261913300 328.837524414
A 345.024353027 -266.515411377 227.740020752
A 331.715332031 -179.241790771 431.357879639
A 22.440357208 -95.008827209 285.562103271
A 46.601085663 -11.275627136 266.637573242
A 314.828094482 -76.904129028 456.995422363
A 209.412750244 -7.846980572 452.400238037
A 362.734008789 47.120178223 217.462249756
A 296.216674805 63.340343475 160.944274902
A 364.103729248 -80.917869568 114.181236267
A -796.696105957 -5647.859375000 1975.834106445
A 201.522109985 -189.050384521 82.528297424
A 185.697509766 -294.254577637 328.744171143
A 894.461669922 -720.060546875 103.170745850
A 280.438751221 88.668930054 321.458709717
A 168.455215454 61.148265839 155.133392334
A 107.268379211 -233.591659546 369.753173828
A 279.971374512 -76.750625610 68.490570068
A 251.912551880 -293.190795898 350.819213867
A 41.783481598 -25.190965652 296.324035645
A 28499.714843750 -9696.743164062 -41413.789062500
A 276.153442383 -154.570724487 465.217926025
A 253.412536621 -134.766983032 255.848800659
A -3867.963378906 -1151.999389648 1232.121582031
A 227.136383057 37.635356903 119.380264282
A 88.038764954 -205.770492554 243.673583984
A 77.223045349 -45.479953766 401.568817139
A 292.261535645 77.465469360 191.064178467
A 90.693519592 -247.029464722 243.804611206
A 146.935562134 28.909090042 409.744903564
A 63.628482819 10.628302574 217.728378296
A 380.515045166 -30.193998337 154.858459473
A 205.329391479 -99.353614807 60.461883545
A 371.350402832 -201.302597046 382.470916748
A 39.319370270 -123.000823975 348.753967285
A 70.410667419 -174.804794312 166.799148560
A 81.539649963 -24.691785812 161.778900146
A 242.136672974 102.022964478 227.551315308
A 269.896057129 55.820636749 395.939361572
A 130.904418945 62.694187164 197.310012817
A 80.565139771 -238.632003784 225.333496094
A 71.500244141 23.566238403 236.593246460
A 62.743671417 -218.149993896 296.725616455
A 94.264869690 51.022903442 248.057006836
A 351.366302490 -265.959777832 279.707489014
A 179.636398315 86.852050781 205.563858032
A 319.320159912 -261.752838135 173.697998047
A 31.197708130 -148.286117554 253.519515991
A 248.627044678 12.750856400 97.210395813
A 348.543395996 67.447593689 251.214263916
A 367.112640381 -171.269317627 135.675384521
A 364.202117920 3.015316248 383.573944092
A 305.681182861 -59.280948639 83.090827942
A 156.352432251 -287.259765625 327.970367432
A 166.380722046 92.105010986 262.035980225
A 281.991668701 -43.433147430 80.844200134
A 41.473217010 -126.175086975 186.107269287
A 418.737731934 -18.951673508 283.591217041
A 314.884857178 -208.207214355 424.139709473
A 187.290420532 80.043693542 353.432281494
A 174.302200317 -11.040689468 449.686614990
A 3966.000244141 9247.989257812 12656.963867188
A 249.798599243 101.987503052 253.068435669
A 88.358924866 -207.827850342 167.700225830
A 404.890350342 -209.577133179 269.625793457
A 184.487609863 -81.129035950 472.495208740
A 45.668655396 -18.478752136 232.656539917
A 361.537567139 -240.136245728 195.250320435
A 767.319885254 -1209.586791992 -57.098781586
A -28698.800781250 36538.625000000 29829.082031250
A 45.103023529 -185.156845093 312.971496582
A 307.464508057 -162.754409790 88.195587158
A 240.898925781 -253.983917236 129.521087646
A 75.748168945 32.912284851 287.745239258
A 39.893558502 -51.000419617 204.947799683
A 378.323699951 -176.979904175 392.706329346
A 234.362060547 -132.414138794 66.290138245
A 266.150848389 -211.516601562 95.886596680
A 142.230972290 -271.790374756 352.452178955
A 171.348327637 -181.054351807 90.358200073
A 119.582092285 68.649513245 278.192047119
A 164.232940674 -290.757537842 215.318527222
A 155.154663086 -202.148788452 433.551147461
A 279.670349121 -103.563064575 71.670906067
A 55.592742920 -210.168502808 232.907684326
A 268.963806152 -12.427968025 87.215011597
A 297.154968262 44.747970581 138.535446167
A 86.874000549 -102.680854797 117.692649841
A 161.069244385 -1304.674316406 -273.983276367
A 61.879886627 -152.383255005 381.566589355
A 381.848907471 39.453128815 248.515808105
A 250.386199951 -52.500576019 469.593963623
A 85.388198853 -128.073425293 128.145797729
A 262.647552490 -108.807258606 473.596832275
A 246.611740112 -32.791015625 73.503913879
A 324.641296387 -94.813392639 89.170249939
A 390.273864746 -17.327081680 260.484466553
A 189.884368896 -55.022632599 467.781494141
A 267.248992920 73.912902832 166.302978516
A 109.222396851 1.996749163 401.899353027
A 314.841766357 76.136825562 208.112274170
A 302.044342041 -288.109619141 247.106018066
A 229.456817627 -58.246280670 67.525741577
A 209.688339233 -291.734100342 267.710998535
A -6782.276855469 37913.312500000 -90022.031250000
A 54.343620300 -119.715759277 159.916366577
A 152.186065674 -159.433029175 451.144439697
A 159.414459229 -145.120681763 79.504013062
A 206.845214844 -139.834106445 66.407173157
A 203.301391602 101.693450928 272.769775391
A 241.842361450 94.133010864 205.437194824
A 417.532623291 -80.497962952 354.240936279
A 342.050292969 -151.860183716 104.663383484
A 392.652252197 -178.674209595 364.914550781
A 285.946350098 -270.637390137 372.148773193
A 77.439048767 14.782926559 193.710296631
A 370.084167480 -232.358535767 345.112182617
A 382.613342285 24.877632141 215.382400513
A 342.722595215 -115.937866211 98.561080933
A 405.913726807 -169.244857788 187.190536499
A 350.272064209 -43.560977936 112.220153809
A 50.563308716 -140.813430786 365.915130615
A 192.629211426 -249.615875244 409.287811279
A 255.747848511 31.722551346 423.695037842
A 405.357177734 -165.084030151 356.909362793
A 53426.046875000 24627.464843750 6407.452148438
A 679.200805664 -1605.558593750 -1067.755493164
A 411.319458008 -127.763420105 176.723724365
A 239.483047485 -306.647888184 262.887725830
A 180.412551880 77.529930115 178.665252686
A 317.266723633 -241.077606201 391.480529785
A 62.144611359 -32.943183899 371.598114014
A 166.430526733 -45.130046844 78.755767822
A 386.048858643 -64.318855286 399.068389893
A 349.953063965 -256.950256348 333.270507812
A 281.992370605 79.764411926 351.263092041
A 194.576019287 60.527156830 142.541778564
A 55.425876617 -95.192085266 380.832519531
A 387.558746338 21.702407837 319.007751465
A 33.205871582 -77.083198547 328.203338623
A 363.809020996 -40.965881348 415.210174561
A 294.942718506 -197.534484863 98.526107788
A 43.311676025 -193.245391846 281.711456299
A 307.533966064 58.163417816 375.043731689
A 361.738403320 -122.478439331 426.454132080
A 236.811737061 -19.078702927 460.119720459
A 311.595825195 84.948516846 297.329376221
A 311.236938477 73.130950928 341.319488525
A 352.178588867 -223.894500732 387.158630371
A 38.687480927 -182.104217529 260.187316895
A -3035.357910156 -15493.557617188 8134.006835938
A 323.110778809 -183.647323608 106.997009277
A 380.417419434 -1.842844605 169.805084229
A 124.228271484 -251.397567749 313.588439941
A 27.780834198 -132.093307495 305.209564209
A 1614.736083984 6294.946289062 4383.601562500
A 230.005584717 39.442142487 206.409667969
A 408.205444336 -28.628143311 194.850021362
A 153.003845215 -233.354858398 408.175048828
A 133.280883789 -29.076026917 441.460266113
A 401.656005859 -200.988586426 211.597534180
A 261.322448730 -142.095199585 70.152191162
A 126.413200378 -177.675094604 107.966995239
A 170.758224487 -140.529190063 464.495422363
A 36.381088257 -85.297935486 254.626525879
A 345.279846191 67.852119446 292.751098633
A 335.975280762 -277.566436768 256.970794678
A 372.283538818 12.030227661 364.294738770
A 242.334289551 -162.351760864 466.068084717
A 178.494522095 -99.478584290 185.927627563
A 364.639617920 51.907947540 278.428649902
A 175.187454224 32.681564331 123.276077271
A 266.509368896 50.716423035 134.500442505
A 141.902847290 -109.632926941 459.379608154
A 228.094451904 -214.593353271 441.437408447
A 419.178131104 -59.991531372 209.381027222
A 386.288940430 -230.133422852 234.216079712
A 421.105468750 -78.106956482 292.258209229
A 111.818885803 -65.734428406 436.696960449
A 404.056091309 -84.272666931 379.512420654
A 434.946289062 -111.474464417 266.376770020
A -26708.621093750 -39217.691406250 30301.900390625
A 189.460189819 -2.226831198 95.834709167
A 102.593383789 51.125186920 215.355590820
A 238.294189453 -276.038330078 377.117858887
A -1081.911499023 -3280.697998047 -2062.238037109
A 130.924468994 33.378856659 150.330688477
A 361.324920654 -145.423904419 420.653900146
A 388.995849609 5.723788738 194.200485229
A 34.712001801 -51.560188293 233.236434937
A 429.968505859 -103.702545166 230.962951660
A 30.352617264 -92.879371643 209.436431885
A 197.964416504 19.664543152 434.365386963
A 350.229736328 -58.861446381 432.363922119
A 115.311050415 -138.791732788 102.190063477
A 30.718118668 -57.543033600 302.879028320
A 286.691070557 95.993331909 248.495788574
A 169.586074829 -6.005147934 93.441146851
A 217.716003418 75.588264465 369.204528809
A 59.093555450 -72.220161438 382.623657227
A 284.203369141 94.711578369 281.507476807
A 331.270263672 -275.687286377 314.038574219
A 62.998588562 -204.697540283 333.906677246
A 242.149429321 -284.001312256 179.211090088
A 135.645965576 65.608131409 342.656311035
A 224.411270142 -10.438605309 80.229560852
A 61.347221375 -199.550018311 198.689132690
A 215.582611084 50.048007965 131.345855713
A 336.913665771 43.423538208 370.190612793
A 142.148895264 85.462066650 290.785644531
A 204.885620117 -103.847808838 473.872100830
A 307.283508301 -145.008560181 457.493469238
A 417.890045166 -121.286972046 348.126525879
A 425.291351318 -153.764190674 246.886917114
A 166.155090332 -249.624710083 142.811477661
A 109.744995117 43.380893707 357.106811523
A 343.657806396 53.292694092 201.751937866
A 395.240814209 -103.189079285 390.876617432
A 240.773696899 89.065101624 348.888732910
A -312.450195312 673.523986816 1666.260620117
A 254.608367920 -235.875549316 112.209068298
A -18152.705078125 50932.480468750 -4417.818847656
A 161.252044678 -43.202594757 454.148468018
A 418.371032715 -167.045562744 306.853942871
A 370.698333740 -246.949493408 284.241363525
A 59.920509338 6.653477669 298.004272461
A 221.512344360 -96.895080566 69.765029907
A 179.799438477 -229.718551636 424.688690186
A 397.756225586 -148.186889648 158.543991089
A 8487.269531250 3009.789794922 -4966.399414062
A 206.035263062 102.638053894 249.675689697
A 343.777282715 -84.605278015 443.613708496
A 140.014526367 -53.873950958 88.755592346
A 36.751159668 -158.673782349 311.984039307
A 114.034248352 -235.812728882 168.722274780
A 277.493133545 -294.156890869 217.716354370
A 279.472717285 -10.051538467 448.280059814
A 283.777587891 -270.899536133 172.867996216
A 255.374099731 70.298828125 374.264801025
A 232.126556396 62.941139221 389.568603516
A 231.647293091 45.090515137 413.828552246
A 403.592712402 6.686472416 303.396728516
A 209.255828857 -298.302215576 211.052230835
A 114.825744629 -271.939971924 243.190048218
A 156.480133057 10.658706665 428.818450928
A 341.511413574 -248.647735596 366.190856934
A 151.112426758 -291.380706787 301.938140869
A 140.424713135 82.297355652 246.664672852
A 350.241638184 19.987571716 156.088241577
A 289.450775146 -284.319183350 189.048309326
A 1912.519287109 -2148.219726562 1.564095855
A 117.358642578 65.937103271 236.855880737
A 360.595886230 -203.794982910 152.140243530
A 176.295089722 -110.085739136 70.748374939
A 212.504302979 -286.344909668 180.570739746
A 46.232948303 -28.136819839 327.424133301
A 170.666381836 -280.090393066 189.384338379
A 188.239257812 53.751064301 399.104125977
A -14597.988281250 11387.347656250 -15870.716796875
A 344.088409424 -76.444274902 98.205001831
A 165.214370728 -202.572570801 102.109207153
A 400.522399902 -48.716606140 169.168838501
A 226.844253540 -307.487976074 297.778930664
A 305.183349609 -287.261596680 326.649627686
A 185.842514038 -162.298080444 463.761474609
A -10615.343750000 4990.956054688 -9091.564453125
A 309.548858643 -292.382507324 266.663726807
A 363.489227295 48.087787628 316.491607666
A 310.167510986 -112.677322388 78.841354370
A 116.986831665 -29.236574173 112.067733765
A 421.084838867 -28.076627731 240.592391968
A 190.854049683 -304.817810059 273.754638672
A 59.772705078 -7.362653255 339.581817627
A 204.464218140 37.168804169 418.778320312
A 72.867156982 -4.450245857 169.182174683
A 103.718948364 -253.260437012 207.979293823
A 391.058685303 -111.973884583 141.810592651
A 145.088256836 -73.483306885 456.888305664
A 76.680831909 18.622930527 341.128173828
A 37648.058593750 -45745.972656250 58103.601562500
A 385.581176758 -212.162139893 340.852630615
A -7060.089355469 812.360961914 4469.810058594
A 1569.069091797 -3598.875976562 -568.909484863
A 144.444152832 -256.440612793 377.505523682
A 149.862548828 79.740264893 206.747955322
A 406.367401123 -2.370587587 222.787948608
A 300.585479736 -234.896240234 130.108551025
A 41.520645142 -158.380447388 203.738159180
A 350.400573730 5.152973175 137.813964844
A 281.809448242 92.106460571 214.379974365
A 356.900848389 -175.613327026 413.160675049
A 87.309806824 -165.366104126 132.472076416
A 140.110885620 -205.854248047 115.349136353
A -3426.872558594 2194.967285156 96.610771179
A 294.076141357 -234.911956787 413.379943848
A 173.642974854 -112.715591431 469.472778320
A 383.657257080 -184.650650024 161.650482178
A 160.044876099 79.448425293 329.057586670
A 224.878479004 -26.466329575 451.319213867
A 142.046569824 -288.596282959 245.119934082
A 111.645111084 -98.639076233 445.531982422
A 261.181060791 -303.378692627 241.412551880
A 252.092071533 -282.494750977 340.505401611
A 314.464416504 1.004454970 271.468658447
A 146.188552856 -105.873115540 77.439018250
A 360.299682617 -19.078683853 134.289657593
A 278.414825439 -217.559982300 435.891326904
A 28720.001953125 55802.847656250 26628.246093750
A 84.886161804 -148.793655396 409.944671631
A 287.923217773 19.188129425 430.340850830
A 260.777130127 -304.033203125 303.331512451
A 420.011077881 -100.678306580 197.368499756
A 91.281570435 -32.169292450 131.194976807
A 100.820648193 37.629264832 190.744964600
A 250.132324219 -263.311096191 394.182739258
A 330.467010498 73.920089722 230.562530518
A 41.232166290 -90.121582031 183.546997070
A 48.517456055 -47.713588715 347.549774170
A 244.629165649 -187.570083618 82.754158020
A 156.607284546 -24.467241287 425.210144043
A 108.955917358 -40.013793945 426.427246094
A 245.257415771 -193.390502930 454.392547607
A 404.514007568 -48.395870209 363.657653809
A 390.212463379 28.073350906 281.895538330
A 177.022155762 -298.543212891 241.584426880
A 285.943572998 -64.845787048 465.530120850
A 134.205856323 -273.353698730 207.026779175
A 174.054107666 66.145919800 376.302093506
A 81.917556763 -179.803329468 390.930541992
A 26.051668167 -136.761581421 274.902435303
A 197.067306519 -247.053970337 130.147171021
A 234.002838135 84.624450684 176.087020874
A 183.859222412 -34.323596954 303.130889893
A -4751.344238281 43663.968750000 -55797.515625000
A 349.881622314 36.279098511 175.513061523
A -489.485992432 -1320.410400391 184.280349731
A 83.818214417 -202.952392578 379.161163330
A 385.687347412 -212.381271362 193.806793213
A 94.507728577 -65.460136414 116.163352966
A 293.146484375 14.841055870 110.918800354
A 8163.204589844 -525.281433105 -1818.352905273
A 396.626678467 -8.525279045 348.613342285
A 254.559158325 -81.766990662 64.427993774
A 109.734703064 23.105333328 380.425506592
A 121.953544617 -279.658233643 284.200286865
A 9362.285156250 10688.319335938 20450.251953125
A 325.732910156 50.853782654 169.334182739
A 23.695734024 -107.283195496 233.497970581
A 100.411109924 -20.335193634 411.364196777
A 19.963624954 -76.224258423 262.246856689
A 333.151611328 -236.304962158 151.991714478
A 386.333801270 -232.766220093 270.635864258
A 107.033622742 8.583671570 334.732299805
A 91.557937622 -108.933074951 423.727020264
A 33.445953369 -41.341495514 269.076873779
A -3728.607421875 -1501.537109375 3669.485839844
A 181.678817749 94.924423218 232.735336304
A 222.841735840 -207.088485718 90.049110413
A 129.506164551 -101.654174805 418.775238037
A 79.826126099 -7.992128849 372.594055176
A 115.577865601 38.303932190 168.113830566
A -22317.417968750 7071.036621094 4584.517089844
A 87.720680237 -225.699508667 191.157836914
A 274.475891113 -92.964408875 472.952697754
A 113.884834290 -266.810821533 319.206909180
A 38.777351379 -94.899276733 351.487579346
A 339.135711670 21.820085526 353.817138672
A 331.871307373 70.096755981 318.810119629
A 192.622894287 96.022521973 299.330841064
A 407.761474609 7.301084995 256.827880859
A 430.894775391 -49.379959106 280.071716309
A 258.239685059 -271.707733154 155.572082520
A -2993.562744141 2782.660888672 -594.150207520
A 103.971611023 -139.299224854 429.526275635
A 265.254852295 -169.564788818 74.229858398
A 316.967407227 87.902076721 262.459320068
A 246.635101318 -232.129425049 429.682281494
A 96.558235168 5.448495865 151.125549316
A 404.709045410 -204.421569824 300.442169189
A 329.011260986 -7.128599167 116.848342896
A 277.873138428 -290.492279053 338.627960205
A 321.225311279 -113.506919861 461.092468262
A 166.761199951 -77.704872131 73.332138062
A 112.506607056 57.186233521 323.900848389
A 235.516311646 67.002502441 149.442855835
A 433.885253906 -73.519798279 254.954940796
A 288.960205078 -1.496302247 240.565124512
A 209.166946411 -264.971740723 393.882659912
A 129.852844238 -154.815917969 443.225524902
A 244.940414429 -296.962738037 209.106155396
A 259.204772949 30.899682999 111.951606750
A 169.533325195 -228.095611572 120.032356262
A 325.846405029 -36.658447266 440.080352783
A 80.082160950 -241.529083252 317.618560791
A 160.265075684 84.656593323 306.274902344
A 186.298690796 -274.968261719 169.663726807
A 367.301086426 -20.695772171 403.926086426
A 300.047332764 -137.883819580 77.760169983
A 198.958724976 -213.258743286 439.701660156
A 388.908081055 -136.839645386 397.304840088
A 213.927856445 -290.881805420 349.498748779
A 213.862319946 -174.544204712 460.260040283
A -12828.397460938 11773.510742188 2769.457519531
A 342.692871094 -194.368255615 124.408660889
A 371.700469971 -91.862060547 420.832427979
A 10930.751953125 4897.859375000 -25.754323959
A 300.853729248 36.286476135 386.680114746
A 31.353820801 -140.976257324 226.384109497
