533

I 866.847412109 186.933135986 -673.510437012
Z -867.097167969 -495.413330078 294.462036133
Y -37.296478271 14.859066963 -246.275527954
Z -157.349594116 1197.783691406 -126.944061279
Z -184.466079712 211.860198975 206.273620605
I -131.328430176 -67.526145935 207.382110596
I -461.152587891 469.218231201 198.382095337
I -662.934326172 -67.404914856 -1484.970214844
Z 103.811721802 -1706.602416992 -15610.569335938
Y -609.942932129 -92.296653748 296.108428955
I 18.695419312 235.226074219 -381.918060303
Z 2424.697998047 -1826.150390625 -893.507751465
I 375.521209717 -417.789184570 49.854003906
I 663.361694336 359.603637695 616.378967285
Z 208.734222412 717.211547852 603.392822266
I 3886.698242188 -1011.704345703 8752.236328125
Y 183.210449219 -156.688491821 -400.202148438
Y -188.186523438 -129.375030518 428.095855713
I 111.447410583 -338.835968018 -784.236572266
I 161.882369995 -145.530944824 84.725364685
I 104.944313049 664.296081543 422.270385742
Z -629.424499512 63.097686768 184.413711548
Y -58.347381592 -427.939178467 263.371093750
Y 7433.731445312 5781.685546875 -213.179840088
I -111.223281860 -615.515808105 -529.960449219
I 217.156387329 142.767181396 120.734123230
I 269.654907227 73.550674438 404.434356689
I 992.093383789 140.410308838 366.522705078
I -693.153625488 439.324859619 356.405609131
I -176.558029175 212.417846680 -990.701293945
Z 188.890182495 156.596008301 112.941551208
Z -424.556396484 -139.583755493 172.600936890
I -760.997436523 -213.716094971 255.762222290
Z 230.108047485 -199.686111450 225.181884766
I -35.445346832 56.846290588 -173.204666138
I -578.453552246 -444.227233887 -461.532012939
I 226.996597290 407.786254883 947.474121094
Z 674.950378418 -645.498291016 -277.095184326
I -524.713012695 -36.768127441 -62.394939423
I 901.651611328 -26.210836411 34.164672852
Z -279.598571777 -184.857315063 294.493896484
I -0.176642910 31.663974762 -144.375762939
Z -296.331115723 273.460754395 -139.129455566
I -398.665252686 76.280914307 -19.825017929
I -7337.326171875 2281.632080078 65.840118408
I 556.096374512 224.228683472 223.327209473
I -11414.172851562 15025.613281250 9645.267578125
Z 66.388046265 323.241455078 90.262557983
I -195.385208130 681.354431152 610.865112305
I 2433.950683594 1167.468017578 -20.167409897
I -639.715026855 556.441406250 148.105819702
Z -758.265686035 -62.007644653 -352.709350586
I -175.130905151 162.852355957 -424.111389160
I 88.550796509 103.437805176 -133.178421021
I -167.911651611 -94.892707825 69.666625977
Z 291.956756592 816.477783203 198.309600830
I 218.789123535 673.361450195 -165.826675415
Z -211.184585571 -262.982421875 46.246231079
Z 2339.752685547 1826.805297852 -1610.448364258
Z -16003.063476562 3894.679687500 -12267.980468750
I 54.301349640 146.700454712 -267.591522217
I 90.506240845 -162.938537598 -736.819824219
I 561.518676758 169.915206909 -657.314270020
I 49.788684845 -84.295356750 157.040054321
Y 237.061157227 -62.315502167 519.500244141
I -184.399993896 130.954971313 -45.145732880
Y 142.391540527 415.142883301 341.604095459
Z -233.757934570 248.703857422 192.095855713
I 240.865844727 529.926208496 570.292419434
Z 73.226890564 30.567070007 83.596549988
Z 291.856262207 30.792739868 -76.372985840
I -580.204589844 479.256408691 342.270263672
I 167.280685425 40.308990479 81.590408325
Y -221.073486328 -493.351501465 12.085639954
I -395.305969238 -446.420654297 457.398315430
I -99.021903992 -91.827972412 -110.353675842
Z -185.708679199 -204.606582642 503.177917480
Z -22.135189056 164.076766968 -453.403167725
I 93.238502502 -107.961891174 -110.192283630
I 327.841461182 711.547668457 -39.509529114
Z 1813.948974609 -5684.584960938 10569.258789062
I -560.705993652 -854.504882812 -1376.061279297
I -311.291442871 -540.886108398 -473.471069336
I 735.908081055 -297.074066162 524.473876953
Z 467.344818115 -233.590545654 228.796417236
Z 475.585876465 -17.413682938 137.668716431
I 118.337684631 136.589782715 285.089355469
I -19.076843262 735.972412109 42.075099945
I -229.370605469 -404.394744873 -993.582397461
I 517.302612305 -8.108540535 129.233825684
Y 255.716308594 419.091278076 -68.101226807
I 288.497192383 111.271202087 517.330017090
I 11287.952148438 -3900.243896484 -12175.528320312
Z -604.867919922 321.151489258 29.514287949
I -195.749023438 -441.553497314 -380.790222168
I -298.690246582 455.380035400 195.137664795
I -4798.135742188 -19694.033203125 2576.209472656
I 60.744529724 -325.040771484 -456.811950684
I -102.993431091 -113.601325989 5.933246136
I -897.845336914 287.845306396 322.075378418
I -11.039492607 -81.963424683 667.926879883
I 1503.330688477 -226.493103027 1170.905273438
Z -2002.303955078 4374.377441406 4554.144531250
I 121.648193359 -453.082458496 -274.928894043
I 99.143470764 140.531570435 88.901229858
I 725.859130859 -1049.971191406 -1019.465026855
I -431.336791992 325.505767822 -571.272033691
Y -62.954799652 -147.719940186 -430.398529053
Z 337.417388916 111.668228149 64.403312683
I -178.485076904 -594.976745605 -266.613342285
I -492.953186035 -561.227233887 -155.168655396
Y 108.279632568 -140.141311646 -76.456939697
Z 864.568603516 -105.533706665 212.033950806
I -13.531132698 593.446411133 780.076721191
I 54.393177032 -49.705249786 -15.727344513
W -347.719421387 -77.547218323 637.493774414
I 43.515090942 109.004325867 -279.725982666
I -355.926940918 -20052.841796875 -4831.854003906
Z 351.992065430 502.340515137 378.225646973
I 104.138298035 403.646484375 878.106384277
I 57.459007263 447.670318604 -482.098144531
I 326.405548096 276.588500977 834.145141602
I -132.164627075 996.477539062 1330.104614258
I 441.745208740 72.105705261 287.400451660
I -13556.200195312 -10525.026367188 -12062.496093750
I 544.705871582 226.215591431 584.100952148
I 217.759338379 -4.863734722 -33.938678741
Z 270.937530518 78.877960205 -9.980485916
Y 316.053802490 239.467910767 -186.129150391
Z 1954.835327148 -892.451232910 22.151735306
I 134.701766968 -116.070899963 -92.705650330
I 663.110107422 -362.427734375 -138.160202026
I 25.736465454 -209.487640381 19.989732742
Y -77.898918152 579.587707520 512.140686035
I 189.428833008 79.346000671 -179.083587646
Y -1475.044433594 -8711.200195312 2730.015869141
Z 459.105255127 -320.722351074 305.563507080
I -40.517684937 185.126617432 -222.406280518
I 4886.856445312 -4508.936035156 -1055.437744141
I 742.822692871 -302.578216553 -160.520324707
I 76.754638672 199.309265137 -81.648262024
Y 268.562988281 509.759887695 442.386138916
Y 144.465484619 41.730575562 233.413543701
Z 59.778789520 -157.529968262 98.587898254
Z 2050.035400391 -961.371459961 -471.519287109
I 9040.553710938 -3131.516601562 -13089.021484375
I 177.586639404 35.141208649 -529.639099121
I 110.181037903 -10.701180458 -1043.156982422
I -8255.229492188 -2412.358886719 2085.833007812
Z 142.966140747 -501.916290283 616.363952637
Z -3535.743164062 -2372.637939453 -630.608276367
I -343.796905518 124.951301575 196.500091553
Z 252.672378540 301.571563721 -76.197082520
I 846.007873535 716.464172363 287.504547119
Z -55.261531830 857.562805176 814.920898438
Z 398.916015625 64.134971619 -283.131958008
I 50.659542084 8.450347900 97.496757507
Y 187.329910278 48.529407501 245.633087158
I -281.282958984 -73.736328125 -289.379486084
I 285.825225830 126.736648560 -133.261337280
Z -728.680847168 317.039367676 475.881469727
Z -1337.873046875 1224.199584961 -1556.102661133
Z 302.254302979 869.518005371 -23.533985138
I 73.732963562 -30.247896194 -132.348846436
Y 195.815048218 102.274177551 191.019195557
Z -2303.681640625 -1985.113647461 -308.794494629
I -6.820521355 -416.214141846 -129.457595825
Y -314.002929688 573.560546875 -110.880744934
I -60.281543732 367.134674072 184.638519287
I 31.864316940 57.083229065 -149.662612915
Z 119.206520081 -385.455993652 43.613937378
I 50.892791748 202.155212402 314.697937012
Z -206.919326782 -54.084812164 -44.612949371
Z 413.380004883 -407.678558350 243.225708008
Z -245.525314331 -691.054504395 357.285919189
I 138.198776245 40.785068512 50.177803040
I 572.272949219 457.245635986 703.739685059
Z -254.841415405 -82.333534241 935.216735840
I 134.692871094 -110.232345581 51.045967102
Y 171.027877808 66.805992126 -57.262248993
I 197.263824463 24.960760117 -771.658569336
I -42.179122925 -170.124359131 -314.770568848
Y 151.205352783 -208.471435547 78.820999146
Y 133.096450806 92.466400146 -82.543266296
Y -184.098175049 157.390930176 418.510070801
I 685.604858398 177.783325195 -207.594421387
Z 1903.746948242 4305.246093750 5906.166992188
Z 141.691970825 423.624633789 28.587890625
I -837.335571289 -710.841003418 -550.065063477
Z 826.708557129 -311.148132324 -134.038772583
Z 75.848846436 -115.087867737 -542.140136719
Z -141.403610229 -887.993774414 97.010810852
I -535.108642578 736.612731934 589.342529297
Y 2988.735595703 -5993.188964844 -1649.264770508
I -8791.041992188 11116.546875000 9194.734375000
I 39.404392242 -39.438034058 -15.230265617
Z 110.501571655 -50.363643646 -229.019287109
I -3.098254442 729.239990234 792.742248535
Z 479.494995117 -334.309600830 147.825378418
Z 1016.965576172 -695.539855957 -374.099243164
Z -699.946472168 455.196655273 -734.213073730
I 37.428043365 -241.057968140 -664.954467773
Z 115.487571716 157.162796021 336.259368896
I -194.932830811 -127.737686157 -277.075988770
Y -45.832538605 223.680557251 739.873962402
Y -185.535629272 337.045013428 102.281578064
I -241.386734009 -842.970153809 -212.333602905
Y 74.839485168 36.822124481 -196.891464233
I 324.825012207 -72.799644470 -807.244567871
Y 3.403559446 -207.183425903 -319.173217773
I 12.210245132 82.609008789 147.204833984
Z -398.490570068 -757.440307617 641.604919434
I -52.633106232 81.992843628 -231.157241821
I -275.255615234 -6815.664550781 -2980.938232422
Z 807.188354492 233.307998657 12.775597572
Z -416.189270020 -477.672363281 -101.631416321
I -84.924064636 -537.804260254 -612.247131348
I -487.148193359 -206.627288818 -558.555236816
I -66.628204346 -131.488555908 -798.215576172
I 576.168090820 311.092498779 -531.863342285
Z 45.249908447 25.919355392 213.701141357
I 1711.267578125 787.944946289 180.360153198
I 125.022880554 33.630264282 2.343334675
Z 2.915072680 -101.392326355 -164.676712036
I 169.228195190 198.965179443 166.162887573
I -5.415878296 -60.223518372 20.194465637
I 525.718627930 -986.286560059 73.521873474
I 53.995754242 -172.639434814 916.781188965
I -4.267750740 -897.493652344 245.384475708
I -1574.260253906 8820.444335938 -20981.958984375
Z -279.546325684 510.058746338 27.717935562
I 181.493576050 224.523849487 453.739379883
Z -87.176643372 -177.534439087 -423.505920410
Y 275.767364502 53.064445496 283.247528076
I 19.449235916 889.463867188 248.074050903
I 541.936584473 310.899475098 166.539886475
Z 87.938789368 25.620071411 64.419700623
I 96.706161499 60.455677032 167.967269897
I -591.262817383 35.547183990 -474.574340820
I 536.995605469 578.184448242 259.641082764
Z 539.995544434 -278.546020508 230.634506226
Y -261.627227783 132.583221436 13.668413162
I 230.423461914 11.344064713 -14.947831154
Z -620.268737793 -29.598924637 702.408447266
W 14.744739532 -371.105651855 -52.655609131
I 47.046123505 270.456939697 -132.010421753
I 1063.955688477 223.321228027 -411.553039551
I -181.866622925 304.893829346 597.136657715
I 163.505020142 474.924285889 708.856018066
Z -49.141269684 61.751399994 -117.940994263
Z 15765.374023438 7204.546386719 1936.522216797
I 1927.387939453 -6231.025390625 -5381.526855469
I 249.842056274 -17.107530594 55.374652863
I 582.385559082 142.860244751 278.275787354
Z 77.646270752 -377.235168457 159.024734497
Z 916.822570801 -606.825012207 944.320739746
I 115.499801636 -87.483444214 -346.637359619
I 85.418182373 340.914459229 -314.293548584
Z 212.495758057 -355.634735107 -6.646365166
Z 283.137268066 -166.808334351 128.097457886
Y 197.649078369 289.951202393 229.733245850
I 225.915176392 359.810485840 86.368309021
I -2361.552734375 -16.276424408 1734.583374023
I -566.568237305 -63.156562805 -145.219451904
I -429.259063721 -446.032318115 43.153633118
Z -989.839294434 -1104.587890625 -1481.449462891
I -112.986236572 103.920387268 544.126098633
I -188.262222290 37.525749207 2.732270956
I 402.908813477 -264.086975098 805.001770020
I -78.808212280 -568.682861328 201.141357422
I 146.229660034 218.705795288 764.364196777
Z 258.536621094 276.795135498 95.017295837
I -352.059082031 -375.859680176 -166.261795044
Y -56.770164490 242.276351929 -33.662906647
Z -152.973861694 -117.729576111 3.123603344
Z -1589.036987305 -8174.354492188 4180.180175781
I 122.026054382 164.344696045 41.779098511
I 390.776611328 468.808441162 -68.081283569
I -202.449279785 -687.869750977 -417.208557129
Z -315.598632812 169.732177734 44.165302277
Y 1838.593994141 7712.268554688 5147.937011719
I 154.690124512 277.973114014 849.392883301
I 262.342987061 -221.399612427 41.029281616
I -53.952922821 -104.901496887 -397.334533691
I -211.401748657 -119.339874268 64.444564819
I 238.543609619 130.053558350 -77.237098694
Y 517.041137695 -155.555679321 224.503158569
Z -297.424713135 -367.388305664 -423.058044434
Z 234.485107422 -202.417846680 -41.573478699
I 1778.765380859 -150.434173584 164.392700195
I -90.449134827 -665.089660645 54.335147858
I 485.373718262 -831.220214844 6.340828419
Z 42.010059357 -66.338027954 -201.158996582
I 80.131782532 56.338649750 207.315536499
Z 2460.079345703 -380.246063232 2144.113037109
I -28.672897339 -4.207330704 56.745956421
I 94.102508545 211.364120483 -44.721027374
Z 259.207275391 -349.031036377 213.892669678
Z 203.585342407 -46.076374054 -477.493774414
I -249.316070557 -406.135406494 78.529724121
I -203.127609253 -51.047161102 80.113639832
Z -187.428512573 -107.211944580 -34.398860931
Z -3026.139404297 -182.750869751 -957.939147949
Z 192.893463135 -21.489398956 -202.433456421
I 834.691589355 133.948760986 659.457824707
Z -457.175445557 -274.054260254 97.070472717
I -8078.146484375 -11884.983398438 9208.517578125
I 276.302001953 -282.899322510 919.978942871
Z 97.070144653 323.941375732 151.222213745
Z 174.170104980 224.480682373 -159.817520142
Z -2659.770019531 -6903.055664062 -4817.612304688
I -239.118881226 497.695220947 -260.254821777
I 730.350952148 -185.346298218 886.155151367
Z -419.238677979 -282.667114258 43.882373810
Z 151.426956177 341.943878174 -755.174682617
I -120.133453369 85.468765259 -99.324081421
Y 156.333938599 -244.726135254 -285.254028320
Z -637.252258301 581.293884277 7.301888466
Z -10.355413437 71.501113892 -11.878362656
I -112.049163818 -210.112762451 -430.558624268
I -278.164520264 -480.415435791 -478.134918213
I 124.248130798 -13.670938492 -31.669683456
I -121.998512268 -61.998664856 -45.417491913
Y -21.791467667 -535.912719727 -230.598785400
Y 67.511001587 130.938049316 719.339965820
I -186.340408325 -937.971313477 -130.853805542
I 69.394851685 299.837127686 404.334747314
Y 587.067565918 121.450218201 14.587110519
Z 71.597633362 -171.193099976 -150.969909668
I 435.083709717 190.895858765 162.877700806
I 69.711906433 346.155395508 -822.857727051
I -545.509704590 -529.661743164 -237.894989014
Z 113.461288452 111.963775635 -147.380462646
Z -284.115142822 -409.143890381 -403.574859619
Z 160.722503662 445.443054199 73.226303101
I 165.200134277 133.985183716 107.502784729
I 613.696411133 392.910797119 -43.103260040
Z 187.088851929 -502.553802490 97.418266296
I -861.819396973 285.572540283 246.833694458
Y 367.437011719 -255.180648804 -249.172561646
I -392.362152100 601.269226074 561.582153320
Z 389.429107666 119.404739380 470.345794678
I -221.298095703 -388.890441895 -419.260192871
Y 456.245452881 -34.275650024 -64.026985168
I -2490.285156250 3494.685791016 6970.920410156
Y -223.682815552 -462.588897705 -230.141921997
I -5598.018066406 15675.645507812 -1322.860595703
I 482.234191895 -721.571899414 1.297578812
I 79.454963684 203.234176636 114.552299500
Z 557.056335449 -383.746734619 -27.038810730
Z 230.990798950 -253.650939941 -121.749237061
I 101.756195068 -47.467025757 957.035156250
I 70.330154419 285.730102539 621.653076172
I -94.127861023 111.822029114 -3.119044781
Z 7753.948242188 2726.001708984 -4686.104003906
I 367.604492188 389.287963867 259.430511475
I 142.630126953 -348.856597900 -741.238647461
I 156.535354614 142.734909058 -308.098907471
I -114.701950073 -28.266122818 -86.679168701
I 10.991714478 -93.909049988 -71.452102661
W -280.887939453 -195.130783081 484.256439209
I 29.382854462 -321.984741211 265.668914795
I 504.491455078 -1520.994140625 -713.934753418
I 162.705001831 637.221008301 595.387451172
I 501.427185059 437.033874512 -3.464357615
I 59.151035309 99.432273865 79.047943115
Y 480.321929932 327.658966064 424.447296143
I -45.809566498 155.316757202 95.880493164
Z -29.923711777 118.719093323 135.108673096
I -196.228591919 -113.999237061 -32.154994965
I 114.735702515 412.956787109 409.147491455
I 527.191101074 777.126037598 182.541595459
Y 366.511779785 191.433334351 -45.830207825
Z 628.402038574 454.622863770 -359.240173340
I 144.983642578 142.183074951 50.921264648
I 5523.273437500 -6713.810058594 -662.202453613
I -447.203674316 803.093200684 100.671691895
I 89.130157471 73.700256348 19.003276825
I -253.246673584 -90.528785706 -1394.264648438
Y 116.716842651 -199.770980835 557.567687988
I -18.957698822 -184.077163696 -130.579498291
I 162.275939941 -20.982334137 -15.072011948
I 180.439422607 -634.164489746 -375.945098877
I -7279.477050781 5622.923339844 -7930.149902344
I 160.602111816 16.332252502 130.889678955
I -168.647872925 13.476421356 118.413482666
I 238.489089966 74.768775940 705.555358887
I 182.970108032 -524.184753418 291.875885010
I -97.898811340 149.537567139 171.034881592
I 327.706695557 439.297332764 -250.981460571
Z -6682.753417969 3015.014892578 -5704.720703125
Y 505.563323975 215.263931274 415.124694824
I 386.261138916 438.676300049 360.571105957
Y 288.153076172 -90.988410950 -403.163513184
I -1.953243732 201.159103394 -77.985382080
I -718.880310059 -308.008636475 234.925125122
I 243.307525635 212.490707397 12.285312653
Y 342.409149170 126.316780090 -350.623809814
I 137.504409790 -626.961303711 -455.428680420
Z -576.295288086 481.937164307 -336.519622803
Z 259.265228271 54.331928253 110.461181641
I 80.459220886 -2.887702942 13.430326462
I 138.135879517 30.826568604 -79.923851013
Y 207.790664673 387.765747070 501.540557861
I 9458.548828125 -11527.340820312 14649.894531250
I 1276.581420898 -927.460937500 689.651550293
Z -6563.375000000 639.791931152 3856.530761719
Z 2998.057617188 -7863.410156250 -1699.963134766
Z 217.264099121 196.289993286 -223.999176025
Y 225.493423462 -117.443939209 240.523193359
Z -474.116699219 -525.703491211 321.454376221
I 181.323425293 -278.653198242 401.219268799
I -443.866394043 -11.755232811 630.967529297
I -317.663848877 -369.496246338 677.645996094
I 134.376571655 135.327270508 94.111640930
Z 70.084457397 -9.980841637 -680.530029297
I -482.684570312 -438.808166504 -523.945434570
Z -150.645919800 -547.151367188 147.071243286
Z -6028.533203125 3615.804687500 -200.520980835
I 43.314960480 -106.790557861 -114.622459412
I 674.118652344 332.297302246 124.681533813
Z 289.728637695 -144.046508789 -312.336975098
I 6.750351429 -272.903137207 -171.490386963
I 169.416122437 207.044555664 851.352905273
Z -307.485290527 -458.764617920 -298.090118408
I 162.724838257 92.213409424 397.248718262
I -34.797054291 20.403614044 -142.641754150
I -26.811889648 1051.360961914 -147.285079956
I 950.097778320 1118.407470703 360.032958984
I 77.756088257 -123.393196106 -761.947448730
I 608.909973145 437.564361572 -493.763397217
I 405.038970947 203.775390625 454.126098633
I 7918.637207031 15319.600585938 7385.062011719
I -50.075912476 -194.004272461 642.146484375
I -315.277343750 -142.386535645 -451.406585693
Z 97.939376831 -300.306060791 90.847801208
I -762.582946777 -2.390472174 459.419189453
I 532.226562500 -233.496536255 683.579833984
Z 783.412963867 -615.289550781 342.314758301
I 85.164596558 -692.006103516 763.635986328
I 582.246032715 879.021301270 -18.995025635
Z -1033.051879883 212.327499390 382.096069336
Y 109.361305237 48.913501740 348.356781006
I 25.515508652 416.886718750 973.940979004
I -593.244445801 703.769348145 1591.613769531
I 354.470458984 -383.838653564 -517.282775879
I 386.496704102 245.364181519 840.538146973
I -113.018432617 -574.696105957 -391.005096436
Z 298.083709717 -138.307418823 435.729309082
Y 265.129821777 170.851760864 354.292144775
Z -177.870513916 -271.005737305 -767.050842285
I 436.846069336 568.934448242 659.201599121
I 208.506896973 20.750270844 137.524612427
I 598.395935059 311.779205322 -346.519012451
I -446.102783203 -153.331695557 222.009750366
I 42.237174988 -680.584838867 -514.394226074
I 7.847806931 -733.804138184 454.765441895
I -139.905136108 -505.145904541 -783.819396973
I -1271.727661133 11747.498046875 -14998.238281250
I 141.886383057 -33.684585571 -99.210975647
I -3552.048339844 -6507.422851562 -386.096618652
Z -194.825820923 -45.666481018 227.520751953
W 524.315612793 -371.114166260 -221.549560547
Z 407.317718506 419.269958496 -176.456878662
Y -72.206626892 -215.906661987 638.322204590
Z 9194.056640625 -649.569030762 -2249.294921875
Z 552.328002930 684.418640137 710.705871582
I 37.439903259 66.784317017 39.357799530
Y 72.335517883 -298.578277588 468.788726807
Y 290.705169678 132.057373047 212.737701416
Z 4623.398925781 5195.233886719 10140.716796875
Z -534.537536621 -49.269012451 99.193504333
Y 420.146545410 -295.755615234 229.966781616
I 42.842330933 29.333959579 54.149295807
I -40.137340546 -55.205127716 -207.509460449
I -56.800365448 -156.658920288 790.726684570
I 65.576377869 153.388275146 123.801567078
I -780.854492188 771.158386230 675.514343262
Z -158.016418457 109.713256836 505.526275635
Y -84.251197815 488.576171875 6.192325592
I -6460.502441406 -2602.136718750 5863.660644531
I -143.176528931 -33.269153595 12.185426712
I 22.658184052 85.797630310 -34.526042938
I -928.316284180 56.246818542 1674.088134766
Z 691.624084473 -651.611938477 -854.748474121
Z -82.545669556 475.934906006 -413.455749512
I -11402.772460938 3494.769775391 2353.846191406
Z 618.403686523 -312.507385254 272.921020508
I 252.727188110 30.734922409 -67.275352478
Z 606.106384277 649.595703125 -258.657409668
Z 1064.402343750 -50.026473999 -529.925048828
I 810.079772949 325.973236084 623.608154297
I 532.166503906 764.969665527 378.054931641
Z 19.803825378 -832.310791016 -266.771667480
Z 115.413993835 11.225910187 -63.575607300
I 444.402313232 76.897216797 83.711479187
Z 595.190490723 -3.999667406 302.514678955
Z -6282.322753906 5618.961914062 -1705.309204102
I 80.287033081 -2.965849161 85.761947632
Z 96.775909424 427.007324219 822.148986816
I 420.303192139 820.004943848 259.079559326
Z -319.060241699 206.865066528 202.475616455
I -39.188503265 285.609039307 -189.530136108
Z 55.563350677 66.966873169 76.391876221
I 36.741870880 29.289281845 -15.549485207
Y -146.996459961 123.300148010 -105.415596008
I 425.711944580 -324.711914062 -445.834503174
I 39.868373871 18.641103745 -276.220245361
I 366.523864746 -803.062194824 -303.811248779
Y 114.607147217 239.224472046 -143.943908691
Z -379.392761230 -231.603683472 7.872023106
I 3347.469238281 5019.612792969 -1427.885986328
I -315.811340332 89.165260315 45.906604767
Z -434.134246826 -166.427124023 578.569335938
Y 241.826461792 -315.636322021 -214.086883545
Z -373.188171387 168.261550903 -597.350952148
Z 272.142486572 40.087047577 264.084899902
Y 232.171463013 -129.718276978 -206.003906250
Z 657.450988770 6.346087456 407.711090088
I -91.530372620 713.573791504 395.026885986
Y 107.319702148 -53.486537933 -64.471794128
Z 53.382808685 200.244262695 -38.037265778
Y 394.548583984 -212.175720215 -113.598007202
Z -251.606307983 -39.411575317 81.185142517
Z -261.964782715 164.566299438 -333.775543213
I 28.733581543 202.549331665 293.130249023
I -532.296325684 -346.716156006 -251.302947998
Z -7817.019042969 7047.424316406 1696.039672852
I 34.836696625 170.333465576 -3.634741545
Z 689.406555176 -327.623718262 -171.686019897
Z 8712.913085938 3861.305175781 -106.221427917
I 787.460449219 1173.099121094 1237.005737305
I -1.505756617 -86.034088135 -78.002395630
