533

A 391.390594482 -55.919998169 142.077499390
A 106.864936829 -195.170974731 421.027008057
A 344.430450439 -149.495559692 457.450927734
A 281.426818848 -310.569946289 285.066070557
A 433.076171875 -43.946189880 332.758331299
A 449.895355225 -102.890319824 298.911834717
A 323.529357910 -226.206344604 321.804077148
A 318.473419189 -113.861511230 456.887451172
A 342.602874756 -5143.403808594 -49064.796875000
A 444.931640625 -144.549850464 272.529327393
A 121.892974854 1.538104415 130.164108276
A 327.221923828 -81.670417786 407.234985352
A 320.931549072 -287.958404541 224.710189819
A 402.748352051 -29.432975769 390.067108154
A 71.563140869 -49.939132690 156.463043213
A 3374.993164062 -776.217895508 7447.809082031
A 263.485290527 -137.419540405 484.347564697
A 191.663894653 -287.017608643 375.449127197
A 100.676376343 -178.599548340 290.751739502
A 325.008850098 23.991329193 135.094070435
A 237.613754272 99.504600525 338.165802002
A 442.063537598 -141.200988770 309.015563965
A 225.077392578 -141.483718872 488.254211426
A 6144.920898438 4636.328613281 4.219637394
A 307.277496338 34.902114868 420.794860840
A 314.798400879 -302.495086670 311.598175049
A 349.081329346 -8.319626808 429.949005127
A 441.290985107 -71.828010559 329.308746338
A 419.989135742 -200.088562012 243.469070435
A 196.831588745 -54.931552887 101.197723389
A 216.384597778 90.841018677 194.311904907
A 438.512725830 -106.139488220 337.703765869
A 443.031250000 -61.114944458 239.753875732
A 327.679870605 -273.646057129 368.991516113
A 416.824768066 -199.276077271 337.549194336
A 88.642776489 -193.044586182 155.293212891
A 259.618835449 -3.545860529 465.040008545
A 101.951156616 58.022796631 298.279663086
A 437.709625244 -135.548156738 216.886993408
A 33.469310760 -107.872489929 323.599029541
A 389.577392578 -147.534332275 137.687301636
A 127.062004089 -104.047210693 94.277572632
A 148.995040894 15.788005829 124.120994568
A 288.846160889 -259.524749756 414.371551514
A -1147.308227539 386.533843994 289.971252441
A 306.995758057 -15.267515182 98.514717102
A -47272.757812500 62459.019531250 39698.445312500
A 210.645751953 95.220451355 333.037261963
A 149.267776489 55.821155548 386.295196533
A 143.944427490 -160.426925659 287.202667236
A 66.146713257 21.815305710 269.989868164
A 51.929996490 -61.384048462 183.283691406
A 92.748680115 -152.267486572 125.669403076
A 132.449478149 -214.558258057 426.522155762
A 257.929351807 102.657112122 314.608367920
A 213.583450317 -311.429046631 325.734680176
A 151.619918823 52.094215393 160.719039917
A 95.522377014 -262.307830811 293.346496582
A 79.093475342 -217.478256226 366.747650146
A -64996.246093750 16029.400390625 -50117.308593750
A 121.579132080 -73.724792480 101.761566162
A 236.688705444 -98.907562256 491.773895264
A 124.861465454 -178.848968506 441.664733887
A 177.030609131 -268.696350098 397.693603516
A 75.112869263 -245.213546753 273.899810791
A 333.091339111 -223.857833862 131.271575928
A 256.098266602 108.928253174 287.219757080
A 378.770782471 -260.509033203 242.883834839
A 386.268646240 -245.784988403 322.227142334
A 432.343505859 -186.883529663 278.557006836
A 430.597290039 -84.440368652 188.981826782
A 387.373168945 -172.400390625 220.812042236
A 367.813079834 -234.517532349 174.559082031
A 91.101272583 40.209472656 329.440246582
A 104.430114746 -255.761703491 357.601318359
A 58.754386902 -159.821441650 173.987472534
A 332.329986572 -37.981636047 102.431190491
A 281.306732178 -199.372634888 463.594329834
A 337.048858643 19.119361877 418.848937988
A 211.358901978 14.762983322 101.691596985
A 4004.632080078 -12259.590820312 23049.646484375
A 315.623962402 -13.454333305 452.449188232
A 136.810607910 -231.848342896 141.139572144
A 369.232513428 40.217864990 355.666473389
A 197.495803833 -162.545959473 77.373329163
A 49.919979095 -174.369186401 359.863464355
A 415.784240723 -85.878433228 162.647476196
A 244.455596924 -255.037887573 425.905578613
A 297.813934326 -44.047641754 473.337036133
A 186.091110229 -200.887878418 461.555114746
A 127.802276611 -236.803573608 403.703094482
A 161.662673950 -300.935119629 280.354553223
A 38621.546875000 -13165.751953125 -41954.085937500
A 416.992828369 -138.889511108 386.238189697
A 135.929428101 -265.014404297 185.674865723
A 432.586059570 -152.433792114 339.633453369
A -19389.839843750 -79476.664062500 10157.607421875
A 138.784957886 -150.142501831 93.138237000
A 307.889373779 -187.143386841 463.269500732
A 433.950653076 -167.075134277 228.250717163
A 70.148406982 -118.517318726 412.176635742
A 65.407318115 -86.200874329 158.870742798
A -2589.001220703 5957.514160156 6146.883300781
A 114.118515015 -212.629699707 144.273513794
A 372.624511719 -135.371520996 119.874038696
A 155.052368164 22.120435715 409.248352051
A 344.917816162 -217.837966919 419.105224609
A 219.391464233 -276.409759521 151.151245117
A 72.418907166 -91.246284485 136.453567505
A 214.109756470 -236.059494019 115.083007812
A 44.273929596 -190.220413208 231.999420166
A 353.580322266 -265.234100342 206.037689209
A 54.754684448 -22.719314575 201.812088013
A 285.826721191 -262.440826416 142.634567261
A 226.538757324 -317.868591309 246.153533936
A 392.895111084 -89.698501587 135.206146240
A 207.912277222 -52.673259735 72.674072266
A -1497.159545898 -81618.257812500 -19922.957031250
A 156.228347778 -265.991546631 165.966659546
A 274.138183594 -163.698120117 101.304405212
A 148.043563843 -14.076107025 107.452926636
A 230.455429077 -66.715736389 487.280029297
A 271.121185303 -229.311111450 140.956497192
A 81.032669067 -80.692237854 422.142395020
A -55968.839843750 -43263.253906250 -50088.929687500
A 423.807037354 -17.663726807 339.445770264
A 356.030700684 -274.686889648 234.703002930
A 341.831481934 -184.578292847 444.636260986
A 23.158899307 -97.692520142 294.369506836
A 48.060752869 -11.541117668 275.287261963
A 324.548583984 -78.941787720 471.074432373
A 215.901168823 -8.009825706 466.472656250
A 373.972320557 48.515842438 223.618392944
A 305.293701172 65.163864136 165.908355713
A 375.427612305 -83.534477234 117.663352966
A -821.522277832 -5823.562500000 2036.581542969
A 207.650848389 -194.945526123 85.086853027
A 191.765304565 -303.529266357 338.319610596
A 921.847106934 -742.037597656 106.489372253
A 289.442047119 90.935241699 331.567962646
A 173.829711914 63.222652435 160.092819214
A 110.650314331 -240.362106323 381.408996582
A 288.968811035 -78.903144836 70.583992004
A 260.177429199 -302.251770020 361.473419189
A 42.720932007 -26.072504044 305.585021973
A 29385.111328125 -9997.708007812 -42700.164062500
A 284.701263428 -159.220611572 479.620880127
A 261.753265381 -138.426055908 263.949920654
A -3987.875000000 -1187.636840820 1270.017089844
A 234.423171997 38.871994019 123.179069519
A 90.591712952 -212.274887085 251.219985962
A 79.904457092 -46.701393127 413.496582031
A 301.623565674 79.744407654 197.230026245
A 93.310508728 -254.734130859 251.295501709
A 151.234558105 30.049793243 422.205352783
A 65.592781067 11.008983612 224.431152344
A 392.214294434 -30.858850479 159.795715332
A 211.492263794 -102.683486938 62.227340698
A 383.061889648 -207.189102173 394.104095459
A 40.391475677 -126.661941528 359.043457031
A 72.473182678 -180.100463867 171.845169067
A 84.191314697 -24.900419235 166.750991821
A 249.807128906 105.639541626 234.502807617
A 277.849029541 57.367210388 408.627136230
A 135.092575073 64.862152100 203.666610718
A 83.282928467 -245.548004150 232.664916992
A 74.013038635 24.578165054 243.671798706
A 64.760528564 -224.722061157 305.163299561
A 97.300445557 52.344436646 255.445266724
A 362.224639893 -273.806060791 288.426239014
A 185.242279053 89.535064697 212.129623413
A 329.172424316 -269.700927734 179.119583130
A 31.976131439 -153.278381348 261.409423828
A 256.314483643 13.051915169 99.976028442
A 359.141906738 69.238670349 258.850982666
A 378.147369385 -176.675506592 139.834503174
A 375.527374268 3.374246120 395.691894531
A 315.048553467 -61.072353363 85.440422058
A 160.955139160 -295.928771973 338.434326172
A 171.696792603 94.815170288 270.263793945
A 290.798278809 -45.223163605 82.920486450
A 42.714153290 -129.925369263 191.586151123
A 431.491149902 -19.163980484 292.313354492
A 324.625366211 -214.753112793 437.952911377
A 192.963363647 82.435760498 364.265991211
A 179.681808472 -11.268177032 463.788177490
A 4089.343505859 9535.385742188 13049.984375000
A 257.194763184 105.295906067 261.138916016
A 91.386856079 -214.385955811 172.948486328
A 416.847320557 -215.952407837 277.529144287
A 190.403656006 -83.806854248 487.433563232
A 47.419906616 -19.120403290 239.913864136
A 373.216094971 -247.699111938 201.529907227
A 791.027282715 -1247.276733398 -59.171802521
A -29590.398437500 37673.339843750 30755.646484375
A 46.717796326 -191.425674438 322.642761230
A 316.643127441 -168.009704590 90.634033203
A 248.628875732 -262.138610840 133.899353027
A 78.371139526 34.110641479 296.453430176
A 41.245849609 -52.435119629 211.621749878
A 389.750305176 -182.504714966 404.576934814
A 241.510421753 -136.379272461 67.998031616
A 274.322784424 -218.764633179 99.109024048
A 146.131988525 -280.633758545 363.234252930
A 176.900894165 -186.702148438 93.230247498
A 123.153602600 70.543258667 286.953979492
A 169.271820068 -299.513824463 222.078353882
A 159.505111694 -208.409698486 447.248657227
A 288.725250244 -106.746192932 73.769943237
A 57.106903076 -217.000595093 240.292678833
A 277.346099854 -12.718525887 89.811904907
A 306.193603516 46.615173340 142.852279663
A 89.675842285 -105.731712341 121.594314575
A 165.854003906 -1344.828247070 -282.307403564
A 64.113533020 -157.219375610 393.278900146
A 393.784729004 41.013511658 256.332183838
A 258.595428467 -54.510444641 483.798309326
A 88.059234619 -132.501312256 132.219085693
A 270.729888916 -112.360145569 488.105346680
A 254.389114380 -33.727943420 75.610214233
A 334.766326904 -97.865432739 91.804695129
A 402.131286621 -17.685794830 268.274017334
A 195.478637695 -56.821731567 482.351715088
A 275.077484131 76.404083252 171.713699341
A 112.159225464 2.186730385 414.301574707
A 324.112396240 78.698837280 214.716125488
A 311.312255859 -297.399169922 254.915985107
A 236.836181641 -59.952640533 69.655105591
A 216.098342896 -300.903198242 276.009429932
A -6992.727050781 39091.042968750 -92818.421875000
A 56.013572693 -123.317596436 165.379425049
A 156.955230713 -163.945663452 465.416137695
A 164.908813477 -150.110519409 81.122665405
A 212.790985107 -144.258148193 68.541175842
A 209.546005249 104.940269470 281.129150391
A 248.948974609 97.219635010 212.052658081
A 430.664001465 -82.961486816 365.038177490
A 352.888275146 -156.501281738 107.664749146
A 404.793792725 -184.010787964 376.439514160
A 294.589202881 -279.228973389 383.283447266
A 80.139846802 14.902610779 200.009552002
A 381.554138184 -239.432556152 356.081207275
A 394.794952393 25.395301819 221.981475830
A 353.644165039 -119.336326599 101.543144226
A 418.433349609 -174.436157227 192.808822632
A 361.000671387 -45.057094574 115.592552185
A 51.883739471 -145.273178101 377.326538086
A 198.877609253 -257.350921631 421.970153809
A 263.665222168 32.618484497 437.156646729
A 417.625335693 -170.402191162 367.722961426
A 55085.695312500 25392.166015625 6606.955566406
A 699.926208496 -1654.904907227 -1100.894897461
A 423.814544678 -131.694824219 182.237564087
A 247.089416504 -316.041259766 271.139129639
A 186.031280518 79.853096008 183.895812988
A 326.865875244 -248.665344238 403.844390869
A 63.836910248 -33.674152374 383.222656250
A 171.610229492 -46.606952667 81.167030334
A 397.994781494 -66.242416382 411.574981689
A 360.737274170 -264.649322510 343.645477295
A 291.100830078 82.066032410 362.139770508
A 200.476318359 62.320831299 147.019287109
A 57.351001740 -97.998283386 392.662628174
A 399.466674805 22.483514786 328.712463379
A 34.531993866 -78.863075256 338.356536865
A 375.473937988 -42.232082367 428.145568848
A 304.269134521 -203.572921753 101.483200073
A 44.696804047 -199.135864258 290.535308838
A 316.824829102 60.122982025 386.880615234
A 373.043792725 -126.183021545 439.814483643
A 244.515396118 -19.645959854 474.819671631
A 321.140930176 87.701889038 306.513610840
A 320.681427002 75.301582336 351.581298828
A 362.809661865 -230.758224487 399.222564697
A 40.479862213 -187.961883545 268.614074707
A -3130.172363281 -15974.969726562 8387.256835938
A 333.261505127 -189.796615601 110.443222046
A 392.222869873 -1.962165594 175.255462646
A 128.074386597 -259.287628174 323.271087646
A 28.699640274 -136.029846191 314.685882568
A 1665.141113281 6490.631347656 4519.648925781
A 236.847656250 41.281963348 212.616012573
A 420.908569336 -29.366424561 201.107803345
A 157.784133911 -240.617706299 420.619201660
A 137.710723877 -29.837331772 454.929687500
A 414.296173096 -207.827117920 218.119735718
A 269.990447998 -146.659362793 72.465812683
A 130.169998169 -183.600936890 111.043312073
A 176.019851685 -145.197189331 478.638031006
A 37.105342865 -88.054763794 262.606781006
A 355.923339844 69.531669617 302.289733887
A 346.202545166 -286.192108154 264.832061768
A 383.951110840 12.345415115 375.900512695
A 250.186584473 -167.900177002 480.901062012
A 184.325836182 -102.587059021 192.053039551
A 376.094543457 53.806015015 287.199462891
A 180.466629028 33.630313873 126.578636169
A 275.342071533 52.329986572 138.534942627
A 146.260513306 -112.962852478 473.677368164
A 235.332733154 -221.327987671 455.022460938
A 432.022613525 -61.433135986 215.659210205
A 398.558135986 -237.027664185 241.791473389
A 434.003265381 -80.541770935 301.062805176
A 115.064270020 -68.215110779 450.561859131
A 416.563446045 -86.994117737 391.719177246
A 448.423065186 -115.350318909 274.539916992
A -27538.523437500 -40435.804687500 31243.517578125
A 195.461135864 -2.433725357 98.803649902
A 105.931991577 53.063777924 222.008621216
A 245.933807373 -284.659790039 389.144989014
A -1115.543823242 -3382.146240234 -2126.447509766
A 134.851593018 34.407882690 155.111251831
A 372.412933350 -149.741546631 433.593627930
A 401.011810303 6.108161926 200.077301025
A 35.501457214 -53.243480682 240.351974487
A 443.237274170 -106.707778931 238.242034912
A 31.296680450 -95.621292114 215.716506958
A 204.258895874 20.074386597 447.512695312
A 360.877227783 -61.121726990 445.970092773
A 118.552360535 -143.414855957 105.299728394
A 31.883285522 -59.412815094 312.006835938
A 295.333984375 98.980270386 255.754074097
A 174.888763428 -6.324516773 96.645095825
A 224.707931519 77.990371704 380.514251709
A 60.811859131 -74.740791321 394.552093506
A 293.131195068 97.503959656 290.354736328
A 341.530212402 -283.868408203 323.819671631
A 64.736618042 -211.298629761 344.612182617
A 249.904281616 -293.274230957 184.690872192
A 139.998077393 67.406761169 353.509674072
A 231.456207275 -11.023427963 82.749618530
A 62.699699402 -205.632186890 204.837829590
A 222.389511108 51.684810638 135.162826538
A 346.940032959 44.762580872 381.955993652
A 146.071029663 87.800704956 300.056274414
A 211.350738525 -107.150535583 488.665344238
A 316.806274414 -149.421737671 471.825592041
A 430.784240723 -124.806495667 359.123260498
A 438.448425293 -158.402481079 254.464370728
A 171.594909668 -257.507812500 146.868515015
A 113.176933289 44.854717255 368.001586914
A 354.340881348 54.996921539 208.351181030
A 407.364135742 -106.672019958 402.575592041
A 248.172470093 91.727821350 359.660827637
A -322.610321045 694.163146973 1718.269531250
A 262.552825928 -243.223526001 116.169990540
A -18716.292968750 52514.566406250 -4555.053710938
A 166.579177856 -44.816173553 468.370727539
A 431.008087158 -172.003173828 316.415466309
A 382.026123047 -254.361877441 293.256988525
A 61.891338348 6.908171654 307.133636475
A 228.324829102 -99.571220398 71.529045105
A 185.456970215 -237.050933838 437.817382812
A 410.034851074 -152.780792236 163.451828003
A 8750.744140625 3103.105712891 -5120.598144531
A 212.450271606 105.849533081 257.366851807
A 354.055816650 -87.448120117 457.353851318
A 144.285705566 -55.661685944 91.244979858
A 38.060611725 -163.822418213 322.344818115
A 117.284774780 -243.049102783 174.031982422
A 286.334960938 -303.006195068 224.433303833
A 288.583465576 -10.114601135 462.135406494
A 292.264068604 -278.973419189 178.153488159
A 263.330657959 72.535781860 385.946258545
A 238.959075928 64.873252869 401.896453857
A 239.249740601 46.348899841 427.158386230
A 416.412109375 7.088253975 312.691436768
A 215.736938477 -307.475311279 217.453414917
A 117.964057922 -280.510559082 250.197113037
A 161.506210327 11.495745659 442.046783447
A 352.363677979 -256.870666504 377.640411377
A 155.628677368 -301.051757812 311.156097412
A 144.810379028 84.778022766 254.102523804
A 360.923706055 20.943353653 160.725296021
A 298.451629639 -293.550567627 195.273437500
A 1972.011718750 -2215.118652344 1.533120275
A 121.032005310 67.739364624 244.164642334
A 372.043395996 -210.220611572 156.963165283
A 181.573410034 -113.374649048 73.011940002
A 219.231826782 -294.955261230 186.699264526
A 47.709548950 -29.543386459 337.614593506
A 175.981872559 -288.155059814 195.085128784
A 193.898223877 55.747737885 411.454345703
A -15051.416015625 11741.057617188 -16363.599609375
A 355.124938965 -78.849525452 101.169586182
A 170.465408325 -208.932312012 105.074401855
A 412.786346436 -50.093860626 174.331832886
A 234.157745361 -317.081787109 306.778381348
A 314.387878418 -296.406982422 336.927825928
A 191.856033325 -167.393417358 477.925079346
A -10944.661132812 5146.128906250 -9373.861328125
A 319.463653564 -301.082031250 274.863739014
A 374.664184570 49.635391235 326.411376953
A 319.702911377 -116.583770752 81.233055115
A 120.853065491 -30.122993469 115.488067627
A 433.819702148 -28.527414322 248.358215332
A 196.745483398 -314.224487305 282.733337402
A 61.451343536 -7.481630325 350.119720459
A 210.920120239 38.163536072 431.830627441
A 74.915855408 -4.894488335 173.970458984
A 107.408538818 -261.105621338 214.056900024
A 403.172149658 -115.525230408 146.148208618
A 149.577697754 -76.162185669 471.362335205
A 78.595970154 19.602598190 351.579986572
A 38817.843750000 -47166.734375000 59908.636718750
A 397.699676514 -218.796173096 351.039428711
A -7279.157714844 837.661987305 4608.679687500
A 1617.835571289 -3710.647949219 -586.281738281
A 149.013885498 -264.335906982 389.159301758
A 154.465255737 82.233230591 213.060058594
A 419.566467285 -2.784691334 229.759918213
A 310.144012451 -242.069961548 134.370178223
A 42.955589294 -163.095230103 210.113754272
A 360.786285400 5.192557335 141.812026978
A 290.978851318 95.210556030 220.894241333
A 367.837585449 -181.250717163 425.709686279
A 89.610000610 -170.506729126 136.439346313
A 144.444702148 -212.325286865 118.691909790
A -3533.148681641 2263.368408203 99.615821838
A 303.402801514 -241.858566284 426.728454590
A 179.680541992 -115.758682251 483.936584473
A 395.785369873 -190.518844604 166.752822876
A 164.780532837 81.471473694 339.134979248
A 232.379989624 -27.457397461 465.678863525
A 145.726211548 -297.759002686 252.974288940
A 115.033340454 -101.972557068 459.716766357
A 269.285064697 -312.665130615 248.865432739
A 259.776947021 -291.443542480 351.045837402
A 323.975219727 0.580782175 279.753601074
A 150.568557739 -109.120628357 79.678787231
A 371.649261475 -19.575298309 138.552505493
A 287.051727295 -224.346542358 449.448547363
A 29611.660156250 57536.128906250 27455.603515625
A 87.850341797 -153.132278442 422.717498779
A 296.804687500 19.881814957 443.221221924
A 268.735229492 -313.683166504 312.309265137
A 433.021575928 -103.861892700 203.951843262
A 93.939109802 -33.049060822 135.537002563
A 104.335372925 39.218711853 196.211242676
A 257.599151611 -271.397949219 406.656280518
A 340.743957520 76.062889099 237.801574707
A 42.443161011 -93.202980042 189.149856567
A 50.328983307 -49.125537872 358.319946289
A 252.298553467 -193.407211304 85.307586670
A 161.222106934 -24.980209351 437.975219727
A 112.210289001 -41.250801086 439.153167725
A 252.674392700 -199.432846069 468.288238525
A 417.069213867 -49.990238190 375.502777100
A 402.252075195 28.435785294 290.765472412
A 182.448440552 -307.783294678 249.202133179
A 294.878265381 -66.981544495 480.771972656
A 138.392761230 -282.043548584 213.618820190
A 179.710632324 67.777221680 388.110168457
A 84.512748718 -185.507965088 403.104034424
A 26.693370819 -141.051879883 283.082397461
A 203.456192017 -254.810485840 133.658050537
A 241.251281738 87.658325195 181.134094238
A 189.270736694 -35.483562469 312.828826904
A -4899.260253906 45020.597656250 -57530.656250000
A 360.868560791 37.193908691 180.821121216
A -504.773529053 -1361.033447266 189.935516357
A 86.339683533 -209.028396606 390.856811523
A 397.300109863 -218.919692993 199.599197388
A 97.610939026 -67.608093262 119.670997620
A 302.120056152 15.477017403 114.445930481
A 8417.297851562 -541.128356934 -1875.142822266
A 408.641021729 -8.767114639 359.553009033
A 262.401855469 -84.300765991 67.049728394
A 113.329147339 23.597879410 392.222534180
A 125.798049927 -288.706420898 293.535003662
A 9652.943359375 11020.149414062 21085.310546875
A 336.048645020 52.887161255 174.467071533
A 24.573448181 -110.615211487 240.698837280
A 103.077705383 -20.674528122 424.463989258
A 20.589254379 -78.609504700 270.638549805
A 343.709503174 -243.831787109 156.977874756
A 398.400512695 -240.207641602 279.102661133
A 110.437774658 8.853269577 345.308258057
A 94.429054260 -112.246673584 437.261352539
A 34.792896271 -42.618270874 277.475311279
A -3844.171875000 -1548.413208008 3783.699707031
A 187.323272705 98.148994446 240.075057983
A 230.137695312 -213.329254150 92.765258789
A 133.760787964 -105.239997864 431.104125977
A 82.351493835 -7.765428543 384.577850342
A 119.018554688 39.576808929 173.476181030
A -23010.587890625 7290.541015625 4726.677246094
A 90.431236267 -232.369110107 197.156463623
A 283.453857422 -96.308952332 487.589019775
A 117.539436340 -274.900665283 328.997619629
A 39.816253662 -97.543159485 362.673553467
A 349.686920166 22.645771027 364.728393555
A 342.421661377 71.966102600 329.168792725
A 198.399154663 99.208427429 308.859863281
A 420.521362305 7.505076885 265.153778076
A 444.325531006 -51.038978577 289.198455811
A 266.207580566 -279.943725586 160.603454590
A -3086.651855469 2869.277099609 -612.869384766
A 106.952789307 -143.687606812 442.374633789
A 273.823516846 -175.090972900 76.793319702
A 327.128570557 90.778869629 270.610137939
A 254.137634277 -239.737991333 442.763305664
A 99.605766296 6.105228901 156.036636353
A 416.831237793 -210.880905151 309.813690186
A 339.129425049 -7.082021713 120.768386841
A 286.487670898 -299.797119141 348.648284912
A 331.333953857 -116.869613647 475.467163086
A 171.764648438 -79.957901001 76.372848511
A 116.148147583 58.920028687 333.746673584
A 242.862045288 69.141510010 153.820541382
A 447.067596436 -75.494026184 263.019592285
A 297.830810547 -1.692786455 247.835891724
A 215.864044189 -273.074493408 406.125396729
A 133.905593872 -159.271942139 457.083374023
A 252.615676880 -306.677825928 215.657974243
A 267.378448486 32.008602142 115.543968201
A 174.812179565 -234.847534180 123.494567871
A 335.944885254 -37.648113251 453.560394287
A 82.188827515 -249.306442261 327.040374756
A 165.444137573 87.473030090 316.119476318
A 191.793655396 -283.601745605 175.173446655
A 378.897796631 -21.653911591 416.505340576
A 309.386138916 -141.980300903 80.398864746
A 204.754028320 -219.484359741 453.592041016
A 400.774841309 -140.854644775 409.679138184
A 220.593643188 -299.931915283 359.977172852
A 220.681411743 -179.682434082 474.679107666
A -13226.871093750 12139.158203125 2855.608886719
A 353.030395508 -200.463775635 127.760498047
A 383.104248047 -94.623344421 433.780670166
A 11270.249023438 5050.125976562 -26.431888580
A 310.319305420 37.527988434 398.909942627
A 32.278686523 -145.702026367 233.083801270
