533

V 8242.248046875 2490.999267578 -7731.416992188
V -3745.267089844 -2506.715576172 3795.779052734
V -2027.652954102 613.628295898 -3468.919433594
V -917.590270996 3986.611816406 -114.760910034
X 201.621383667 -157.939193726 227.762435913
X -22.560157776 -190.750610352 241.030807495
V -8485.590820312 6946.829589844 -464.988342285
V -5699.355957031 487.924102783 -11965.276367188
V 144.112472534 -3129.909912109 -30231.546875000
X -1782.955322266 -248.262695312 360.789245605
X 378.398406982 -229.552383423 341.603454590
V 7143.594726562 -5992.531250000 -2467.946777344
X 222.177337646 31.339897156 278.742706299
V 8381.087890625 3991.991210938 5682.133300781
X 457.044830322 -213.158996582 334.687469482
V 7585.478027344 -1840.060302734 17218.675781250
X 302.585937500 -140.520797729 119.863586426
X 347.113647461 46.690753937 152.975738525
V 860.049682617 -2554.015136719 -10165.416015625
X 237.266662598 -231.380432129 349.769348145
V 477.668151855 10251.799804688 2848.895263672
X -1853.400878906 -138.440292358 316.554382324
X 329.425750732 -111.559715271 44.604446411
V 14606.286132812 11668.729492188 -640.143188477
V -2028.996459961 -5463.039062500 -6344.042480469
X 266.222259521 53.529090881 209.265319824
X 202.327316284 -264.881042480 126.062530518
V 11225.862304688 1330.127197266 2673.115722656
V -9821.440429688 5451.189941406 2280.308105469
V -2840.924804688 3648.930419922 -11557.214843750
X 296.009643555 -323.773742676 338.078216553
X -1845.136596680 -136.175186157 320.080200195
V -9960.869140625 -2371.177978516 1616.668457031
V 2654.761962891 -3824.830322266 2465.929443359
X 277.657684326 -130.716293335 218.207901001
V -6818.525878906 -3716.169921875 -4972.851074219
V 1914.667358398 4738.041503906 9461.998046875
V 4253.619628906 -4767.809082031 -615.290893555
X 128.960449219 -117.509468079 274.172027588
V 10624.746093750 -871.551940918 -1814.220336914
X -1982.488159180 -847.399230957 811.723083496
X 420.405609131 -212.954788208 395.234802246
X -1258.808715820 463.117065430 -163.967926025
X 315.616424561 -137.698272705 231.175369263
V -16009.343750000 5418.766601562 20.428655624
X 243.124588013 -251.476669312 405.183685303
V -22004.626953125 29013.417968750 18411.939453125
X -752.181213379 2190.249755859 -82.909927368
V -3497.943359375 7945.169921875 4994.899902344
V 12672.760742188 6821.831542969 -883.409301758
V -8764.961914062 7025.108886719 -695.417114258
V -3824.657226562 987.633361816 -2151.528564453
X 398.118743896 -102.617736816 319.072113037
X 402.262451172 -41.197910309 77.587287903
X 318.463989258 -151.761550903 234.536987305
V 282.824127197 3117.580810547 -438.935150146
X 376.150939941 -276.049957275 390.526916504
V -2720.585449219 -2759.539550781 428.486877441
V 8025.090820312 5857.996582031 -5149.926757812
V -30819.246093750 7587.505371094 -23749.154296875
X 404.764038086 -225.002746582 374.601440430
V 482.418945312 -386.361724854 -9481.937500000
V 5439.509765625 2539.467285156 -7835.521972656
X 363.169799805 24.852991104 124.529045105
X 438.419525146 -24.044595718 229.503616333
X 212.099136353 -31.798475266 374.462646484
X 305.716857910 -358.490447998 226.642852783
V -2754.383544922 1425.143188477 1250.244262695
X 195.377349854 -4.326097965 195.234359741
X 199.557434082 -126.066467285 233.522659302
V 4577.611816406 -8.854573250 -2209.193115234
V -9192.444335938 6467.431152344 2018.581298828
X 200.884475708 -9.740880966 344.608428955
X 406.378143311 -317.283020020 165.030487061
X 411.049163818 -1.658210397 179.205490112
X 368.087951660 -123.612655640 262.377471924
V -1614.526977539 -1791.998779297 3615.842041016
V -768.795654297 1760.225097656 -3361.899902344
X 223.517929077 -278.163238525 112.701286316
X 363.794616699 -257.579650879 383.639556885
V 3527.516357422 -11159.908203125 20897.443359375
V -4924.467285156 -5545.750488281 -11013.679687500
V -5594.763671875 -5237.662597656 -6246.271484375
X 179.010192871 -274.733703613 163.154678345
X 299.269348145 -59.404911041 421.047790527
X 423.515930176 -101.733856201 190.631759644
X 153.481369019 -151.349838257 364.565734863
X 304.649841309 -71.300285339 166.393920898
V -2955.145507812 -2916.412841797 -10753.405273438
X 366.016479492 -73.332397461 47.409915924
V 1557.857910156 3890.807861328 -1199.347900391
X 383.130096436 55.768218994 210.485794067
V 21715.089843750 -7380.354980469 -23617.873046875
X -1076.786499023 690.890808105 -152.154495239
X 380.076110840 28.263507843 320.827239990
X 157.115631104 -126.761428833 214.746200562
V -9296.161132812 -37873.121093750 4841.408203125
X 426.484344482 -95.247619629 414.307464600
A 267.028839111 -85.843269348 45.613754272
V -10878.886718750 3190.381835938 1850.657958984
X 459.290313721 -115.502044678 99.796112061
V 10508.300781250 -1432.224243164 7870.613769531
V -5886.954589844 12803.050781250 12608.006835938
X 446.424774170 -46.567501068 364.571746826
X 172.736007690 -119.293365479 386.005249023
V 5600.643066406 -7627.023925781 -8892.708984375
V -4815.107910156 4229.256347656 -5995.032714844
X 312.394012451 33.313610077 359.675811768
X 343.412536621 -150.725631714 253.766906738
X 316.624755859 -16.987491608 376.658874512
V -6766.778808594 -4396.802734375 -2678.595458984
X 377.576538086 -1760.104614258 -562.421875000
X 380.668243408 -174.327987671 277.445678711
V -1651.483886719 6689.599609375 6813.235839844
Q 305.406738281 91.592102051 258.596618652
V -7366.504882812 -1835.048461914 7282.815917969
V 257.294708252 1120.963256836 -3443.127197266
V -730.630432129 -38570.156250000 -9456.964843750
V 2558.674072266 3745.906250000 2372.492919922
V -214.962890625 4627.762207031 8619.817382812
X 378.672363281 -259.166503906 387.769378662
X 311.874816895 -204.767181396 40.074817657
V -1645.899047852 8219.204101562 9545.122070312
X 423.395904541 -168.983581543 52.793296814
V -26152.361328125 -20159.023437500 -23373.871093750
X 159.385971069 -254.954589844 180.357009888
X 225.204376221 25.045282364 277.953338623
X 256.548645020 -110.981620789 158.328155518
X 332.826019287 -141.010147095 234.495101929
V 5769.610839844 -2931.729248047 72.546897888
X 280.398590088 -163.759887695 147.283462524
X 318.200073242 -251.871566772 69.386070251
X 189.200881958 -303.780578613 281.880371094
X 302.564239502 -190.825546265 265.165130615
X 978.781616211 84.215980530 -448.062408447
V -3095.094238281 -17179.888671875 5525.851562500
X 313.671234131 -33.717464447 409.620086670
X 359.977661133 58.001316071 192.704650879
V 12352.009765625 -10956.402343750 -2742.491699219
X 285.872558594 -343.388122559 184.467117310
X 365.085388184 -290.145751953 391.950469971
X 423.346435547 11.080280304 146.798370361
X 268.004486084 -165.237350464 356.250030518
V 681.057373047 -4446.704101562 2149.029052734
V 6556.160156250 -3580.964355469 -1596.634033203
V 17369.550781250 -5882.357421875 -25402.140625000
X 286.826873779 -96.811378479 61.241031647
V 367.845184326 1037.895507812 -12298.639648438
V -16722.005859375 -4605.534179688 4005.225341797
V 486.181427002 -3904.923339844 3666.427734375
V -12722.066406250 -9313.421875000 -2233.018798828
X 424.310913086 -208.243011475 77.731903076
V 1587.071289062 3122.077880859 -1122.475585938
V 8946.451171875 8421.200195312 1471.558715820
V -1748.335449219 3599.254638672 4135.909179688
X 453.545593262 -230.410446167 328.953582764
X 173.917800903 -217.529876709 377.424896240
X 266.970733643 -173.629028320 435.509948730
X 162.499679565 -64.627609253 145.811859131
X 367.034881592 -134.011657715 228.221847534
V -3655.247558594 1443.246948242 3709.972900391
V -6119.266113281 5005.332519531 -6801.415527344
V 532.437377930 3351.937500000 -719.486938477
X 292.163055420 -302.829376221 102.708602905
X 377.424102783 -321.668426514 282.943359375
V -7355.929199219 -6813.768554688 -938.741027832
X 399.756713867 -273.713104248 256.972320557
X 373.681610107 -111.956481934 232.852828979
X 361.796020508 -203.641693115 252.172592163
X 197.597335815 16.546354294 249.169570923
V 962.119934082 -4204.340332031 1258.290893555
X 239.122848511 20.197443008 339.336547852
V -3488.032226562 -766.664306641 -16.422512054
X 294.417053223 -275.664306641 392.176330566
V -1890.268554688 -2821.620117188 1381.571777344
X 163.209136963 -90.346626282 363.880126953
V 6791.513183594 5254.205566406 6478.215820312
V -1659.971435547 -918.848083496 4114.401855469
Q 369.120452881 53.695411682 185.934112549
X 356.695739746 -343.952850342 254.059967041
V 1425.287475586 1612.286132812 -6476.346679688
X 469.062377930 -142.432067871 294.606323242
X 267.696044922 -1648.581542969 127.640701294
X 118.933151245 115.820167542 3.352387428
X 333.649414062 -336.418426514 140.552658081
X 357.508300781 -241.032180786 53.146686554
V 5070.791503906 12204.616210938 16474.808593750
V 517.864624023 4535.721679688 -365.064880371
V -9230.781250000 -6113.613281250 -5730.669433594
V 5448.045898438 -2688.487792969 -146.693283081
V 1178.555419922 -929.141845703 -3761.492431641
X 476.662078857 -215.934463501 318.489593506
V -7084.833984375 8536.979492188 4756.564453125
V 7220.698730469 -14692.626953125 -4121.549804688
V -16962.095703125 21505.628906250 17545.748046875
X -266.402404785 -362.997497559 302.751373291
V 1453.393920898 -1364.643432617 -3365.331054688
V -1260.676635742 8842.469726562 7477.859863281
X 399.919403076 -290.330383301 241.559631348
X 477.953948975 -214.117004395 332.640350342
V -5675.067382812 2836.723388672 -4427.187011719
V 168.978134155 -939.851196289 -9217.510742188
V -517.732360840 2018.864990234 3773.918212891
X 393.604949951 40.634761810 170.510635376
X 325.935516357 -36.080310822 382.303985596
V -1945.785644531 2680.188232422 382.044891357
V -3389.871826172 -8520.646484375 -2455.433105469
X 391.333679199 -45.258319855 61.354324341
V 2253.657958984 1108.493652344 -7226.566894531
X 462.142395020 -49.858581543 244.612152100
X 271.351715088 -240.237792969 393.493377686
V -911.707702637 -3435.614501953 2700.584960938
X 461.789947510 -185.322814941 350.115264893
V -980.085693359 -15410.554687500 -6841.737792969
X 466.648345947 -92.157775879 126.356834412
V -2004.133544922 -2692.911376953 787.215332031
V -730.586364746 -4134.045410156 -6778.646484375
V -7393.087890625 -1699.746948242 -7209.983398438
V -1582.988769531 -124.957283020 -10020.904296875
X 302.429626465 -193.935882568 323.097503662
V -1829.115112305 -721.840820312 2955.728027344
V 11838.371093750 6126.841796875 204.892868042
X 366.354797363 -212.617599487 45.536273956
X 301.351135254 -236.643707275 298.112030029
Q 399.545898438 -296.861358643 96.588890076
X 223.938278198 -319.317810059 312.298278809
V 5566.250000000 -9380.170898438 -207.938018799
V -86.527442932 -3104.773925781 10197.091796875
V -616.087768555 -10637.034179688 2244.517089844
V -3063.731201172 17061.630859375 -40499.691406250
X 419.779083252 -161.289642334 293.919250488
X 384.454925537 -93.081550598 46.061229706
V -1236.975585938 -771.521789551 -3364.993408203
X 285.409057617 -97.615608215 397.312652588
V -830.457336426 9740.006835938 -251.802993774
X 279.211242676 -347.711303711 294.498046875
X 179.282669067 -151.290969849 197.053314209
X 202.004806519 -88.471328735 397.614501953
V -6530.826660156 1979.179687500 -5563.549804688
X 261.796417236 39.319007874 161.888687134
V 3466.810546875 -2559.377441406 1793.355957031
X 172.271682739 -28.960914612 169.305343628
X 161.766403198 -247.448440552 297.409606934
V -2544.972412109 -922.567077637 4384.647460938
X 136.152023315 -99.339057922 291.100616455
X 209.011566162 -200.692901611 355.888793945
V 10177.796875000 2582.537841797 -5556.269042969
X 352.698242188 28.713933945 118.882759094
V 1423.509765625 6962.194335938 7953.821777344
X -1416.282470703 835.246337891 -956.659179688
V 30342.750000000 13994.041992188 3582.150878906
V 3831.152099609 -12492.404296875 -11375.582031250
X 155.012496948 -102.768585205 355.543426514
X 312.074920654 5.157079697 223.876525879
V 782.247436523 -4149.573242188 1864.835327148
V 3035.549560547 -3848.236083984 3648.088867188
X 437.091705322 -224.972732544 97.865959167
X 376.487915039 -259.734100342 395.715576172
X 179.438934326 -185.653045654 157.814056396
V 3297.265380859 -3323.824707031 1810.347534180
V 1125.041015625 3995.986328125 1888.705322266
X 317.978759766 -282.020599365 353.859680176
V -12072.656250000 233.980606079 8105.456542969
X 200.168899536 -243.620834351 208.132553101
X 380.058410645 -133.054672241 230.306549072
V -3196.497314453 -3720.917480469 -4680.932617188
Q 202.824218750 -49.033699036 435.234802246
X 400.743438721 -114.199501038 237.582641602
X 234.892425537 -293.991363525 123.545059204
X 168.273483276 -137.429061890 105.888824463
V 1157.114624023 3952.194824219 9189.465820312
V 2526.104980469 3846.003173828 724.886535645
X 245.729446411 -333.420562744 179.486663818
X -803.542907715 1671.013305664 -603.477661133
V -3368.470458984 -1849.967407227 367.462280273
V -3891.472412109 -18876.214843750 9820.649414062
X 206.427139282 -71.482879639 403.790771484
X 169.804763794 -258.271240234 324.290039062
V -3881.118164062 -7489.667480469 -5777.242187500
X -1556.975097656 10.411595345 286.985351562
V 3519.483886719 15433.525390625 9951.444335938
V 1417.859252930 4214.479492188 9711.483398438
X 137.805725098 -225.701477051 301.576507568
X 384.326599121 -1.660475850 101.830459595
X 321.954040527 -145.700546265 227.103927612
X 133.495956421 -81.179641724 271.784606934
X 251.380874634 -97.569076538 433.092437744
V -2557.137939453 -2405.550537109 -2643.973144531
V 2536.385253906 -4417.654785156 -1055.050903320
V 13069.538085938 -1032.103881836 341.677886963
X 192.579498291 -309.253753662 224.439849854
V 5909.630371094 -9398.096679688 -732.382812500
X 220.520324707 -205.751754761 185.094894409
X 327.636352539 -80.816459656 37.207485199
V 9508.071289062 -1559.712646484 8445.183593750
X 185.637786865 -307.124053955 254.959976196
X 374.988433838 -281.704498291 394.683135986
X 294.650421143 -299.906250000 370.419891357
V 2074.545166016 -352.169616699 -3817.963867188
X 309.933990479 -24.690618515 68.973419189
X -21.412883759 -191.757034302 243.849075317
X -1785.591430664 -348.968780518 318.951019287
V -10260.599609375 -926.132690430 -3139.644531250
V 2770.565917969 -1032.517578125 -4189.073242188
V 9663.625000000 1128.035034180 6403.400878906
X -1890.480957031 -327.856353760 349.075042725
V -15633.205078125 -22801.384765625 17634.843750000
V 2964.440917969 -4105.243652344 9667.121093750
X -68.159072876 422.750335693 10.707528114
V 215.083251953 2410.513427734 -1308.394653320
V -5688.538574219 -13627.054687500 -9979.458007812
V -3785.951904297 6248.619140625 -5178.648437500
V 7864.406250000 -2386.624267578 8577.737304688
V -2469.217773438 -2083.390625000 1360.447998047
X 481.401245117 -189.014434814 297.760589600
X 215.308395386 -153.678085327 231.667907715
X 484.027130127 -153.981033325 281.460845947
X -1472.727905273 490.454711914 67.978652954
X 240.024551392 -179.320175171 137.006240845
X 418.252410889 -102.389564514 363.723327637
X 445.288085938 -166.471145630 235.617202759
Q 253.924484253 -374.643127441 258.564147949
X 324.590698242 -156.879501343 253.814971924
V 440.571807861 -6656.897949219 -3257.004882812
X 432.182678223 -137.915649414 151.158691406
V -1897.928222656 -7840.428222656 -1336.578491211
X 219.489776611 26.698068619 199.015914917
X 449.185729980 -55.218811035 179.855072021
V 905.742126465 -4277.013671875 -2487.392578125
A 381.553741455 -337.566040039 135.180938721
V 244.221939087 4548.580566406 -8777.662109375
V -6606.139648438 -3962.692138672 -2494.254150391
V 270.733978271 3010.742919922 -3154.127929688
V -2172.908447266 -3012.378417969 -1760.997802734
X 364.825531006 -347.161071777 208.849914551
X 329.702728271 -139.753387451 29.319580078
X 241.645538330 -112.007484436 52.859779358
X 156.731094360 -137.896942139 162.781692505
V -10990.362304688 3349.988037109 1327.547973633
X 343.336151123 -1.627493143 346.650726318
V -5577.226074219 6826.462890625 4327.169921875
X 320.001129150 -150.157516479 234.070266724
X 144.078948975 -157.871353149 137.640029907
X 297.322753906 -352.443511963 176.965438843
V -5303.796875000 7547.817871094 14444.864257812
X 275.073089600 -16.998477936 405.527923584
V -10784.282226562 30246.648437500 -2737.594238281
X 369.151794434 -215.113388062 51.570114136
X 120.320449829 -115.450088501 215.225540161
V 4515.913085938 -4123.768066406 288.572875977
V 3206.149902344 -3537.557861328 -305.453277588
V 199.623413086 -1531.349487305 10364.698242188
X 371.439910889 -22.014852524 72.765670776
X -767.950073242 45.509246826 275.542602539
V 15619.123046875 5850.199707031 -9899.495117188
X 317.768157959 -357.718841553 241.814743042
X 294.322143555 -147.091766357 206.053695679
X 397.280426025 -253.003036499 399.637939453
X -379.323577881 -302.393493652 255.849105835
Q 404.596771240 40.322742462 325.667083740
X 312.504516602 -122.007591248 238.322067261
X 289.697204590 -246.451828003 58.439582825
V 3633.850585938 -11124.057617188 -6034.099121094
V 1346.766967773 8820.905273438 5832.743652344
X 305.227233887 -322.145416260 118.939002991
X 317.364257812 -275.487548828 75.440788269
V 7224.234863281 4131.866210938 1165.678833008
X 317.930450439 -110.924423218 242.455764771
X 391.663177490 -9.750025749 235.245361328
X 324.320281982 -154.824020386 219.402542114
X 239.031448364 3.677965403 155.664672852
V 4308.108398438 7709.495605469 -1119.063476562
X 360.797210693 -331.173187256 260.612121582
V 2514.187988281 2032.690795898 -1815.058715820
X 251.965393066 29.226127625 330.889801025
V 11281.735351562 -13474.125976562 -1365.093872070
V -4193.585449219 6684.280761719 -1617.430786133
X 187.516189575 -58.650627136 362.056030273
V -2915.811279297 269.020233154 -12603.998046875
X 306.286621094 53.437519073 317.935974121
X 420.624969482 -171.678298950 221.787918091
X 365.437957764 44.432891846 326.577514648
V 2189.976562500 -7357.014648438 -6120.190917969
V -14058.478515625 10987.714843750 -15426.635742188
X 185.410858154 -166.786499023 393.838287354
X 323.830108643 -130.145263672 253.343093872
X 156.227828979 -189.462326050 344.948577881
X 314.304077148 63.238380432 215.155059814
X 313.460571289 -128.383392334 230.125396729
X 326.669677734 -125.261146545 185.609817505
V -14736.032226562 6879.216796875 -12814.257812500
X 251.981475830 48.210277557 236.143859863
X 181.643142700 -292.408599854 211.841720581
X 337.338806152 -90.542732239 -344.674713135
X 404.253265381 -247.825942993 388.284545898
V -10261.255859375 -3598.805419922 1639.502685547
X 329.760803223 64.427207947 215.253082275
X 441.247711182 -260.228485107 132.805984497
V 810.763854980 -6042.226074219 -6580.663574219
X 442.598388672 -217.676300049 330.941619873
X 433.596221924 24.396440506 262.340576172
A 140.439529419 -146.560653687 368.652435303
X 397.342224121 -170.097946167 53.502716064
X 406.155609131 -303.976715088 146.253417969
V 18197.712890625 -22128.638671875 28106.761718750
V 9779.388671875 -7029.982421875 4792.545410156
V -16148.740234375 1814.500366211 9563.290039062
V 6290.774902344 -16413.673828125 -3645.302978516
V 1687.995483398 2179.927001953 -1679.849975586
X 353.901275635 -274.119262695 268.324157715
V -2638.958007812 -1777.566528320 772.832641602
X 236.534896851 -8.474404335 350.174957275
X 429.480041504 -116.219116211 251.047515869
V -5340.053710938 -4750.689453125 5585.593261719
A 236.750305176 -356.710357666 299.547760010
X 234.854019165 -111.059082031 177.700042725
V -5901.049316406 -3261.601562500 -4910.182617188
X 377.176269531 -39.222427368 361.686584473
V -14978.261718750 9403.204101562 -773.074462891
X 281.647888184 0.184035227 96.151939392
X 393.151763916 -138.522567749 39.066253662
V 3324.509033203 -1669.694458008 -1979.759399414
X 375.593170166 -327.948272705 165.178787231
V 1730.312377930 3161.208740234 10129.167968750
V -1717.940917969 -3717.303466797 -272.196563721
X 408.571166992 -149.394989014 46.169502258
X 287.017303467 64.913444519 247.516479492
V -1123.469116211 11126.458984375 -3406.297607422
V 7405.433105469 10201.105468750 1807.924926758
X 387.605743408 -172.595169067 420.861114502
V 5794.846191406 4647.552734375 -6644.911621094
X 288.131164551 -7.074503422 83.488670349
V 15200.129882812 29594.810546875 14048.863281250
X 436.723266602 -92.950119019 77.859107971
X 280.061218262 -271.464477539 79.340553284
V 557.219238281 -4757.023925781 889.928833008
V -10397.715820312 -193.787765503 3773.802490234
V 7329.035644531 -3923.924072266 6867.789062500
V 2948.868652344 -2982.399414062 2127.131347656
V 668.023803711 -7268.669921875 6010.569335938
V 5785.133789062 10301.619140625 -2240.638427734
X 480.011657715 -194.151702881 328.136657715
X 465.160156250 -184.859924316 140.654678345
V -707.945983887 5101.851562500 10544.507812500
V -4941.044921875 5365.528808594 10786.159179688
V 4651.055664062 -3466.678710938 -6886.393554688
X 314.356262207 -64.924125671 44.902782440
X 236.402481079 -179.539077759 193.543624878
X 248.781280518 -188.404617310 225.004470825
X 366.715332031 60.185729980 235.013656616
V -567.234924316 -1724.077514648 -3887.977783203
V 3856.464843750 5556.180664062 2659.155273438
A 342.450042725 -322.369873047 109.569519043
V 7138.261230469 4253.673339844 -6547.629882812
X 398.834533691 -128.452621460 238.559020996
V -604.370178223 -7074.196289062 -6971.751464844
V -278.903381348 -9670.677734375 4745.583007812
V -2425.667724609 -4811.266601562 -10073.982421875
V -2476.402099609 22696.720703125 -28966.111328125
X 187.060028076 -285.147766113 331.410919189
V -8635.892578125 -14600.911132812 -761.237243652
X -2294.824462891 -391.708343506 619.403137207
V 8069.892089844 -4931.642089844 -3590.029785156
X 432.212188721 -210.683227539 337.283172607
V -1558.216552734 -3710.910156250 5048.464843750
V 18397.986328125 -1102.109741211 -4694.863281250
V 2809.724609375 3529.753417969 3212.357177734
A 224.789001465 -183.416259766 455.077514648
X 403.249725342 -288.416931152 109.165946960
X 352.717498779 -76.949798584 224.368179321
V 8914.519531250 10198.308593750 19515.914062500
X 260.560638428 -239.362426758 283.495025635
X 401.949127197 -133.651550293 243.718719482
Q 396.061004639 -252.972518921 52.200725555
X 477.830505371 -141.906082153 260.879516602
V -1476.524414062 -2913.379638672 5301.901855469
X 180.576416016 -5.441815376 252.383560181
V -8314.334960938 7757.726562500 5172.465332031
V -2079.925292969 40.465911865 3043.309326172
X 457.567169189 -175.918502808 243.025161743
V -13021.254882812 -4957.185058594 11583.118164062
X 322.447509766 -168.502868652 242.524948120
X 316.481689453 -128.803207397 256.543060303
V -7116.424804688 535.287902832 11066.953125000
V 3624.294677734 -3078.988525391 -2751.741699219
V -701.074279785 2506.629638672 -2071.364501953
V -22053.818359375 6875.241210938 4335.679199219
X 408.077880859 -73.383155823 293.191802979
X 293.696807861 -168.153320312 34.509483337
V 3494.324218750 3554.315917969 -951.804809570
V 5999.809570312 -709.666198730 -2490.770019531
V 9083.524414062 3192.600830078 5590.250488281
V 5385.367187500 8371.491210938 1426.927246094
V 322.553375244 -5234.575683594 35.843032837
X 147.530151367 -223.684753418 258.518890381
X 117.371704102 -177.556106567 245.908798218
X 316.997467041 -133.747390747 237.255844116
V -12745.772460938 11680.206054688 -3699.274169922
A 406.557525635 -117.663459778 52.175251007
V -754.406372070 1545.147094727 5000.055175781
V 3888.484375000 8205.250000000 -624.831115723
X -2125.220214844 225.135910034 764.306579590
X 412.350067139 -251.478897095 372.717010498
X 199.355484009 -124.867980957 229.556793213
X 187.589462280 -221.027679443 383.281066895
X 276.751403809 50.674911499 187.743835449
X 230.395034790 -132.904525757 53.981685638
X 372.059356689 -240.295181274 418.614868164
V 4898.246093750 -8777.762695312 -3822.107177734
V 443.529602051 3802.447753906 -2471.239501953
X -1896.704956055 -896.029357910 461.410980225
V 8283.797851562 13449.677734375 -4109.987792969
X 316.741119385 -118.495254517 215.640838623
V -1974.509521484 -778.436706543 3425.433593750
X 289.186462402 52.483116150 293.825073242
X -881.968017578 715.599304199 -706.480773926
X 337.066772461 -7.347892761 385.195404053
X 302.626403809 -196.118148804 -273.802459717
X 433.929687500 0.464144886 198.411178589
V -2705.173339844 9885.586914062 2239.620605469
X 61.391117096 -277.250823975 -210.287567139
X -629.839294434 1402.556518555 -466.953521729
X 215.340560913 -117.533233643 410.508270264
X -2164.893066406 -409.949310303 406.479492188
X 189.088104248 -138.135375977 156.071701050
A 307.673736572 48.412055969 170.329879761
X 317.670410156 -131.626159668 206.598144531
V -15755.443359375 14423.864257812 3108.477539062
X 199.415542603 -45.582626343 382.956390381
X 184.801437378 -141.207305908 118.018226624
V 18102.812500000 8299.277343750 -392.736297607
V 5190.133789062 8979.973632812 8155.421875000
X 492.196624756 -102.387092590 258.911773682
