533

A 398.935974121 -57.102054596 144.718948364
A 108.902236938 -198.649536133 429.206817627
A 351.088897705 -152.259033203 466.393280029
A 286.878387451 -316.331298828 290.890991211
A 441.491760254 -44.892745972 339.107391357
A 458.349395752 -104.984848022 305.186462402
A 330.057556152 -230.815841675 327.822113037
A 324.773010254 -116.043823242 465.688232422
A 349.184631348 -5243.109863281 -50014.332031250
A 453.593627930 -147.511611938 277.836883545
A 124.166351318 1.601136684 132.549942017
A 333.796142578 -83.049613953 415.108276367
A 326.975860596 -293.716094971 229.130996704
A 410.596832275 -29.740070343 397.675781250
A 72.935768127 -51.202228546 159.393234253
A 3440.403808594 -790.883605957 7591.856445312
A 268.646240234 -140.070999146 494.080505371
A 195.302505493 -292.534729004 382.814849854
A 102.641113281 -182.024307251 296.202636719
A 331.384582520 24.351518631 137.566574097
A 242.202239990 101.452880859 344.943328857
A 450.727203369 -144.005371094 315.006225586
A 229.389907837 -144.007568359 497.663848877
A 6263.712890625 4725.700683594 4.449326038
A 313.233764648 35.506286621 429.005828857
A 321.048339844 -308.516937256 317.623291016
A 356.124023438 -8.483203888 438.233581543
A 449.879730225 -73.137977600 335.577880859
A 428.025909424 -204.146682739 247.895721436
A 200.536865234 -55.728237152 103.212387085
A 220.889801025 92.482460022 198.275802612
A 446.877319336 -107.748443604 344.292785645
A 451.493316650 -62.427616119 244.455566406
A 334.028259277 -278.761688232 376.238281250
A 424.834899902 -203.293289185 344.111267090
A 90.223472595 -196.641357422 158.411087036
A 264.510589600 -3.590069294 473.955749512
A 104.154273987 59.012306213 303.999725342
A 446.219909668 -137.727310181 221.207077026
A 34.106666565 -110.060531616 330.052520752
A 397.222290039 -150.278503418 140.172241211
A 129.814407349 -105.903625488 96.048149109
A 151.947494507 16.158920288 125.932395935
A 294.599609375 -264.573883057 422.313934326
A -1169.357543945 393.971618652 295.805603027
A 312.675659180 -15.664325714 100.571250916
A -48187.500000000 63667.750000000 40466.640625000
A 214.505065918 97.438194275 339.396301270
A 152.560424805 57.082080841 393.780181885
A 147.129791260 -163.616027832 292.945495605
A 67.683303833 22.641067505 274.954406738
A 53.136726379 -62.620086670 186.634841919
A 94.394424438 -155.159011841 128.113708496
A 134.621795654 -218.902877808 434.779602051
A 262.881408691 104.350486755 320.892730713
A 217.812545776 -317.759338379 331.653900146
A 154.198715210 53.085624695 163.682571411
A 97.178611755 -267.283081055 299.171905518
A 80.767990112 -221.430755615 374.452972412
A -66254.031250000 16339.774414062 -51087.164062500
A 123.955337524 -75.283210754 103.844467163
A 241.492187500 -100.918197632 501.387664795
A 127.139289856 -182.240417480 449.967987061
A 180.921234131 -273.761199951 405.856018066
A 76.625946045 -250.068222046 279.082305908
A 339.538757324 -228.223922729 133.899032593
A 261.110504150 111.151863098 292.525848389
A 386.150024414 -265.604736328 247.521057129
A 393.275299072 -250.458602905 328.251129150
A 440.854980469 -190.438278198 284.232208252
A 438.644195557 -85.825096130 192.567932129
A 394.611145020 -175.651046753 225.376861572
A 374.739562988 -238.887176514 178.088333130
A 92.743972778 40.718627930 335.782806396
A 106.335357666 -260.864959717 364.853515625
A 59.848793030 -163.089218140 177.167755127
A 338.260681152 -39.057907104 104.229026794
A 286.619079590 -203.525314331 472.565856934
A 343.544738770 19.523561478 426.896301270
A 215.981964111 15.092850685 103.825706482
A 4081.887695312 -12496.797851562 23495.826171875
A 321.958282471 -14.211762428 461.091461182
A 139.631927490 -236.093246460 143.799484253
A 376.349029541 41.009803772 362.325714111
A 201.507064819 -165.714645386 79.031478882
A 51.241806030 -177.623245239 366.658203125
A 423.738067627 -87.546051025 165.679687500
A 248.973251343 -260.027252197 433.672027588
A 303.230865479 -44.798400879 482.281341553
A 189.764892578 -204.809967041 470.541625977
A 130.192245483 -241.042098999 411.576507568
A 165.005355835 -306.461334229 286.014129639
A 39369.093750000 -13420.496093750 -42766.000000000
A 424.781677246 -141.813003540 393.449676514
A 138.709182739 -270.263885498 189.115158081
A 440.570617676 -155.477188110 346.316772461
A -19764.953125000 -81014.859375000 10354.232421875
A 141.321487427 -153.136184692 94.947082520
A 313.914886475 -190.552795410 472.245544434
A 442.433776855 -170.294403076 232.791412354
A 71.613227844 -120.697052002 419.921264648
A 66.815765381 -87.930503845 161.821716309
A -2639.372314453 6072.962402344 6265.983398438
A 116.152717590 -216.785064697 147.071517944
A 379.721923828 -137.696029663 122.498916626
A 157.584533691 22.491344452 417.366241455
A 351.400634766 -222.250366211 426.991790771
A 223.459960938 -281.806793213 154.193069458
A 73.928634644 -92.889434814 139.366363525
A 218.386734009 -240.766479492 117.003143311
A 45.165630341 -193.945251465 236.258163452
A 360.127105713 -270.487274170 210.331161499
A 56.035327911 -23.107688904 205.659622192
A 291.140319824 -267.390625000 145.269439697
A 230.910125732 -324.041076660 250.680999756
A 400.799438477 -91.300994873 137.746688843
A 212.157257080 -53.738193512 74.369224548
A -1526.387573242 -83197.312500000 -20308.494140625
A 159.290145874 -271.144409180 169.276580811
A 279.614410400 -166.820220947 103.399322510
A 150.875091553 -14.175371170 109.649894714
A 235.143417358 -68.048828125 496.729827881
A 276.620391846 -233.735839844 143.792800903
A 82.790863037 -82.393089294 430.452331543
A -57052.281250000 -44100.296875000 -51057.875000000
A 431.852844238 -18.002244949 345.965179443
A 363.006805420 -280.143463135 238.967819214
A 348.334503174 -188.137207031 453.336303711
A 23.477222443 -99.824523926 299.968231201
A 49.038677216 -11.826255798 280.695556641
A 330.906524658 -80.730140686 479.866516113
A 220.269744873 -7.867775440 475.589691162
A 381.397369385 49.425239563 227.882354736
A 311.425323486 66.419418335 169.230209351
A 382.824768066 -84.920730591 120.182243347
A -837.569641113 -5936.224609375 2075.823242188
A 211.684234619 -198.825195312 86.729438782
A 195.357177734 -309.580200195 344.732574463
A 939.798400879 -756.400024414 108.592132568
A 294.762573242 92.577011108 338.107818604
A 176.941558838 64.532081604 163.354232788
A 112.885604858 -245.048263550 389.033416748
A 294.661529541 -80.413337708 71.856880188
A 265.308410645 -308.296966553 368.720001221
A 43.415317535 -26.561687469 311.594909668
A 29953.984375000 -10191.486328125 -43526.421875000
A 290.053436279 -162.600143433 488.950866699
A 267.013488770 -141.018188477 269.145751953
A -4065.280273438 -1210.580566406 1295.148437500
A 238.807678223 39.791278839 125.479721069
A 92.487808228 -216.261581421 256.402770996
A 81.718338013 -47.460811615 421.195465088
A 307.333465576 81.100921631 200.600723267
A 95.125518799 -259.666046143 256.310180664
A 154.189544678 30.814929962 430.216705322
A 66.884925842 11.411335945 228.738555908
A 399.830871582 -31.373319626 162.543609619
A 215.557662964 -104.422431946 63.704624176
A 390.213989258 -211.158615112 401.577209473
A 40.998615265 -128.764129639 365.609985352
A 73.911560059 -183.363937378 175.226043701
A 85.906692505 -25.451198578 169.648605347
A 254.583786011 107.562118530 238.846878052
A 283.409088135 58.382888794 416.161834717
A 137.538986206 66.219215393 207.219451904
A 84.712730408 -250.405349731 237.192947388
A 75.388137817 25.017955780 248.210571289
A 65.923179626 -229.349472046 311.101898193
A 98.962570190 53.666648865 260.389373779
A 369.097930908 -279.149902344 293.773284912
A 188.943466187 91.191566467 216.255218506
A 335.691375732 -274.582855225 183.150161743
A 33.022499084 -155.968002319 266.608978271
A 261.372192383 13.235985756 101.903282166
A 366.327606201 70.659667969 263.703887939
A 385.594482422 -179.941589355 142.564315796
A 382.667755127 3.819917917 403.267913818
A 321.137939453 -62.665515900 87.035972595
A 164.165542603 -301.427886963 345.246429443
A 174.774414062 96.598526001 275.316497803
A 296.627105713 -46.197315216 84.430328369
A 43.539886475 -132.516159058 195.198181152
A 439.946350098 -19.581037521 297.830108643
A 330.893890381 -218.614456177 446.293609619
A 196.670425415 84.088218689 371.201629639
A 182.645263672 -11.673274040 472.657897949
A 4168.302246094 9720.162109375 13302.596679688
A 262.262329102 107.434043884 266.565399170
A 93.023674011 -218.214752197 176.347656250
A 424.628906250 -220.251892090 282.707275391
A 193.838333130 -85.420875549 496.646270752
A 48.202766418 -19.303791046 244.860733032
A 380.259948730 -252.667861938 205.471572876
A 806.407409668 -1271.560058594 -60.365970612
A -30163.292968750 38402.468750000 31350.722656250
A 47.491779327 -195.120086670 329.032470703
A 322.747192383 -171.344314575 92.496055603
A 253.560836792 -267.285491943 136.561843872
A 80.198982239 34.985942841 302.160705566
A 41.622146606 -53.157695770 215.858337402
A 397.400848389 -186.460189819 412.281219482
A 246.321487427 -139.097091675 69.474029541
A 279.689208984 -222.783706665 100.724708557
A 148.847396851 -285.868347168 370.033081055
A 180.332214355 -190.305999756 95.020790100
A 125.401672363 72.137947083 292.577606201
A 172.608673096 -305.514617920 226.318038940
A 162.896209717 -212.545623779 455.716369629
A 294.421142578 -108.676383972 74.969352722
A 58.001884460 -221.330902100 244.746658325
A 282.800811768 -13.114570618 91.490135193
A 312.133819580 47.510612488 145.647491455
A 91.608146667 -107.689178467 124.159362793
A 169.729110718 -1370.640747070 -287.737396240
A 65.509590149 -160.097900391 401.075866699
A 401.502868652 41.842758179 261.179534912
A 263.511199951 -55.553646088 493.265258789
A 89.813842773 -135.181533813 134.990844727
A 275.966552734 -114.655723572 497.719512939
A 259.567230225 -34.557846069 76.920585632
A 340.776855469 -99.634910583 93.637466431
A 409.817596436 -17.999383926 273.444061279
A 199.603195190 -58.262657166 491.689270020
A 280.410461426 77.832626343 175.240844727
A 114.661582947 1.957517028 422.263885498
A 329.911407471 80.188819885 218.776397705
A 317.344482422 -303.201416016 260.288116455
A 241.452682495 -61.073860168 71.254981995
A 220.065231323 -306.281494141 281.376220703
A -7128.018554688 39847.746093750 -94614.757812500
A 57.097724915 -125.723564148 168.761657715
A 159.938964844 -166.840270996 474.360656738
A 168.207656860 -152.652282715 82.844024658
A 217.067352295 -146.840515137 69.687538147
A 213.747772217 107.090057373 286.668029785
A 253.742919922 99.048339844 216.038070679
A 438.944885254 -84.770828247 371.924407959
A 359.973846436 -159.620895386 109.746902466
A 412.214599609 -187.670684814 383.646240234
A 300.516479492 -284.719512939 390.404418945
A 81.653320312 15.085986137 203.922958374
A 388.743652344 -243.995086670 362.945159912
A 402.617462158 25.802991867 226.621566772
A 360.508758545 -121.953247070 103.252822876
A 426.557128906 -177.667282104 196.911712646
A 367.712432861 -45.848842621 117.701293945
A 53.135871887 -147.981079102 384.770721436
A 202.843566895 -262.306335449 430.330688477
A 268.627990723 33.591339111 445.563537598
A 425.767120361 -173.866058350 374.706390381
A 56151.769531250 25883.859375000 6734.633789062
A 713.659057617 -1686.708374023 -1122.231811523
A 431.811676025 -134.474151611 185.889312744
A 251.925354004 -322.354339600 276.098968506
A 189.651428223 81.458404541 187.691253662
A 333.160705566 -253.575225830 411.257202148
A 65.153640747 -34.071998596 390.812683105
A 174.875534058 -47.413196564 82.618461609
A 405.511749268 -68.006866455 419.486907959
A 367.855407715 -269.780334473 350.128631592
A 296.762054443 83.743156433 369.080108643
A 204.275680542 63.118640900 149.625854492
A 58.426242828 -99.828681946 400.129455566
A 407.341918945 23.117044449 335.073181152
A 35.377525330 -80.587898254 345.065704346
A 382.890411377 -42.883426666 436.556518555
A 310.351806641 -207.507522583 103.508514404
A 45.586139679 -202.945419312 296.163574219
A 323.078979492 61.200916290 394.501220703
A 380.444244385 -128.708007812 448.518280029
A 249.682556152 -19.884321213 483.924011230
A 327.455932617 89.439567566 312.336944580
A 326.868988037 76.485794067 358.574096680
A 369.529083252 -235.255386353 407.034423828
A 41.201839447 -191.327697754 273.922912598
A -3191.042724609 -16284.290039062 8549.569335938
A 339.587463379 -193.422286987 112.516906738
A 399.712493896 -1.991245747 178.493545532
A 130.750946045 -264.030914307 329.413970947
A 29.384469986 -138.521270752 321.024047852
A 1697.383789062 6616.082031250 4606.878906250
A 241.567367554 42.044948578 216.681930542
A 428.936950684 -29.741739273 204.845657349
A 160.819503784 -245.226028442 428.839324951
A 140.619232178 -30.312074661 463.794036865
A 422.122619629 -211.888305664 222.405441284
A 274.984069824 -149.539382935 74.080711365
A 132.776306152 -187.208999634 113.127243042
A 179.367340088 -147.873977661 487.813812256
A 37.674972534 -89.690208435 267.592926025
A 362.701812744 71.129455566 308.221496582
A 352.854675293 -291.529449463 269.940582275
A 390.966400146 12.509783745 383.148406982
A 254.680099487 -171.081100464 489.990753174
A 188.047348022 -104.564956665 195.661529541
A 383.360687256 54.549865723 292.848358154
A 184.011459351 34.519523621 129.095581055
A 280.660461426 53.281013489 141.217041016
A 149.030975342 -115.198738098 482.552734375
A 239.945373535 -225.328140259 463.797363281
A 440.739227295 -62.521568298 219.693710327
A 406.370025635 -241.570999146 246.536895752
A 442.353698730 -82.478981018 306.612731934
A 116.889450073 -69.466110229 459.198333740
A 424.606414795 -88.933029175 399.339569092
A 456.526092529 -118.066581726 279.902770996
A -28071.556640625 -41218.046875000 31847.742187500
A 199.321136475 -2.486993790 100.660774231
A 107.859260559 54.384147644 226.049316406
A 250.604202271 -290.518920898 396.662048340
A -1137.435058594 -3447.798583984 -2167.265869141
A 137.417587280 35.062595367 158.059814453
A 379.459625244 -152.734283447 441.942047119
A 408.763061523 6.037671089 204.233978271
A 36.435943604 -54.723377228 244.779342651
A 451.970611572 -108.983886719 242.708160400
A 31.821937561 -97.145858765 219.784866333
A 208.274353027 20.409229279 456.156616211
A 367.576660156 -62.294830322 454.436431885
A 120.920188904 -146.288192749 107.127914429
A 32.049930573 -60.258998871 318.396270752
A 300.986114502 101.110412598 260.774322510
A 178.511978149 -6.199227333 98.777053833
A 228.866317749 79.304420471 387.664367676
A 62.055152893 -76.413688660 401.995361328
A 298.894378662 99.207168579 296.308044434
A 347.633636475 -289.640655518 330.214630127
A 65.745544434 -215.445816040 351.032073975
A 254.791473389 -299.342681885 188.377548218
A 142.863220215 68.713661194 360.520843506
A 236.302566528 -11.250897408 84.340850830
A 63.396553040 -209.772903442 208.858428955
A 226.691406250 52.316669464 138.041305542
A 353.697692871 45.861331940 389.420257568
A 149.082275391 89.494041443 305.942871094
A 215.025146484 -109.561233521 498.366210938
A 322.812225342 -152.225875854 481.148712158
A 439.247650146 -127.180046082 366.128875732
A 446.906372070 -161.469329834 259.280548096
A 175.012237549 -262.331329346 149.496566772
A 115.468658447 45.827472687 374.990600586
A 361.267852783 55.972991943 212.360488892
A 414.886199951 -108.692276001 410.407989502
A 253.140975952 93.182746887 366.666992188
A -328.985961914 707.471496582 1751.671997070
A 267.651641846 -247.590103149 118.329956055
A -19078.625000000 53530.695312500 -4643.231933594
A 169.861099243 -45.898239136 477.489318848
A 439.365447998 -175.228958130 322.850036621
A 389.348876953 -259.342742920 298.828521729
A 63.058631897 6.972862244 313.190521240
A 233.050384521 -101.310707092 72.902404785
A 189.039886475 -241.143630981 446.085449219
A 417.931213379 -155.884002686 166.563095093
A 8920.088867188 3163.055419922 -5219.541015625
A 216.723327637 107.836044312 262.223571777
A 360.553039551 -88.867881775 465.991760254
A 147.012573242 -56.724536896 92.591903687
A 38.875965118 -166.988174438 328.234802246
A 119.842292786 -247.935180664 177.514877319
A 292.101440430 -308.698455811 228.985992432
A 294.163818359 -10.228113174 471.146820068
A 297.475341797 -284.285400391 181.552078247
A 268.744171143 73.832901001 392.980743408
A 243.509521484 66.457023621 410.123748779
A 243.575027466 47.163040161 435.703826904
A 424.113311768 7.297351837 318.982635498
A 219.986862183 -313.351287842 221.687988281
A 120.088363647 -286.099853516 255.144989014
A 164.599655151 11.840367317 450.701660156
A 359.157531738 -261.755218506 384.867279053
A 158.718078613 -306.937042236 317.049560547
A 147.536148071 86.533477783 258.869384766
A 367.781188965 21.230718613 163.727890015
A 304.108001709 -299.311035156 198.886795044
A 2010.667114258 -2257.936035156 1.836296201
A 123.201820374 69.268196106 248.661895752
A 379.242675781 -214.494003296 159.792984009
A 184.861709595 -115.712455750 74.654953003
A 223.413330078 -300.842163086 190.779479980
A 48.441543579 -29.842493057 344.267608643
A 179.320907593 -293.943359375 198.661178589
A 197.766754150 56.777336121 419.244781494
A -15342.437500000 11968.104492188 -16679.921875000
A 361.736358643 -80.273651123 103.345909119
A 174.181137085 -213.162078857 107.079475403
A 420.791625977 -51.029399872 178.045989990
A 238.527084351 -323.109710693 312.735107422
A 320.398162842 -302.014343262 343.327056885
A 195.630676270 -170.675811768 487.532104492
A -11156.129882812 5245.700195312 -9554.869140625
A 325.765014648 -307.142578125 280.022338867
A 381.921234131 50.734779358 332.863220215
A 325.698150635 -118.987403870 82.639022827
A 123.449119568 -30.796197891 117.568794250
A 442.448364258 -28.978223801 252.800094604
A 200.699996948 -320.564208984 288.230072021
A 62.606433868 -7.674162865 357.033447266
A 215.262023926 39.254798889 440.043701172
A 76.403434753 -4.982960224 177.723022461
A 109.854469299 -265.955017090 218.344299316
A 411.143005371 -117.491477966 148.893402100
A 152.635192871 -77.973457336 480.634094238
A 79.920059204 19.920909882 358.541320801
A 39568.925781250 -48079.777343750 61067.914062500
A 405.281768799 -222.838119507 357.726318359
A -7419.987792969 853.732421875 4697.683593750
A 1648.793212891 -3782.256347656 -597.529846191
A 151.790847778 -269.360168457 396.647674561
A 157.035247803 83.773139954 217.126983643
A 427.359954834 -3.063375950 233.984390259
A 315.805236816 -246.824829102 136.900283813
A 43.787834167 -166.644714355 214.387954712
A 367.969390869 4.999241352 144.267868042
A 296.495208740 97.075820923 225.177474976
A 374.696289062 -184.706207275 433.708679199
A 91.259895325 -173.649978638 139.053756714
A 146.981170654 -216.615402222 120.832977295
A -3601.699951172 2307.253906250 101.787879944
A 309.311126709 -246.450637817 434.920806885
A 183.434524536 -118.289978027 493.435668945
A 403.646453857 -194.294342041 169.900527954
A 167.923477173 82.851013184 345.793121338
A 236.902938843 -27.791078568 474.751129150
A 148.534820557 -303.776397705 257.496734619
A 116.995803833 -104.002410889 468.323059082
A 274.594970703 -318.705932617 253.669036865
A 264.877716064 -296.981140137 357.605468750
A 330.291809082 0.533077776 285.348358154
A 153.446273804 -111.126861572 81.153739929
A 378.933227539 -19.965595245 141.142837524
A 292.512573242 -228.600524902 457.931274414
A 30184.812500000 58650.175781250 27986.935546875
A 89.621231079 -156.257034302 430.770996094
A 302.392761230 20.336435318 451.951599121
A 274.042663574 -320.136383057 318.403594971
A 441.256072998 -106.174140930 207.775573730
A 95.748268127 -33.768039703 138.163101196
A 106.173782349 39.903217316 199.905410767
A 262.493499756 -276.586700439 414.537658691
A 347.356536865 77.595367432 242.688720703
A 43.422641754 -95.207679749 192.812957764
A 51.421234131 -50.346504211 364.878936768
A 257.310821533 -197.272583008 86.876556396
A 164.419494629 -25.578487396 446.628479004
A 114.475822449 -42.290336609 447.863159180
A 257.818817139 -203.323181152 477.572204590
A 424.751831055 -51.136726379 382.791076660
A 410.333221436 29.200189590 296.492187500
A 185.938690186 -313.744659424 253.744293213
A 300.616333008 -67.986747742 490.138488770
A 140.916107178 -287.486267090 217.492019653
A 183.364807129 68.776550293 395.630432129
A 86.242149353 -189.021499634 410.473297119
A 27.272661209 -144.126403809 288.453948975
A 207.354873657 -259.472503662 136.365325928
A 246.205871582 89.425628662 184.709259033
A 192.877487183 -36.187965393 318.980712891
A -4993.832519531 45891.871093750 -58643.546875000
A 367.954986572 38.022155762 184.366317749
A -514.420043945 -1387.370849609 193.671859741
A 88.124588013 -212.830154419 398.015350342
A 405.092498779 -223.254287720 203.702682495
A 99.599372864 -69.164161682 122.215789795
A 307.802276611 15.771014214 116.751937866
A 8579.968750000 -551.796569824 -1911.456665039
A 416.569488525 -8.892615318 366.361419678
A 267.705413818 -85.661682129 68.774650574
A 115.522071838 24.098791122 399.938812256
A 128.169403076 -294.207305908 299.322021484
A 9840.160156250 11233.176757812 21493.089843750
A 342.756591797 53.875335693 177.726043701
A 24.906263351 -112.917091370 245.559707642
A 104.991752625 -21.186878204 432.889434814
A 20.803655624 -80.168693542 276.188720703
A 350.490875244 -249.000488281 160.428588867
A 406.182739258 -245.013519287 284.546325684
A 112.800354004 9.229365349 351.976287842
A 96.068153381 -114.304031372 445.789855957
A 35.765110016 -43.738220215 282.787963867
A -3918.408691406 -1578.208496094 3857.024414062
A 191.315444946 99.938613892 244.479248047
A 234.453125000 -217.460494995 94.475868225
A 136.336898804 -107.350379944 439.191009521
A 83.623596191 -8.014416695 391.897918701
A 121.186088562 40.105564117 176.876098633
A -23456.087890625 7431.538574219 4818.299804688
A 92.435890198 -236.809951782 201.311935425
A 289.038818359 -98.031349182 497.205047607
A 119.617103577 -279.821380615 335.105987549
A 40.516262054 -99.369827271 369.710388184
A 356.468963623 22.950962067 371.700347900
A 348.764739990 73.385192871 335.690551758
A 202.438522339 101.239288330 314.944488525
A 428.523834229 7.972101212 270.269439697
A 452.639984131 -51.995685577 294.811065674
A 271.582061768 -285.210052490 163.562622070
A -3146.391113281 2924.658691406 -624.820312500
A 108.870193481 -146.426025391 450.900848389
A 278.899139404 -178.478790283 77.858779907
A 333.629272461 92.379013062 275.707397461
A 259.048706055 -244.360137939 451.822082520
A 101.523712158 6.528873920 159.170394897
A 424.892547607 -214.831893921 315.584289551
A 345.890228271 -7.050770760 123.232276917
A 292.059570312 -305.479797363 355.283111572
A 337.913208008 -119.062057495 484.684814453
A 175.537261963 -81.375968933 77.872779846
A 118.542694092 59.738193512 340.041961670
A 247.655990601 70.215011597 156.905975342
A 456.079620361 -76.994766235 268.141815186
A 303.838958740 -1.916973591 252.545883179
A 220.201202393 -278.096466064 413.891601562
A 136.451721191 -162.348388672 465.973266602
A 257.868103027 -312.997131348 219.825668335
A 272.687896729 32.793651581 117.680366516
A 178.267547607 -239.122604370 126.076919556
A 342.961364746 -38.728492737 462.467071533
A 83.814422607 -254.211318970 333.335815430
A 168.890655518 89.007072449 322.270721436
A 195.296707153 -288.862243652 178.429031372
A 386.171875000 -21.731492996 424.669799805
A 314.827606201 -144.846343994 81.531677246
A 208.633819580 -223.746978760 462.503692627
A 408.373687744 -143.423980713 417.570404053
A 224.803176880 -305.779327393 366.962982178
A 224.915466309 -182.969161987 483.662689209
A -13482.972656250 12374.268554688 2910.779296875
A 359.697692871 -204.799026489 130.257049561
A 390.445678711 -96.630378723 442.368316650
A 11488.266601562 5148.096191406 -26.899274826
A 316.303527832 38.343894958 406.426849365
A 33.136894226 -148.645584106 237.612274170
