533

V 7640.061035156 2294.423095703 -7231.089355469
V -3813.915283203 -2561.031005859 3835.261962891
V -2192.208007812 664.613281250 -3774.071777344
V -995.844665527 4245.882324219 -127.747489929
V 913.166564941 -194.212097168 604.060119629
V -1205.149536133 -403.614196777 312.681365967
V -7856.415039062 6462.304687500 -473.090637207
V -5329.367675781 462.990264893 -11154.929687500
V 118.979293823 -2914.513183594 -28189.675781250
V -2931.536376953 -274.299621582 395.590515137
V -49.420703888 455.790344238 -455.365173340
V 6579.030761719 -5518.914062500 -2304.443359375
V 465.488677979 18.694526672 442.349639893
V 7760.081542969 3725.559814453 5262.283203125
V -289.957977295 63.304782867 -223.178421021
V 7044.990722656 -1701.143554688 16021.469726562
V 296.233551025 -173.632873535 -1056.418945312
V 634.020080566 62.210895538 298.825958252
V 816.923889160 -2382.306640625 -9473.809570312
X 505.816497803 -229.678710938 449.021118164
V 416.536224365 9507.601562500 2599.690185547
V -2962.159179688 -58.070816040 318.875518799
V 581.142578125 -143.824264526 216.585296631
V 13589.618164062 10879.642578125 -610.526184082
V -1872.466430664 -5025.281738281 -5850.722656250
X 522.109436035 46.160053253 370.803649902
X 466.783599854 -263.551300049 317.170532227
V 10422.105468750 1223.829345703 2464.100097656
V -9127.934570312 5081.178222656 2115.061279297
V -2662.600341797 3416.529785156 -10763.040039062
V 596.721679688 -362.992889404 525.008422852
V -2954.639892578 -61.520519257 317.706481934
V -9207.704101562 -2204.635498047 1499.065795898
V 2656.391601562 -3822.869140625 2483.890869141
V -305.621948242 174.614883423 -721.414123535
V -6313.899902344 -3440.784912109 -4611.064941406
V 1763.834228516 4397.662597656 8778.023437500
V 4166.011718750 -4739.749023438 -655.462097168
V 410.925689697 -168.442810059 419.483673096
V 9837.622070312 -819.194519043 -1721.024291992
V -2835.253662109 -1128.484497070 1076.265136719
V 75.035232544 199.519302368 -393.257202148
V -2326.498291016 945.297424316 -492.347656250
V -718.827453613 -312.177124023 224.963790894
V -14920.864257812 5046.158203125 -7.311459064
V 498.846435547 -285.205413818 554.871520996
V -20542.406250000 27071.152343750 17160.441406250
V -1047.997436523 3014.987792969 -170.436309814
V -3265.029296875 7336.473632812 4574.759765625
V 11787.585937500 6347.349121094 -847.932067871
V -8127.878417969 6547.912597656 -683.486572266
V -4031.273437500 1052.968139648 -2287.038330078
V 644.313171387 -153.982681274 432.587738037
X 672.889892578 -65.513893127 200.760314941
V -731.590820312 -317.626403809 227.216339111
V 281.430297852 3612.189453125 -541.416992188
V 248.615890503 459.407806396 -325.851318359
V -3051.228027344 -3099.299804688 408.956115723
V 7415.665039062 5444.083007812 -4794.795898438
V -28763.332031250 7083.438476562 -22168.091796875
V 169.611984253 285.169158936 -287.328063965
V 441.171875000 -340.741760254 -8779.185546875
V 5011.409179688 2338.994384766 -7285.851562500
X 635.028686523 12.760277748 281.339965820
V 831.882568359 -81.335685730 464.675842285
X 444.711700439 -79.691680908 557.519836426
V 594.880371094 -434.753112793 404.732574463
V -3163.939208984 1722.105590820 1405.463623047
V 469.838134766 -86.639541626 357.701202393
V 932.599731445 -155.149230957 672.041625977
V 4646.230468750 45.559928894 -2258.307373047
V -8536.875000000 6029.725097656 1868.007568359
X 421.501800537 -9.151541710 556.278625488
V 688.726074219 -361.964111328 340.236877441
V 639.213134766 -80.355926514 359.191375732
V -600.498596191 -401.520996094 43.108226776
V -1701.931152344 -1904.062133789 3883.909912109
V -822.940246582 1881.189941406 -3638.439941406
X 455.810638428 -340.858581543 246.866302490
V 367.195129395 425.172637939 -248.982147217
Z 3270.395996094 -10390.870117188 19454.386718750
V -4606.328125000 -5173.931640625 -10284.371093750
V -5200.275390625 -4857.420410156 -5797.498046875
X 441.428558350 -273.171997070 341.551574707
V 635.754150391 -81.709365845 633.893493652
V 654.234680176 -143.355834961 416.544219971
X 383.615112305 -186.251312256 554.020935059
V 239.238388062 112.868614197 -46.072975159
V -2762.300292969 -2719.044189453 -10025.234375000
V 645.591125488 -94.118133545 162.952987671
V 1625.588134766 4111.193847656 -1300.965332031
V 667.452148438 72.655853271 353.118133545
V 20228.535156250 -6877.054687500 -22030.246093750
V -2050.824707031 1373.815063477 -463.835052490
X 642.983886719 -46.213935852 456.389373779
V 466.854064941 -178.313095093 362.944610596
V -8688.167968750 -35323.585937500 4498.225097656
V 110.542938232 -361.395050049 -423.613616943
W 518.908020020 -144.558029175 192.088378906
V -10086.728515625 2973.489990234 1724.455322266
V 782.939392090 -140.533462524 240.603454590
V 9786.750000000 -1333.484008789 7316.830078125
V -5506.131835938 11935.746093750 11726.737304688
V 58.092678070 -589.193603516 -222.859924316
X 387.696838379 -149.306686401 588.256103516
V 5209.944824219 -7090.103515625 -8315.426757812
V -4447.869628906 3913.039306641 -5547.626953125
V 576.478637695 3.779478073 514.146911621
V -35.802032471 -71.380371094 75.195777893
X 575.481628418 -90.978828430 487.985046387
V -6274.032226562 -4081.337158203 -2478.876464844
V 430.225219727 -2786.349853516 -1103.127563477
V 789.425659180 -168.856277466 544.668029785
V -1573.257934570 6172.996582031 6243.354492188
Q 528.087524414 119.181480408 340.506713867
V -6820.418945312 -1702.272216797 6723.626464844
V 295.187377930 1288.816406250 -3955.877197266
V -697.563415527 -35972.035156250 -8838.541015625
V 2537.266113281 3754.197265625 2427.465332031
V -246.300933838 4256.590332031 7935.051757812
V 228.419235229 409.586303711 -299.090637207
V 566.310180664 -238.875518799 198.983795166
V -1570.603393555 7656.183593750 8865.128906250
V 689.819580078 -202.946487427 171.717575073
V -24407.597656250 -18798.294921875 -21817.906250000
V 435.133453369 -257.400421143 350.738342285
X 469.268646240 1.639103055 443.841064453
V 980.414794922 -119.667381287 542.400207520
V 828.267089844 383.404357910 -705.972229004
V 5680.278320312 -2876.957519531 58.854137421
V 973.849792480 -331.005981445 583.568786621
X 561.169128418 -274.442321777 238.193222046
X 436.039367676 -325.796295166 436.143951416
V 873.997802734 -289.458923340 608.974121094
V 1838.462646484 336.068389893 -1323.683959961
V -2892.503906250 -15974.687500000 5111.549316406
V 654.264099121 -60.498615265 614.218994141
V 643.375671387 78.468116760 339.820617676
V 11484.994140625 -10193.175781250 -2582.583984375
X 546.846435547 -376.115112305 350.342681885
V 293.542236328 487.539306641 -339.298736572
V 689.403442383 -7.182460785 305.322662354
V 715.183166504 -269.073272705 715.513916016
V 666.852844238 -4565.287109375 2196.136962891
V 6189.494140625 -3385.545898438 -1554.678833008
V 16167.795898438 -5477.633789062 -23694.041015625
X 527.302429199 -151.024551392 274.068420410
V 352.492736816 973.740356445 -11473.066406250
V -15586.119140625 -4286.381835938 3716.151123047
V 459.832458496 -3896.417724609 3693.059082031
V -11854.707031250 -8680.181640625 -2101.261718750
V 714.720458984 -248.556259155 177.597213745
V 1734.369628906 3454.274414062 -1274.287353516
V 8308.187500000 7835.722656250 1360.946044922
V -1791.808471680 3582.127929688 4055.018554688
V -295.379913330 23.202510834 -214.707519531
X 405.620758057 -256.139312744 552.147399902
V 516.285949707 -211.924560547 551.526000977
V 425.054565430 -127.064315796 316.260559082
V 1381.088134766 148.804672241 -450.030975342
V -3749.157470703 1514.160888672 3759.217529297
V -5674.722167969 4658.166992188 -6314.634277344
V 575.149230957 3716.772949219 -818.377502441
X 550.576293945 -364.832824707 233.733901978
V 643.234252930 -317.331237793 445.883087158
V -6789.270996094 -6298.828125000 -873.850708008
V 624.829101562 -259.460418701 423.510070801
V -7.675046444 -13.518357277 -4.626396179
V -459.811981201 517.105346680 -5.453689575
X 441.542144775 18.885526657 425.543273926
V 1003.279174805 -4414.324707031 1279.944824219
X 477.626678467 31.574533463 524.182128906
V -3995.457519531 -835.745239258 -91.699539185
V 602.097717285 -323.652618408 558.784973145
V -2156.775634766 -3251.902343750 1543.438720703
X 376.464630127 -128.515945435 579.649780273
V 6268.151855469 4894.344238281 5987.468750000
V -1668.428222656 -912.648803711 4308.795410156
Q 616.369567871 63.639766693 279.907287598
V 656.464721680 -389.222625732 452.812774658
V 1357.333251953 1621.625244141 -6361.958496094
V -15.435473442 -319.754821777 -205.320678711
V 246.291275024 -2849.289794922 11.692374229
V -420.250671387 942.513916016 -720.806640625
V 606.444396973 -395.736572266 288.246307373
V 623.431213379 -283.694213867 175.892639160
Z 4711.466796875 11382.354492188 15335.541015625
V 489.742462158 4775.863281250 -385.670440674
V -8608.975585938 -5707.855957031 -5351.582519531
V 5367.754882812 -2604.653076172 -181.418426514
V 1220.520141602 -972.679443359 -3981.967529297
V -258.447357178 -41.088054657 -124.603652954
V -6591.159667969 7955.290039062 4417.940429688
V 6699.216796875 -13677.050781250 -3860.807617188
V -15826.733398438 20053.207031250 16341.844726562
V -1297.530029297 -942.021728516 457.133392334
V 1561.438232422 -1479.247680664 -3650.675292969
V -1208.795532227 8245.087890625 6934.623046875
V 635.117309570 -269.270599365 410.451629639
V -239.653320312 -1.030612826 -123.414970398
V -5218.430175781 2619.646728516 -4066.978515625
V 137.902908325 -849.882812500 -8528.632812500
V -537.722717285 2180.150390625 4017.010253906
V 672.251464844 64.945419312 316.136718750
V 699.332702637 -43.493236542 644.914428711
V -2241.159912109 3118.653320312 403.700408936
V -3146.880859375 -7874.892089844 -2251.658447266
V 677.971069336 -59.940872192 163.140701294
V 2097.014892578 1057.114868164 -6754.629394531
V 751.390991211 -114.760459900 440.575744629
X 537.621215820 -256.018249512 493.868225098
V -946.704162598 -3591.778808594 2811.417480469
V -60.484760284 43.926086426 -309.434051514
V -933.956542969 -14341.272460938 -6385.340820312
V 806.733886719 -133.398773193 352.272979736
V -2287.712158203 -3095.765869141 841.250793457
V -695.717712402 -3841.826904297 -6301.830078125
V -6873.926269531 -1559.518798828 -6718.666503906
V -1482.906616211 -104.456466675 -9284.662109375
V 580.071716309 279.657592773 -228.059921265
V -2130.079101562 -799.180969238 3432.279296875
V 10996.774414062 5702.323242188 179.338485718
X 636.424926758 -255.398834229 158.056427002
V 808.949951172 -216.833724976 562.594299316
Q 664.454589844 -298.257019043 143.705566406
X 473.434631348 -333.479919434 460.486602783
V 5131.829101562 -8703.598632812 -205.262451172
V -137.947479248 -2882.127685547 9423.945312500
V -600.548767090 -9871.849609375 2069.408447266
C -2874.513427734 15922.188476562 -37797.476562500
V -81.689506531 -22.927490234 4.325254917
X 657.770629883 -122.190002441 164.586029053
V -1342.265258789 -819.789550781 -3682.932373047
V 671.929565430 -132.692810059 702.410522461
V -800.481994629 9001.746093750 -257.409118652
V 558.747192383 -384.172973633 469.343444824
V 966.605224609 -219.880538940 675.483154297
X 433.346343994 -124.971298218 570.734619141
V -6046.110351562 1840.765014648 -5162.423339844
V 520.445190430 35.276237488 330.288208008
V 3632.539062500 -2632.517089844 1889.155639648
V 431.248168945 -89.852447510 332.989776611
X 440.992584229 -255.162673950 433.357482910
V -2582.367187500 -918.859130859 4503.592773438
X 408.942047119 -158.545654297 432.579315186
X 488.360412598 -218.251419067 450.507476807
V 9460.060546875 2380.314453125 -5196.204589844
V 640.315612793 42.956863403 256.869720459
V 1300.989746094 6489.797851562 7348.258789062
V -2121.719238281 1314.879760742 -1487.778198242
V 28270.142578125 13052.423828125 3324.097412109
V 3553.464111328 -11621.295898438 -10618.894531250
X 354.119293213 -135.134414673 568.205383301
X 557.040710449 -103.446945190 378.342620850
V 812.474731445 -4340.204101562 1932.511962891
V 2990.479980469 -3780.487304688 3628.140869141
V 745.100708008 -273.549346924 211.880172729
V 232.824768066 426.972412109 -304.669158936
V 955.532409668 -250.482818604 568.941528320
V 3354.384521484 -3356.566162109 1864.906250000
V 1138.550292969 4175.053710938 2005.520263672
V 500.761077881 515.315368652 -105.733627319
V -11245.259765625 221.412872314 7543.333984375
V 478.340942383 -211.939498901 361.997344971
V -594.459289551 -309.295623779 164.057510376
V -3157.587646484 -3582.640869141 -4591.868652344
Q 402.846496582 -16.650054932 566.478027344
V -543.322387695 -295.096771240 219.632644653
X 479.242218018 -313.515991211 294.431610107
V 453.533905029 -178.953598022 310.855163574
V 1035.093505859 3632.893066406 8473.806640625
V 2620.340332031 3990.705322266 759.327636719
V 485.042297363 -368.835937500 339.585815430
V -1283.406372070 2598.840576172 -1017.967895508
V -3779.702636719 -2065.955566406 346.272735596
Z -3641.044921875 -17576.568359375 9128.706054688
X 429.839477539 -108.759819031 587.298583984
V 416.255676270 -279.871765137 473.914611816
V -3605.825439453 -6978.738769531 -5370.551269531
V -2721.986572266 188.083847046 293.402099609
V 3262.805175781 14388.475585938 9249.078125000
V 1287.718627930 3910.561035156 9013.817382812
X 389.849761963 -264.597015381 460.833618164
V 663.191833496 -2.550996780 221.242233276
V -784.511047363 -320.387451172 236.845306396
X 327.059997559 -122.483665466 440.687683105
V 470.362548828 -129.631088257 604.766845703
V -2683.594726562 -2494.375732422 -2833.644287109
V 2487.152343750 -4465.437500000 -1106.871215820
V 12153.119140625 -966.544433594 289.648986816
V 429.026214600 -323.569519043 386.040679932
V 5463.510742188 -8724.589843750 -701.364685059
V 961.327880859 -247.144973755 602.062927246
X 605.295715332 -112.415718079 163.033721924
V 8842.626953125 -1449.769287109 7854.527343750
X 388.857391357 -395.983367920 406.275390625
V 240.184692383 472.705108643 -343.050842285
V 596.582397461 -331.825561523 537.414611816
V 2149.095947266 -360.134674072 -3971.644775391
V 574.977050781 -59.549575806 216.206405640
V -1193.150756836 -401.491607666 313.769256592
V -2889.647949219 -464.325592041 317.541320801
V -9501.553710938 -842.219360352 -2929.950927734
V 2829.726806641 -1037.487548828 -4299.331054688
V 8988.180664062 1065.265869141 5932.999023438
V -2979.762451172 -401.017059326 379.638793945
V -14590.597656250 -21252.890625000 16423.886718750
V 2712.539550781 -3817.733642578 8943.424804688
V -625.985168457 1442.403808594 -363.234039307
V 176.560104370 2964.621337891 -1630.768676758
V -5308.490722656 -12691.340820312 -9312.604492188
V -3494.268554688 5777.754394531 -4771.375488281
V 7278.720214844 -2219.337890625 7971.566894531
V -2807.732421875 -2348.040771484 1528.593261719
V -329.141174316 -144.530410767 -58.728248596
V -911.194152832 -292.588348389 183.495162964
V -59.238216400 -275.834594727 -180.186172485
V -2554.138916016 962.017333984 -53.915214539
V 1001.136840820 -215.100418091 536.421752930
V -200.213989258 -348.128173828 -456.300140381
V -105.063056946 -353.886413574 46.820705414
Q 470.508148193 -420.014862061 386.087524414
V -783.577026367 -330.857635498 247.986999512
V 390.187377930 -6330.391601562 -3112.147705078
V 896.774475098 -190.451919556 409.048797607
V -1787.728881836 -7284.187011719 -1231.393188477
V 475.972381592 -3.846978664 365.801055908
V 667.946655273 -115.851203918 373.309509277
V 904.842041016 -4373.936035156 -2572.582763672
Q 645.903076172 -357.801055908 211.517700195
V 216.413436890 4235.086425781 -8116.096679688
V -6150.719238281 -3699.843505859 -2338.447509766
V 261.863616943 3193.596679688 -3378.390136719
V -2283.882080078 -3177.328857422 -1883.806640625
V 658.340881348 -395.429260254 394.055328369
X 608.635925293 -175.054611206 142.286865234
V 500.061401367 -159.131835938 254.772903442
V 512.669982910 -756.630187988 336.544189453
V -10200.356445312 3127.927246094 1215.363159180
V 729.252441406 -14.447839737 618.664733887
V -5156.257812500 6285.155761719 3975.017333984
V 1180.032592773 1.611133933 990.511047363
V 432.399688721 -188.916915894 320.068847656
V 552.016906738 -386.965759277 343.582458496
V -4956.273925781 7036.758300781 13437.726562500
V 528.162963867 -41.933895111 592.771789551
V -10069.105468750 28200.316406250 -2564.065917969
V 627.376770020 -251.860260010 186.659133911
X 419.836273193 -174.161392212 373.628509521
V 4450.854492188 -4071.306640625 271.239044189
V 3259.619628906 -3627.443603516 -349.947631836
V 133.371353149 -1434.027099609 9575.080078125
V 647.618347168 -40.138072968 188.687591553
V -1946.352172852 317.810882568 325.210418701
V 14525.303710938 5449.638671875 -9244.217773438
V 608.595703125 -422.500091553 427.466339111
V -37.649929047 -475.570709229 -853.410644531
V 173.530456543 331.605804443 -428.137054443
V -1528.075439453 -685.319091797 272.018280029
Q 640.977172852 8.241127014 407.954742432
V -715.743469238 -330.698486328 111.346191406
V 542.381958008 -278.361572266 224.538513184
V 3359.759765625 -10363.756835938 -5635.360839844
V 1237.871337891 8186.167968750 5368.908203125
V 562.850036621 -362.157958984 255.037963867
X 573.677124023 -320.847625732 205.598373413
V 6641.303710938 3789.835449219 1025.621948242
V -783.173095703 -305.614501953 241.668777466
V 699.946289062 -26.918579102 409.686218262
V -781.071105957 -324.589691162 233.914276123
V 500.410858154 -87.392677307 337.125457764
V 3933.650878906 7106.083984375 -1090.753051758
V 683.479187012 -398.490478516 463.013427734
V 2745.281250000 2199.007080078 -1997.814941406
X 485.277160645 45.066970825 507.021697998
V 10481.117187500 -12543.014648438 -1286.080566406
V -3887.241210938 6191.620605469 -1491.452758789
X 431.029876709 -113.156112671 540.241210938
V -2737.411865234 260.802062988 -11766.312500000
V 560.945678711 73.682594299 490.309295654
V -22.388015747 -449.502227783 2.044698477
X 627.471191406 -6.852746010 458.474914551
V 2019.087036133 -6814.277832031 -5684.803710938
V -13111.467773438 10240.680664062 -14389.704101562
X 428.009826660 -205.403182983 536.945617676
V -786.197509766 -318.564483643 243.937637329
X 412.898376465 -223.227172852 491.741363525
V 577.127075195 68.910270691 364.834045410
V -709.176208496 -310.494537354 228.132614136
V 467.680908203 170.377258301 -156.519165039
Z -13739.523437500 6407.290039062 -11953.030273438
V 513.684265137 42.160747528 387.263732910
V 432.333343506 -300.164825439 379.342864990
V 469.339324951 -27.677389145 -1586.735595703
V 126.970291138 384.130462646 -303.638214111
V -9501.551757812 -3350.482421875 1523.208007812
X 595.476928711 52.522010803 370.217254639
X 667.473754883 -269.532958984 319.183380127
V 734.584167480 -5581.707519531 -6070.944824219
V -341.838073730 -2.204680681 -257.642639160
V 737.856567383 -24.456441879 438.464569092
X 351.339691162 -164.868789673 505.934692383
X 663.693786621 -197.859695435 186.816955566
V 707.086486816 -377.451568604 314.979003906
V 16960.191406250 -20636.916015625 26204.822265625
V 9067.908203125 -6540.307617188 4427.651367188
V -15048.126953125 1703.257446289 8901.356445312
V 5827.512207031 -15280.903320312 -3408.784423828
V 1928.037231445 2497.265380859 -2004.403442383
V 598.481811523 -259.004302979 435.903564453
V -3103.967773438 -2101.596435547 854.495422363
X 449.734924316 17.737686157 517.967529297
V -144.932159424 -351.599853516 398.571380615
V -4930.353515625 -4400.379882812 5150.181640625
W 465.754882812 -453.144744873 422.657287598
V 89.806953430 -66.616859436 121.864440918
V -5450.011718750 -2995.150390625 -4560.254882812
V 649.422790527 -95.909835815 503.383789062
V -13952.176757812 8763.301757812 -738.205261230
X 551.641174316 -41.288208008 242.988281250
V 679.298583984 -165.543945312 146.616256714
V 3485.612548828 -1715.744995117 -2139.867675781
V 677.998291016 -403.862457275 326.650482178
V 1583.674316406 2910.117431641 9407.183593750
V -1807.388549805 -3950.935302734 -337.396270752
V 676.367065430 -187.685791016 170.661697388
X 545.414672852 66.146301270 402.956451416
V -1062.051513672 10335.653320312 -3178.422607422
V 6872.956054688 9500.011718750 1665.277587891
V 114.335464478 35.253623962 -586.185180664
V 5312.816406250 4305.948242188 -6153.159667969
X 550.052185059 -39.223213196 234.207122803
V 14158.896484375 27606.259765625 13088.543945312
V 740.540344238 -114.185569763 190.568756104
V 538.858886719 -287.745208740 235.036712646
V 565.595153809 -4953.251953125 867.788574219
V -9620.658203125 -164.450378418 3514.851074219
V 6753.393554688 -3656.174560547 6332.777343750
V 3083.081054688 -3086.157714844 2238.116699219
V 570.897094727 -6701.659667969 5518.832031250
V 5339.791992188 9587.069335938 -2115.060058594
V -225.188720703 -21.363519669 -65.736137390
V 812.923095703 -215.224136353 357.945220947
V -699.251647949 4737.362792969 9813.434570312
V -4619.420410156 4992.247070312 10018.397460938
V 4317.261718750 -3206.013183594 -6372.473144531
V 577.403259277 -103.284950256 196.112991333
V -352.147827148 -864.177429199 -536.414550781
V 821.518127441 -210.479492188 528.886596680
V 641.900207520 57.859924316 373.243377686
V -606.441528320 -1790.061889648 -4100.853027344
V 3673.863525391 5396.064453125 2567.475341797
W 602.503417969 -386.244659424 198.800445557
V 6595.161621094 3944.319335938 -6096.800292969
V -551.772033691 -303.795684814 222.671295166
V -568.476989746 -6570.875000000 -6480.953125000
V -288.378082275 -8960.980468750 4385.938476562
V -2261.063720703 -4496.815429688 -9392.098632812
V -2326.791503906 21175.402343750 -27035.164062500
X 430.773895264 -309.364593506 483.563323975
V -8041.971679688 -13591.640625000 -726.182067871
V -3173.292480469 -435.709442139 808.452209473
V 7473.520996094 -4569.107910156 -3370.117431641
V -299.136596680 88.050338745 -261.970062256
V -1607.814819336 -3735.078125000 5090.447265625
V 17109.978515625 -1027.389648438 -4392.854980469
V 2731.831054688 3516.862060547 3209.572509766
A 412.035125732 -197.045684814 618.832946777
V 691.231567383 -341.710113525 258.958587646
V 915.599365234 -162.503433228 544.572509766
V 8286.769531250 9509.343750000 18165.083984375
V 709.566589355 -227.019638062 490.918060303
V 798.420104980 -147.497207642 531.320129395
Q 638.509033203 -264.809722900 128.460662842
V -141.626678467 -221.506744385 -51.897541046
V -1514.918701172 -2928.514160156 5374.964355469
V 441.444213867 -58.428440094 411.744018555
V -7746.682617188 7226.804687500 4810.442871094
V -2312.719238281 119.869026184 3415.833984375
V 694.882507324 -182.368179321 425.834594727
V -12123.720703125 -4608.144042969 10768.904296875
V -752.104858398 -326.266815186 237.860015869
V -751.484497070 -314.252227783 237.761856079
V -6617.685058594 495.964141846 10278.212890625
V 3578.158691406 -3059.059326172 -2792.065917969
V -793.729003906 2821.058837891 -2353.726562500
V -20573.367187500 6416.273437500 4029.344238281
V 707.013122559 -119.752746582 476.493011475
X 561.971557617 -216.893447876 143.708267212
V 3533.021484375 3567.401611328 -1001.932006836
V 5881.627929688 -669.842529297 -2524.261474609
V 8431.050781250 2984.668701172 5180.216308594
V 4938.202636719 7747.654785156 1305.062500000
V 289.819091797 -5281.314941406 -20.629215240
V 508.409606934 -195.631118774 403.318756104
X 397.025146484 -211.186813354 401.234130859
V 1328.795410156 -292.261596680 814.684143066
V -11877.833984375 10886.700195312 -3464.059570312
W 662.996337891 -134.626617432 150.309646606
V -749.535766602 1587.214843750 5026.728515625
V 3538.178466797 7573.177734375 -629.616394043
V -2994.387939453 452.856842041 988.844665527
V 9.010896683 405.706329346 -360.761688232
V 918.660827637 -179.110351562 612.234680176
X 429.785125732 -247.997116089 530.348022461
V 542.277832031 51.081127167 345.866394043
X 483.237457275 -169.183746338 228.751113892
V 231.160385132 293.748291016 -503.048309326
V 4534.581054688 -8157.808593750 -3566.788330078
V 440.799499512 3994.135986328 -2637.684082031
V -2807.172119141 -1250.211059570 567.574340820
V 7696.477050781 12540.617187500 -3845.409912109
V -755.919311523 -307.000244141 222.722595215
V -2116.750244141 -809.338195801 3711.518310547
V 538.585754395 41.297294617 443.611022949
V -1664.243896484 1341.942138672 -1400.508056641
V 682.106140137 -42.022499084 598.925537109
V 333.603149414 -333.610046387 -1517.718139648
V 825.602844238 -24.737146378 412.585296631
V -2533.582275391 9162.947265625 2030.540161133
V -445.053588867 -640.814636230 -1273.665649414
V -1130.177856445 2378.865234375 -901.348449707
V 439.363739014 -146.763412476 566.143188477
V -3129.777587891 -487.407562256 483.531372070
V 949.444091797 -214.867355347 578.234191895
X 563.958923340 56.256866455 269.224731445
V -750.276794434 -320.787414551 212.897232056
V -14690.352539062 13453.172851562 2889.593261719
X 428.446105957 -87.808044434 576.151672363
V 335.312500000 -137.589233398 114.157524109
V 16850.384765625 7739.970214844 -379.628662109
V 4812.323730469 8364.738281250 7574.195800781
V -309.264404297 -422.945587158 65.198234558
