533

I -181.308731079 -22.081626892 182.466567993
Z -344.281280518 310.403289795 520.846496582
Y 93.899040222 -188.882904053 253.835052490
Z 43.422088623 -44.541801453 -3.231832504
Y 704.671813965 -110.192344666 -342.398468018
Y 50.821777344 93.145309448 -49.342678070
X -20.064754486 32.945701599 13.927474976
I -8.012642860 0.001316673 -8.794022560
Y -1.514414072 -120.473243713 -1282.573486328
Y -240.648910522 -535.767578125 374.459472656
Y 142.975173950 -220.161346436 190.194549561
Z 94.924461365 -61.891685486 -7.290137291
L 32.454040527 -24.935668945 21.848937988
N 61.687187195 26.846521378 61.807388306
Z -274.468994141 -725.711242676 -402.787261963
I -152.129425049 53.652149200 -362.474243164
P 16.463697433 -11.091758728 -59.625888824
V -26.837718964 -30.954580307 32.847705841
M 16.392677307 -13.922373772 -46.473762512
I 85.593307495 96.196228027 50.704166412
X 5.105639935 105.648345947 44.343044281
Z 13.382322311 -4.399027348 27.856210709
Y 74.458511353 152.021697998 -105.914779663
Y -309.186645508 -265.188629150 27.080266953
Y -15.638544083 -210.593017578 -189.171432495
W -10.759951591 69.853050232 136.484680176
I 119.255149841 -231.627273560 663.975830078
Y 39.745456696 1.700846314 22.389209747
K 230.283050537 -175.007858276 -79.038925171
F -18.400407791 24.664487839 -47.340141296
Z 13.882121086 -5.834616184 11.706439972
G 42.793674469 2.147895575 47.024032593
A 2.623250484 -2.743476391 17.224615097
Y 72.230293274 -97.240592957 114.557365417
Y -61.154602051 47.489200592 -37.922252655
I 262.652801514 -34.992862701 54.754692078
I 45.248840332 -57.421607971 -162.958480835
Z 33.485889435 5.030809402 36.701705933
W -30.893991470 1.039236307 6.539074421
M 90.358894348 -2.760724306 3.878765106
Y -398.432586670 -324.595092773 -100.648483276
I 75.226142883 -94.953102112 141.024002075
Z 6.553885937 -36.377418518 -54.109699249
Y 207.958938599 -9.673577309 -11.045598030
I -1004.579223633 278.919006348 -17.700965881
N 68.630088806 16.795553207 30.791965485
I -901.434631348 1200.199584961 758.865295410
Y 92.742736816 865.352294922 161.172500610
M 2.969548225 23.561370850 30.604862213
I -343.168060303 -185.644729614 32.658515930
C -117.812370300 157.892654419 45.972183228
Z -26.807788849 13.974832535 -18.386478424
Y -28.804582596 -282.014251709 -26.991855621
I 79.985351562 -134.063049316 109.743881226
Y -56.654235840 324.485443115 61.027076721
Y 231.658325195 13.066632271 -229.037765503
Y 64.677467346 81.383209229 2.474435806
D 23.702814102 -13.241249084 43.257244110
Z -201.275131226 -130.687026978 170.730789185
Y -1301.782470703 351.747314453 -1043.878417969
I -8.655408859 -123.276123047 243.235610962
V 117.223739624 38.022785187 -184.871231079
W 53.583576202 29.344892502 -41.100910187
I -22.484962463 -223.703811646 -268.057983398
Z -61.815761566 11.999941826 13.766656876
Y 325.843688965 -554.330505371 171.877716064
X 7.213788033 88.116706848 52.047359467
Y 14.008625031 75.990379333 -55.096145630
I 28.890436172 32.334331512 38.470619202
Z 58.231689453 85.960098267 9.734883308
X 0.308556259 -3.915199995 33.743728638
W -126.435562134 -5.273482800 36.427745819
I 155.347839355 -104.703536987 -125.111518860
D 74.924049377 70.395759583 -44.091266632
Y -173.223892212 -110.037521362 209.934402466
Y -244.368927002 -152.302597046 173.424865723
E 3.060011148 26.514091492 -6.143213272
Z -83.739646912 11.094594002 183.229965210
I 306.116882324 -120.633216858 -246.970169067
I 136.576477051 165.871276855 1.484057307
Z 179.702056885 -544.010925293 998.229309082
I -23.868122101 -33.411003113 -35.075225830
N 6.719659805 -9.567893028 7.478916168
I -637.405212402 340.788024902 -565.612365723
P -21.934909821 64.072174072 0.030555744
E -289.925201416 121.058296204 37.275012970
I 246.222381592 130.319549561 150.480651855
I -25.003875732 188.984985352 -10.029520988
I -11.468095779 -2.750601530 -36.088726044
R 68.249458313 -13.687169075 25.580259323
Y 16.188003540 88.226097107 3.293542624
S -60.577106476 12.336314201 -139.105651855
I 886.740783691 -295.449554443 -986.142578125
V 40.889434814 0.755941510 14.909925461
X -66.644752502 -81.556900024 -50.600978851
I 304.798706055 30.219522476 -161.760086060
I -374.839172363 -1467.710327148 188.400909424
I -20.977369308 28.890600204 185.107437134
I -246.664794922 -241.736114502 -86.892906189
I -92.876243591 34.975574493 33.286773682
L 1.718227506 -13.341146469 65.179039001
V -122.239738464 71.885719299 -54.746208191
Z -25.720531464 62.563915253 81.663459778
I 136.576614380 -194.499145508 -100.370841980
I 63.787624359 -200.947341919 112.841720581
D 31.690139771 -18.458229065 -3.663845062
I 173.007446289 -146.786575317 155.040130615
X -6.271842003 4.622904778 -5.913840294
Y 126.070869446 103.843269348 802.408813477
Y -42.598270416 -242.006011963 -25.523902893
I 225.783462524 162.671936035 -61.799583435
Y -84.740036011 -52.750518799 297.897430420
Z 8.957865715 -9.746519089 31.471754074
I 7.057926178 72.335853577 105.432754517
I 160.433532715 135.203598022 -135.637222290
G -32.970153809 -11.546361923 67.359390259
I -384.452301025 -210.601928711 -402.796752930
I -44.148120880 -1492.926025391 -374.659027100
Y -8.570271492 -192.090377808 -50.384368896
M 1.633789539 -53.844829559 -153.030029297
I -20.403730392 27.457300186 -59.188804626
F 3.589095592 -21.726478577 -149.168380737
O 132.315734863 -207.765747070 -185.297500610
I 142.504241943 11.782568932 90.181724548
I -1063.986083984 -832.681884766 -969.802246094
N 31.642616272 5.944884300 32.327545166
I -231.853530884 109.362968445 -184.931854248
D 598.324707031 -129.927459717 -285.509094238
Y -185.994430542 137.943405151 92.000396729
Y 587.082885742 -129.697204590 217.215316772
I 168.834976196 -314.968109131 -37.975578308
I -32.989372253 -121.612731934 -37.416294098
I -133.421920776 -60.783035278 -522.911865234
X 7.380987644 29.670274734 33.244480133
I 126.746109009 -181.440155029 -259.393829346
I 81.830017090 418.105468750 -116.097679138
Y 170.436492920 -132.656860352 73.231460571
T -19.561367035 39.026615143 -39.326843262
Y -332.675445557 324.239624023 92.805999756
I -13.957404137 -120.350662231 -64.855072021
I -74.977668762 348.971130371 -132.108078003
X 22.599491119 22.438360214 26.157600403
P 81.625564575 -120.875045776 173.931152344
Z 49.008251190 -69.474800110 49.103698730
Z -52.954776764 35.339504242 32.350543976
Y 696.347900391 -217.469833374 -1058.904174805
I -3.012360811 -85.542663574 -160.256988525
W 6.642936707 14.303634644 -81.283599854
I 426.376586914 127.633270264 -74.731544495
Z 41.582401276 15.340934753 28.563846588
D 115.673851013 263.795806885 102.230468750
K 296.627593994 -17.337783813 -22.036458969
Z 21.975992203 32.240440369 82.109230042
K 2.964319468 -151.800216675 36.678890228
Z 58.789966583 -96.375068665 25.295837402
Z 9.560378075 21.222906113 5.322531223
I -218.759552002 -209.843704224 34.862384796
Y 83.550445557 2.049578190 8.794533730
V 241.176010132 -0.265432358 110.950759888
I 67.166854858 47.649921417 -277.825164795
Z -11.844407082 12.444500923 -23.118675232
Z 162.857345581 -160.764495850 178.902847290
Y -50.666374207 504.417999268 74.887947083
C 14.582123756 -39.039264679 130.917709351
V 129.051666260 118.115501404 287.374084473
Z 222.431030273 207.671234131 60.842185974
I -25.353412628 -123.410209656 19.513481140
Z -80.440284729 57.438194275 -12.724285126
I -151.513442993 252.040847778 138.985214233
D 27.628221512 -11.517139435 -64.772384644
Z -156.250000000 -49.969432831 -44.655204773
I 354.093505859 78.489593506 196.324661255
E 32.097927094 -11.448760986 15.072005272
Y -2.062437296 39.174423218 13.886059761
E 57.505859375 112.040229797 78.844551086
I -215.296661377 38.832931519 236.396438599
C 46.529338837 31.953708649 62.810062408
Y 205.348831177 488.828186035 -418.461090088
I -100.748802185 56.416923523 -11.135368347
P 15.759450912 2.580049992 32.898700714
I -77.257705688 -27.563680649 321.843963623
I 59.897594452 -38.440036774 175.831481934
Y 3.389796734 36.188003540 -126.466590881
Y 227.284927368 115.454277039 74.983039856
E -8.586598396 7.351164341 31.836496353
Y -275.879943848 -148.863311768 214.668228149
Y -103.816581726 -272.328308105 -358.741424561
E -6.037146568 15.889559746 44.326320648
I 149.591339111 50.024150848 105.346145630
Y -262.949523926 446.482543945 231.641082764
Y -434.018554688 60.927379608 395.619445801
Z -62.489326477 -77.369834900 -44.269134521
W -108.282516479 44.320457458 68.859802246
Y 440.737121582 -910.795410156 -252.696441650
I -693.993469238 883.192321777 716.230712891
I 247.611434937 53.590484619 462.020965576
V 3.118989229 28.108121872 71.594940186
V 1.379335403 65.088615417 80.071968079
Z 26.039592743 57.841114044 -7.157553196
Y 606.652709961 -332.617980957 -602.298461914
Z -47.010902405 -86.245468140 5.377266407
V -4.556364059 -18.283128738 -90.351585388
Y 45.924381256 29.008964539 123.180473328
G 53.206295013 33.338169098 -156.873703003
X -29.535957336 8.841230392 107.672271729
Y 147.552429199 -341.316436768 164.694335938
I 12.720402718 -15.319478989 13.207951546
Y -107.861091614 211.329116821 197.365875244
I 40.912902832 16.276960373 -36.102958679
P 33.823997498 44.203281403 83.595458984
I 71.421493530 263.522613525 264.222229004
Z -27.238216400 -42.253887177 -15.496564865
I -198.260070801 -33.036437988 -206.160171509
I 31.516220093 390.406738281 192.569656372
Y 1.953349710 -7.465988159 27.082435608
Z -10.194518089 -71.604606628 35.932811737
I -28.162397385 -80.916885376 -60.921550751
F -42.376411438 -10.123305321 -33.382419586
I -16.541528702 12.728862762 -196.869781494
I 211.735015869 162.229827881 -136.408859253
Y 136.506652832 64.341918945 -239.078750610
N 245.546875000 42.706790924 7.147610188
C 28.172821045 -22.914787292 -7.313014984
Y -54.290920258 94.243949890 -180.810958862
I 235.800979614 345.221679688 106.545074463
I 92.105392456 170.182434082 -258.802001953
I -97.409004211 223.618148804 10.920825958
U 14.742533684 2.816038132 33.488475800
O 154.777130127 30.727756500 75.147621155
I -140.212570190 705.082458496 -1657.687744141
Z -436.241027832 860.115966797 48.072200775
M 125.465026855 86.971473694 208.033111572
Y 36.089653015 180.967834473 224.028930664
E 111.484603882 1.983832479 157.154708862
I -37.721363068 253.482482910 50.197689056
V 96.816345215 39.492465973 37.912475586
Z 17.544046402 -31.189180374 -2.049718618
I 184.877883911 109.586822510 114.344390869
F -86.744552612 -17.625093460 -63.022861481
M -99.403388977 -154.530532837 -2.742139816
Z -277.374389648 123.726142883 -79.046203613
J -927.637268066 101.301856995 -1.994954348
Y 176.782958984 -138.473083496 32.183528900
D -177.843841553 -86.398094177 192.159759521
J 92.591041565 242.799728394 58.958633423
Y -72.625694275 7.224351883 -190.095092773
I 111.311813354 43.972743988 -40.539527893
P 4.183438301 10.057754517 27.861717224
F 67.518470764 -112.397994995 -99.311225891
Z -42.593955994 26.063354492 73.092590332
Y 1302.004028320 615.546142578 164.132293701
Y -94.820945740 320.673339844 320.098541260
I 357.900939941 -458.344787598 -703.710327148
I -242.115463257 -34.088977814 -44.674633026
Z 20.130569458 41.824897766 30.065216064
D 86.715438843 -85.127815247 12.835618019
B 14.350102425 -1.687605262 -50.591884613
A 12.686546326 -18.242698669 38.804172516
Z 1.620591164 -563.574157715 -31.086904526
D 266.354553223 -463.028839111 172.445770264
Y 241.888381958 -100.361160278 91.651519775
I 164.479232788 -32.699275970 -39.916797638
Y 403.933013916 5.809846878 -277.513641357
I -84.813491821 -6.553850174 -16.269811630
U -52.807743073 -58.075096130 12.133156776
Z 104.250862122 86.187675476 135.490127563
I -89.092941284 -631.527038574 164.266433716
Y -15.040117264 23.802736282 167.947799683
V 64.332717896 -98.472351074 23.167598724
W -4.941914082 146.539077759 -80.797401428
V 15.493933678 5.438267708 26.302328110
Z -20.685190201 8.634773254 32.602436066
Y -40.476287842 -26.418104172 3.970706701
Z 25.809091568 -4.881070614 17.569787979
D -482.540374756 -367.287261963 -219.014755249
Z 86.526657104 387.001037598 -183.390243530
I 47.441741943 111.620986938 53.894432068
Y 141.687881470 123.906684875 95.676506042
O -23.034313202 -54.987190247 -20.224002838
Z -10.840536118 -12.589038849 -27.408544540
Y -61.721900940 -352.508850098 -218.195312500
I 59.878486633 -60.851589203 -134.556137085
I 86.363128662 -15.683424950 87.823287964
J -37.355091095 1.624523044 -77.743942261
I 185.181030273 200.289611816 35.823642731
I -18.093725204 35.420135498 -115.765113831
Y 69.835029602 -28.852815628 62.398315430
Z -5.358579159 -96.386657715 19.120449066
P 191.489471436 125.349815369 -88.084953308
Y -476.861999512 57.259971619 -10.403473854
M -5.273121357 -48.555194855 15.740278244
A 61.576324463 -92.055145264 2.767100096
Z 58.682979584 -29.473306656 35.425521851
I -97.979530334 -128.211074829 -746.507751465
Y 92.674339294 -18.997257233 71.312965393
I -60.504486084 -226.108779907 -104.168067932
I -21.248350143 -122.842864990 138.890518188
V 87.655982971 -122.862823486 -108.973281860
Z 71.108329773 -44.989200592 -70.976768494
M 107.077789307 90.882316589 -43.184032440
I -113.112777710 -24.411031723 47.009765625
Y -237.149414062 -118.801101685 26.567289352
Z -793.136718750 -90.517890930 -177.618988037
Y -95.644058228 49.668712616 253.523803711
I 42.106021881 1.962751985 35.000953674
D 24.116933823 -31.047214508 45.331165314
I -655.782836914 -956.187072754 736.503234863
A 20.949230194 2.169445038 26.610742569
G 17.463834763 0.518915236 24.370912552
Z -23.780271530 15.936854362 141.169296265
Y 160.666107178 340.683319092 288.017547607
E -86.074455261 214.349304199 -58.545509338
M 25.338996887 0.889183640 25.625883102
Z 232.735031128 89.555847168 -61.862312317
Z 67.365013123 43.262290955 72.568817139
I -36.119609833 -75.769027710 2.564873457
E 85.353744507 -158.702056885 50.082820892
Y -204.740982056 4.950546741 -65.207115173
Z -9.968211174 43.534610748 -29.777004242
I -176.691177368 24.728530884 -295.936218262
I 129.816375732 73.743759155 -44.904773712
I 50.075653076 -0.023590827 -38.088665009
I -94.260269165 -367.287933350 -98.042732239
D -54.617366791 59.051998138 -184.772811890
V -79.332450867 -66.546051025 63.523097992
I 150.210754395 -30.253402710 -56.542526245
Y 49.716892242 64.047821045 145.000732422
D 13.462480545 -3.773220062 52.332809448
Z 27.143295288 41.834648132 10.538104057
I -53.098171234 526.328247070 -415.258453369
F 44.590641022 70.086608887 -94.163391113
I -214.402359009 -167.516754150 -27.486383438
Z 15.778707504 -28.590757370 55.719432831
Z 2.572585106 -52.557521820 28.915969849
J 30.340429306 -49.414707184 12.357819557
Y -3.729803324 23.546953201 32.066463470
I 56.918712616 -16.543272018 -134.917678833
Z 42.580024719 35.349327087 -14.164250374
I -455.073455811 178.280334473 138.870269775
P 103.866104126 62.034347534 -41.288982391
I -1.489908814 51.865898132 51.986038208
Y -29.173593521 -13.755402565 3.647140503
M 5.927180290 -9.024785042 4.012365818
P -144.535858154 81.400138855 2.821173906
O -296.018798828 422.131408691 918.049133301
J -74.876548767 -73.370643616 -22.215427399
I -435.657226562 1233.323120117 -138.547485352
I -60.076385498 191.860275269 -29.051364899
Y 227.325653076 -631.410461426 -690.694641113
Z -264.592285156 706.194335938 122.775810242
Y -38.174243927 61.156890869 53.127727509
I 20.375684738 -23.602136612 231.818481445
Y 447.579193115 -59.148929596 -837.908325195
I 3.252406836 3.556929350 -24.316772461
Z -334.286437988 -120.579528809 259.685974121
D -109.678024292 -131.300338745 -63.689632416
I -58.099658966 82.007575989 152.113571167
M -62.663406372 -82.721397400 163.376190186
I -193.695022583 -327.807159424 43.094669342
Y -158.751281738 305.010864258 -782.277282715
L -55.983528137 -39.290981293 67.126457214
Y 31.274282455 -25.913818359 25.082426071
W 27.816839218 -60.945804596 -13.293825150
G 12.482527733 97.309478760 81.402496338
L 30.400926590 30.383563995 8.639410019
I -833.135681152 -137.091217041 177.004287720
E 40.118080139 21.126131058 36.871223450
I 347.202239990 -162.057464600 939.858032227
Y -399.275726318 281.451049805 344.887023926
Y -273.750427246 391.607513428 -220.001968384
Y 28.527126312 -141.161376953 -213.346771240
I -55.656467438 -148.906707764 -8.788182259
E 20.069282532 -28.909471512 10.516776085
Y -2.507421732 -9.309646606 -5.540991306
I 462.149993896 482.005676270 -658.969421387
Y -256.378356934 324.465484619 48.349529266
I 431.861602783 -662.248901367 -60.248725891
Y -202.916763306 -137.725097656 -142.948547363
I 82.636390686 -7.648043633 237.260330200
E 10.138112068 -16.158899307 33.120185852
I 192.099838257 126.085464478 88.823188782
I 42.897693634 36.211380005 10.124803543
W 22.129526138 -29.601015091 -7.332139969
I -652.435180664 496.764160156 -789.976501465
I 69.516235352 -276.712341309 -54.304416656
I 338.435577393 -74.092384338 -52.884113312
M -15.806645393 91.203247070 -105.058937073
X 17.552299500 -103.612510681 60.950584412
I 198.800277710 140.555526733 -72.866744995
M 164.018524170 120.081298828 -76.175842285
Y -745.570861816 297.907226562 -683.919006348
Y 115.459251404 141.909179688 184.561782837
W 105.969581604 49.215782166 45.351043701
V 56.268592834 -20.111331940 -63.356819153
Y 9.171148300 28.749452591 -243.833572388
S -85.733947754 -48.360355377 18.355598450
I 143.674179077 -28.664426804 257.076660156
X 82.408035278 42.709465027 -65.063156128
I 114.271980286 -202.205291748 -113.211883545
Y 85.094177246 -13.310903549 71.331069946
Z 14.784406662 -32.471931458 28.938333511
I -20.841743469 -108.268592834 66.498031616
I -245.398498535 -197.282806396 84.248962402
E 11.936236382 64.910415649 76.359497070
Y 718.153015137 -886.288513184 1134.349975586
C 82.443267822 5.322496414 101.075965881
Y 410.362274170 -41.441215515 -223.467422485
Z -133.248123169 389.194946289 97.800102234
D -70.662086487 -69.414199829 44.425567627
Y 202.026977539 47.052726746 9.296916962
Y 2.903234720 -177.476531982 197.128021240
I -267.546722412 109.813858032 -13.155267715
Y 172.030792236 -206.289016724 117.619476318
I -28.604192734 -34.031311035 61.910724640
I 52.565238953 1.810630679 -162.703567505
Y -125.782028198 186.371826172 128.973693848
A -39.007850647 -16.763818741 -26.030551910
E 10.361927986 -36.629852295 214.468460083
Z 374.982849121 -227.500289917 43.450809479
I 190.837921143 -22.969186783 100.589347839
I 83.745147705 37.416099548 25.238437653
Y -123.419853210 191.574462891 115.520156860
T -36.608985901 -62.147968292 17.124874115
X 11.813913345 42.250713348 148.446456909
Y 217.299407959 209.138977051 -10.078579903
I -124.497261047 54.229064941 -233.884490967
I -62.013317108 -376.404327393 -11.436283112
I 72.800727844 -171.761093140 29.448356628
I -94.162521362 -169.364257812 -15.115491867
I -2.798394680 66.910720825 295.256134033
I 33.190917969 19.059123993 -9.693108559
C 51.280017853 15.204558372 52.055873871
I 749.711303711 1458.512451172 677.452697754
N -50.407630920 -46.656242371 129.646072388
X -64.820610046 -6.610442162 -60.763729095
G -21.094549179 19.623867035 41.102031708
C -93.308403015 -5.798223972 48.724193573
M -112.847618103 117.264556885 -148.389801025
Y 752.733764648 -565.821777344 -11.601758003
I 43.528549194 -241.042938232 310.268890381
M 32.543346405 48.434017181 8.102474213
Z -22.117622375 -9.266003609 2.333001137
V -49.517158508 -18.976116180 -42.090686798
I -5.772645473 46.586421967 112.752456665
M -4.861318111 21.415798187 53.840835571
D 65.099563599 -56.797676086 -80.471290588
I 130.140960693 28.075613022 232.863616943
I 15.865109444 -280.492919922 -104.930221558
Z 44.810745239 -71.980354309 -164.505126953
Y -51.544979095 -242.376663208 -54.271595001
G -10.551506996 10.171584129 61.660015106
I -234.476364136 80.848022461 34.798709869
I -69.029998779 -16.432521820 -4.411237240
O 87.599792480 53.469886780 -35.606842041
I -9.305173874 -53.932498932 67.816757202
I 18.614149094 -19.802988052 -4.176073074
I 18.253170013 -6.526997089 19.425338745
I -17.764970779 -41.843429565 -46.782611847
I -123.186729431 1079.838867188 -1385.107666016
I -269.761169434 -18.779014587 -44.936161041
I 237.566452026 416.004516602 42.324653625
Y 6.962214470 -58.778949738 -29.907730103
U 113.839218140 -47.633636475 -34.040695190
Z 149.207504272 123.538635254 -87.439735413
V 6.853341103 -9.845772743 35.400299072
Y -395.106750488 44.219318390 133.861923218
Z -385.166839600 -644.267761230 -671.175109863
U -133.401123047 15.715716362 35.131393433
O 18.322452545 116.509613037 -100.676673889
Y 110.522171021 304.275512695 161.509567261
Y 454.889923096 479.675964355 954.427062988
Z 138.146575928 25.966598511 -32.377746582
Y 356.287353516 -466.027282715 341.344970703
I -14.102554321 18.637775421 16.963005066
I -96.400001526 -19.078769684 130.792236328
W 14.170721054 1.603364587 27.161323547
I 97.259742737 -179.076095581 -36.914440155
V -23.426523209 31.086460114 30.740793228
Y 16.081836700 14.623176575 23.367872238
X -49.468555450 127.958343506 0.905352533
I 316.731658936 131.197814941 -274.274078369
I -341.563964844 -290.403167725 801.514648438
I -169.738006592 826.093627930 -379.685943604
C 9.321276665 3.999430418 29.939464569
Z -38.012119293 107.457656860 138.119674683
Y 11.297667503 80.042167664 230.185470581
I -1072.290893555 316.012359619 207.485794067
P -6.523653507 -23.912235260 -5.096997738
I 392.885864258 90.275131226 -69.194900513
Z 91.178535461 19.673170090 45.299751282
Z 40.953155518 -24.357513428 68.428291321
I -139.820953369 -8.593886375 -54.032154083
I -396.656524658 -383.509918213 -132.363647461
Z 41.648845673 328.990509033 231.910247803
Y -120.324516296 -343.713623047 373.862030029
I 240.156692505 44.976577759 102.524581909
Z 93.277801514 42.763149261 17.026441574
Y 324.974487305 -291.419616699 114.262390137
I 15.008272171 4.263011932 38.540805817
Z -74.807579041 29.226917267 -215.696884155
I -79.398468018 -198.380157471 45.138759613
E 54.924800873 62.795188904 11.913782120
I 33.720474243 149.523223877 -180.364624023
Z 0.114295214 37.480701447 31.814529419
I -2.006349325 111.237304688 108.719421387
P -5.731429100 12.303034782 7.065024853
O 180.739624023 -61.784168243 -258.002899170
I -10.674344063 -135.037948608 286.684997559
I 53.777416229 -60.387443542 -11.824281693
Y 133.654647827 -311.645416260 392.091064453
Y 305.921051025 104.891166687 19.366437912
O -188.577270508 -348.540893555 127.473037720
I 337.380767822 -78.220642090 4.074876308
Y 60.949569702 244.281890869 -106.644157410
G 25.096746445 -29.883058548 7.745841980
Y -406.024963379 -70.010520935 -695.952392578
E -4.099020958 -4.265213966 -19.446784973
Y -32.770721436 256.141448975 -280.504730225
D 138.620452881 129.358825684 -2.999988317
X 2.876633644 32.077686310 25.498144150
Y -1.035078287 -59.481800079 -112.271682739
G -26.502693176 -25.095991135 87.116851807
W 93.221748352 -62.968124390 10.827075958
Z 24.436529160 -60.062847137 102.988822937
G 78.303985596 -10.746649742 58.639595032
I -386.408935547 -90.091415405 -45.079563141
M 7.247316837 -149.865814209 -21.249195099
Y -787.219970703 736.161010742 180.571212769
I 195.403274536 -115.943046570 127.401153564
Z 242.816238403 -182.507736206 78.759498596
Z -382.768798828 -170.218963623 19.223379135
Y 99.848144531 79.921310425 98.759658813
I 175.051574707 -195.083419800 -50.927593231
