533

A 315.082946777 -44.483772278 113.717926025
A 85.813781738 -156.725433350 339.239227295
A 277.061706543 -120.659934998 369.284118652
A 227.374435425 -249.841430664 230.530197144
A 348.980010986 -35.298419952 268.622039795
A 362.247009277 -81.914474487 241.348129272
A 260.860961914 -182.775787354 259.579223633
A 256.147583008 -92.188812256 367.771759033
A 275.798553467 -4141.914062500 -39502.664062500
A 359.108886719 -115.170822144 219.534164429
A 98.133552551 1.014591455 105.014694214
A 263.400299072 -65.347091675 327.263977051
A 258.781524658 -232.539596558 180.414535522
A 324.104980469 -23.850679398 313.250457764
A 57.010658264 -40.148410797 126.488410950
A 2716.874755859 -625.658813477 5994.770019531
A 212.386627197 -110.863197327 391.217864990
A 155.125854492 -231.109024048 302.854461670
A 80.359809875 -143.393020630 234.353576660
A 262.136810303 19.235582352 108.006668091
A 192.074508667 79.126579285 271.991546631
A 356.055541992 -113.880638123 248.886230469
A 181.496627808 -114.341758728 393.414703369
A 4947.342773438 3732.594970703 4.001779556
A 247.114456177 28.554513931 339.172058105
A 253.002502441 -243.289703369 250.137771606
A 280.878417969 -6.374512672 347.814514160
A 356.231262207 -58.126174927 265.571319580
A 338.465423584 -160.788513184 196.092056274
A 157.327529907 -44.485218048 81.565994263
A 174.215301514 73.600914001 156.478820801
A 354.313323975 -85.364349365 272.373199463
A 355.742248535 -48.294372559 193.224304199
A 263.427764893 -220.267791748 297.021667480
A 335.014404297 -160.560760498 271.406555176
A 71.423683167 -155.641845703 123.204772949
A 208.479766846 -3.242960453 373.864044189
A 83.762596130 46.511199951 240.424636841
A 352.634277344 -108.451774597 173.227005005
A 27.070520401 -86.866523743 259.758575439
A 313.580596924 -118.708450317 110.829795837
A 101.546531677 -83.509399414 76.650238037
A 120.178306580 12.691504478 99.183189392
A 232.330291748 -209.124481201 334.176971436
A -924.016662598 310.275299072 233.449432373
A 245.623626709 -12.414668083 79.766616821
A -38059.839843750 50286.738281250 31961.619140625
A 169.339035034 76.674163818 267.382202148
A 120.534088135 44.571060181 311.839569092
A 116.799087524 -128.900024414 230.920089722
A 53.302501678 17.367595673 218.387710571
A 41.246971130 -49.145889282 147.541656494
A 75.705871582 -122.443672180 99.548042297
A 106.805931091 -173.158401489 343.720855713
A 207.575103760 82.767074585 252.696060181
A 172.009155273 -250.934692383 262.243652344
A 122.594856262 41.570728302 130.321182251
A 76.336868286 -211.663833618 235.927124023
A 63.360836029 -174.807418823 294.845123291
A -52329.386718750 12905.143554688 -40350.023437500
A 97.807250977 -59.435062408 81.339317322
A 191.365676880 -79.983108521 395.713134766
A 101.310287476 -144.126846313 354.992126465
A 143.467041016 -217.213409424 320.547332764
A 60.272697449 -197.760131836 219.991027832
A 267.824432373 -180.129013062 105.809432983
A 206.368057251 87.157150269 231.300765991
A 303.969573975 -209.724685669 195.636291504
A 310.743652344 -197.972106934 259.054626465
A 348.077911377 -148.902740479 224.183303833
A 346.642852783 -68.477890015 152.331405640
A 312.207824707 -138.933197021 177.172363281
A 296.106842041 -188.959381104 141.233734131
A 73.165817261 33.011657715 265.163543701
A 84.608123779 -205.654846191 287.883178711
A 46.326900482 -128.481231689 141.375259399
A 268.367553711 -30.963018417 82.753326416
A 225.670654297 -159.860610962 373.761871338
A 271.617675781 16.223945618 337.577636719
A 170.626953125 11.752976418 81.115493774
A 3223.953369141 -9870.612304688 18557.304687500
A 254.780502319 -10.025577545 363.798950195
A 110.770919800 -185.323654175 112.507705688
A 298.853027344 32.964107513 286.941864014
A 158.805252075 -131.288375854 62.072616577
A 39.805908203 -139.819869995 288.406951904
A 334.337890625 -70.057571411 130.445541382
A 196.320327759 -204.934631348 343.868682861
A 240.746353149 -34.852130890 381.226287842
A 149.200302124 -161.347900391 371.579803467
A 103.376510620 -191.875381470 325.249542236
A 129.125061035 -242.146331787 226.243103027
A 31095.021484375 -10600.258789062 -33777.054687500
A 335.517181396 -111.338378906 310.093933105
A 109.018554688 -212.962966919 149.104934692
A 348.852508545 -122.643608093 272.640319824
A -15610.946289062 -63987.011718750 8178.446777344
A 112.025886536 -121.111541748 75.133018494
A 248.346084595 -150.074615479 372.644531250
A 349.078796387 -133.882431030 183.361389160
A 57.284496307 -95.649169922 331.459686279
A 52.060829163 -69.729644775 129.001342773
A -2084.562988281 4796.167968750 4949.038574219
A 90.834426880 -171.326721191 115.541305542
A 299.561126709 -108.240287781 96.724746704
A 124.814552307 18.315694809 329.967346191
A 278.365203857 -175.607818604 337.594329834
A 176.289566040 -221.121490479 121.644889832
A 58.884029388 -72.566032410 109.947654724
A 172.766418457 -189.896591187 92.023605347
A 36.850757599 -152.535842896 186.442337036
A 284.159179688 -214.221603394 165.483093262
A 44.153953552 -18.452142715 161.724334717
A 230.561752319 -211.009872437 115.349731445
A 181.473602295 -256.068908691 197.933456421
A 315.609344482 -72.533126831 109.127723694
A 166.887649536 -41.883136749 58.468471527
A -1204.780883789 -65711.523437500 -16040.626953125
A 125.864410400 -214.027572632 133.834060669
A 219.616027832 -131.228820801 81.892601013
A 119.532730103 -11.106571198 85.779388428
A 185.891906738 -53.864841461 392.143585205
A 217.280639648 -183.786895752 113.662666321
A 65.422966003 -64.258583069 340.718353271
A -45058.992187500 -34831.167968750 -40326.187500000
A 340.265167236 -14.149807930 272.629852295
A 285.148895264 -220.892517090 187.818191528
A 275.429718018 -149.151809692 357.315979004
A 19.124706268 -78.757354736 238.222869873
A 37.857601166 -9.224123001 221.702636719
A 261.647491455 -63.376171112 378.959960938
A 173.832992554 -6.289075375 375.067535400
A 301.127716064 38.502639771 181.909561157
A 245.420761108 51.638534546 133.943695068
A 301.687225342 -67.382263184 94.833686829
A -662.493286133 -4688.029785156 1640.949707031
A 167.423385620 -157.180374146 67.835197449
A 154.240585327 -245.461227417 273.014923096
A 741.512390137 -597.325622559 85.402519226
A 233.902069092 73.586578369 266.227111816
A 139.584457397 50.409282684 128.882186890
A 89.580612183 -193.618865967 306.055114746
A 231.847442627 -64.698028564 57.126914978
A 208.853530884 -243.900268555 290.919586182
A 34.712997437 -19.899600983 245.368179321
A 23657.414062500 -8049.462402344 -34378.535156250
A 229.091842651 -127.748107910 385.235168457
A 210.001358032 -111.889259338 212.188262939
A -3211.558837891 -956.673828125 1022.716369629
A 188.089584351 30.905828476 98.249122620
A 72.076301575 -169.976501465 202.219543457
A 63.627109528 -38.772476196 332.998229980
A 242.454849243 64.244041443 159.022628784
A 75.351821899 -205.286682129 202.397323608
A 122.684669495 24.513010025 338.727508545
A 52.440704346 8.567378044 181.398391724
A 317.019653320 -24.842060089 127.952873230
A 170.929260254 -81.821876526 50.247196198
A 307.633117676 -167.637374878 317.012329102
A 32.164421082 -102.903526306 289.425170898
A 56.998470306 -144.109130859 137.946533203
A 67.566398621 -20.241991043 134.637802124
A 201.633483887 84.370384216 189.249618530
A 224.397583008 46.554050446 328.957244873
A 108.380638123 52.188449860 163.845123291
A 66.580352783 -198.018569946 187.238510132
A 58.986679077 20.500879288 196.566329956
A 51.418670654 -181.247863770 246.481018066
A 78.104965210 42.053371429 205.488357544
A 291.596282959 -220.546997070 232.461288452
A 150.007232666 72.483482361 171.933242798
A 264.098144531 -217.417602539 144.205123901
A 25.545545578 -122.569625854 211.016967773
A 207.207138062 10.331173897 80.744667053
A 288.532348633 56.002666473 209.040420532
A 304.680175781 -142.883377075 111.913505554
A 302.264465332 2.790258408 319.161651611
A 253.649017334 -50.047225952 68.704879761
A 130.431060791 -237.294769287 272.142211914
A 137.476608276 76.455337524 216.790893555
A 234.885681152 -35.694778442 68.096549988
A 33.818347931 -104.999198914 155.335388184
A 347.092498779 -15.955284119 234.988861084
A 261.455963135 -172.775146484 352.041534424
A 154.741439819 66.006645203 293.078704834
A 144.562301636 -9.670994759 373.325012207
A 3292.088867188 7676.774902344 10506.530273438
A 206.271896362 84.365676880 209.473114014
A 73.741493225 -173.514770508 139.227600098
A 336.125915527 -173.307815552 224.686782837
A 153.126205444 -66.680702209 391.239562988
A 37.313632965 -14.679523468 193.092468262
A 299.829681396 -199.264511108 162.587600708
A 636.977172852 -1004.387939453 -47.548992157
A -23822.937500000 30331.988281250 24761.875000000
A 38.169040680 -153.231521606 260.160522461
A 255.037445068 -135.927993774 72.639984131
A 200.305419922 -210.675582886 107.820106506
A 63.620380402 27.266111374 238.927749634
A 33.093933105 -41.899608612 170.294799805
A 314.240997314 -147.410736084 325.587310791
A 194.438980103 -109.274246216 54.673484802
A 220.983016968 -175.303756714 79.990982056
A 118.281776428 -225.161575317 291.748474121
A 142.891464233 -149.958908081 74.997604370
A 99.708679199 57.750007629 230.227920532
A 136.669540405 -241.634826660 179.065673828
A 129.065780640 -167.294021606 360.031372070
A 231.580215454 -86.357498169 59.144802094
A 46.287021637 -174.542419434 193.594253540
A 222.316497803 -10.469930649 72.732574463
A 246.659454346 35.916690826 114.750236511
A 72.240600586 -86.038459778 98.101768494
A 133.807235718 -1082.252807617 -227.637664795
A 52.410015106 -126.981010437 317.446472168
A 317.359924316 32.154785156 205.710739136
A 207.818435669 -44.251781464 389.775604248
A 70.566688538 -105.765808105 106.625938416
A 218.482604980 -91.149070740 392.467498779
A 203.010391235 -26.328271866 61.148391724
A 268.984313965 -79.353439331 73.407859802
A 323.984680176 -14.460151672 216.586532593
A 157.784164429 -45.766155243 388.648162842
A 221.507949829 61.461536407 137.975967407
A 90.629371643 1.120267391 333.256286621
A 261.375244141 63.715225220 172.807083130
A 250.893142700 -238.847137451 205.441467285
A 190.630706787 -48.760631561 56.487392426
A 174.178543091 -242.246780396 223.175643921
A -5629.433593750 31472.802734375 -74728.742187500
A 45.315002441 -99.480979919 132.027511597
A 125.838134766 -132.261703491 376.126434326
A 132.406570435 -120.125900269 65.889991760
A 170.667098999 -116.057571411 55.313056946
A 169.698150635 84.329421997 226.185058594
A 201.238754272 78.131393433 170.410446167
A 346.055511475 -66.439010620 293.805755615
A 282.586791992 -126.426391602 86.836975098
A 324.915222168 -148.863174438 303.034454346
A 238.086441040 -224.695236206 309.993774414
A 63.429084778 12.646216393 160.602111816
A 307.800537109 -192.568252563 286.851440430
A 318.120056152 21.044076920 178.665252686
A 285.055267334 -96.700111389 81.928878784
A 337.112945557 -140.021087646 155.906478882
A 291.195800781 -37.184101105 93.094047546
A 41.176452637 -117.006088257 303.326080322
A 159.627487183 -206.747589111 339.982177734
A 211.866043091 26.265422821 351.705108643
A 336.644989014 -137.574569702 295.866058350
A 44349.960937500 20443.521484375 5319.539550781
A 564.266357422 -1332.812500000 -886.453247070
A 341.337432861 -106.209205627 146.595108032
A 198.954421997 -254.887313843 218.949920654
A 148.941757202 63.518077850 148.855224609
A 263.254394531 -200.785537720 325.165771484
A 52.021083832 -27.518356323 308.358764648
A 138.806686401 -36.594833374 64.536781311
A 320.071807861 -53.466510773 331.327270508
A 289.876586914 -213.565063477 276.489715576
A 234.714889526 66.127769470 291.782318115
A 160.392486572 49.759452820 118.621017456
A 45.609554291 -78.871513367 315.307250977
A 321.314788818 17.741945267 265.606353760
A 26.747396469 -63.804618835 271.461547852
A 302.170532227 -33.884117126 344.436492920
A 244.677398682 -164.026702881 82.532722473
A 36.464454651 -160.107330322 233.944946289
A 255.002716064 48.313480377 310.920989990
A 300.430877686 -100.944747925 354.851715088
A 197.027969360 -15.664334297 382.435180664
A 258.245208740 70.925910950 247.056915283
A 258.617065430 61.874332428 283.234588623
A 291.770660400 -185.725112915 320.894073486
A 33.270835876 -151.183044434 215.442901611
A -2519.688476562 -12861.132812500 6752.099121094
A 267.838958740 -152.425415039 88.951591492
A 316.152648926 -1.842156529 141.253631592
A 102.079887390 -208.036911011 259.993591309
A 23.114875793 -109.977951050 252.800827026
A 1339.968261719 5225.136718750 3639.526855469
A 191.229034424 33.258975983 172.278686523
A 338.967224121 -23.018751144 161.861404419
A 126.489318848 -194.128921509 338.600860596
A 111.292098999 -24.009296417 366.167114258
A 332.235168457 -166.773773193 175.869354248
A 216.339004517 -118.145767212 57.619346619
A 104.489494324 -147.679595947 90.161376953
A 141.695571899 -117.253135681 385.300170898
A 29.666067123 -70.360900879 210.797470093
A 287.103912354 57.117286682 242.786651611
A 278.388549805 -229.961074829 213.556060791
A 309.213012695 10.684746742 303.232604980
A 200.653335571 -135.281066895 386.040161133
A 149.353302002 -82.470252991 154.286544800
A 302.838165283 43.043445587 231.174041748
A 145.635696411 27.028232574 101.984779358
A 221.713180542 40.568477631 111.061271667
A 118.830734253 -90.398757935 379.762237549
A 188.796386719 -178.574691772 366.066589355
A 348.153747559 -48.927040100 173.164169312
A 320.542572021 -191.086624146 194.813537598
A 349.333587646 -64.426910400 242.457595825
A 93.229072571 -54.265628815 362.035797119
A 335.258941650 -69.914253235 313.844299316
A 361.829986572 -92.269699097 220.942718506
A -22169.703125000 -32555.339843750 25153.400390625
A 157.486297607 -2.656671286 79.950256348
A 84.785842896 42.155384064 178.469924927
A 197.824630737 -229.260772705 313.079833984
A -897.190612793 -2723.548095703 -1711.486206055
A 109.243194580 27.976644516 124.862716675
A 300.086334229 -120.953071594 349.400817871
A 323.501129150 4.002505779 161.302490234
A 27.621786118 -42.647212982 193.579208374
A 358.114898682 -86.013710022 191.793792725
A 24.909933090 -76.726684570 173.555908203
A 165.318252563 15.310921669 360.660461426
A 291.021484375 -50.003017426 358.975524902
A 95.442268372 -114.451080322 84.755989075
A 25.607439041 -48.678417206 252.064987183
A 238.263763428 79.400543213 207.141311646
A 141.268295288 -5.899572849 77.861419678
A 180.298477173 63.625923157 306.544219971
A 49.241271973 -60.255481720 317.036529541
A 236.296737671 79.836959839 234.035232544
A 276.762390137 -228.228775024 260.518402100
A 53.599365234 -169.104919434 277.869506836
A 201.278442383 -235.951675415 148.593658447
A 111.983230591 54.859336853 284.537506104
A 186.332626343 -8.432710648 67.484283447
A 51.476375580 -165.229400635 164.121856689
A 178.533767700 41.332443237 108.938079834
A 279.766540527 36.268913269 308.106781006
A 118.109687805 70.719291687 242.172821045
A 170.772430420 -87.399047852 394.276550293
A 255.516372681 -121.078422546 379.924468994
A 347.636627197 -100.288291931 288.922637939
A 352.687866211 -127.504455566 204.309204102
A 137.280273438 -206.883666992 118.989807129
A 90.713821411 35.903839111 297.488098145
A 284.925231934 44.409980774 166.253723145
A 328.275909424 -85.767578125 325.293029785
A 199.110885620 73.814720154 289.693176270
A -259.135559082 559.233886719 1382.954833984
A 210.514587402 -194.547088623 92.494850159
A -15069.195312500 42279.687500000 -3666.931396484
A 132.812393188 -36.306266785 377.983764648
A 347.774475098 -138.551376343 255.652938843
A 309.004730225 -205.208282471 237.086669922
A 49.235237122 5.992726803 247.402191162
A 184.961639404 -80.753707886 57.175155640
A 149.304092407 -190.201614380 353.518310547
A 330.437835693 -122.851654053 132.229736328
A 7045.775878906 2499.780517578 -4123.469726562
A 171.633651733 85.238243103 206.800704956
A 285.517822266 -70.237701416 367.827606201
A 115.497520447 -46.209545135 73.481994629
A 29.321638107 -130.970748901 258.973785400
A 94.254226685 -195.761550903 140.018814087
A 231.111007690 -243.672592163 179.513259888
A 231.981430054 -7.858388424 371.501983643
A 236.531372070 -225.201049805 143.248748779
A 212.834609985 58.818878174 310.996948242
A 192.356979370 52.345687866 323.873840332
A 192.474533081 37.342170715 343.817749023
A 335.017272949 4.887215614 251.324432373
A 173.952713013 -247.842971802 175.369415283
A 95.856033325 -225.354064941 202.239868164
A 130.070037842 9.761432648 355.737579346
A 282.976257324 -206.802978516 302.967010498
A 125.327171326 -241.908706665 249.756469727
A 116.106391907 68.391654968 204.666625977
A 290.786437988 16.744556427 129.379409790
A 240.858474731 -234.681716919 157.372451782
A 1587.301025391 -1783.891479492 0.709945858
A 98.027221680 55.107585907 196.884185791
A 299.825042725 -168.227478027 126.205657959
A 146.896331787 -92.013961792 59.517093658
A 175.947784424 -238.018646240 150.209777832
A 37.203559875 -23.493883133 271.812133789
A 141.124847412 -233.655197144 157.194137573
A 156.254394531 43.501491547 331.576599121
A -12117.828125000 9453.385742188 -13174.583007812
A 285.061065674 -63.905643463 81.847564697
A 137.647888184 -168.613449097 84.727828979
A 332.889404297 -41.069301605 140.418502808
A 187.717056274 -255.675430298 246.406448364
A 252.661575317 -238.059951782 271.978057861
A 154.516220093 -134.353363037 384.853363037
A -8812.264648438 4142.661132812 -7547.076171875
A 256.872711182 -242.389404297 221.358413696
A 302.470153809 39.432800293 262.515136719
A 256.947845459 -94.303131104 66.340667725
A 96.391342163 -24.440078735 93.157958984
A 349.703582764 -23.464103699 199.194717407
A 157.271804810 -253.071929932 226.999816895
A 49.964256287 -6.193789482 281.783569336
A 170.019195557 30.081808090 347.808258057
A 60.892284393 -3.892250776 142.698287964
A 86.792343140 -210.249588013 172.289672852
A 325.156250000 -92.843185425 117.490234375
A 120.815803528 -61.883579254 379.284454346
A 63.509010315 14.412388802 282.597534180
A 31252.021484375 -37974.406250000 48233.054687500
A 319.800231934 -176.802520752 282.785034180
A -5860.637695312 674.727905273 3710.049804688
A 1302.302246094 -2986.885498047 -471.940185547
A 120.772888184 -212.547851562 311.722625732
A 124.201210022 65.302528381 170.714294434
A 337.635589600 -2.253383875 185.072204590
A 249.385910034 -195.211807251 107.956291199
A 34.624622345 -131.615737915 168.812896729
A 290.516387939 4.064977646 113.997085571
A 233.866485596 76.106826782 179.132934570
A 297.795745850 -145.195800781 343.968505859
A 73.403526306 -137.872055054 111.167243958
A 116.249275208 -169.813552856 95.869422913
A -2844.875488281 1822.304931641 81.277015686
A 244.649063110 -195.447052002 342.803924561
A 143.630142212 -93.225646973 389.416229248
A 317.933013916 -152.674621582 134.391021729
A 132.205657959 65.975082397 274.304382324
A 187.732086182 -21.848772049 374.809631348
A 118.456527710 -239.350936890 202.676315308
A 92.907531738 -82.077705383 369.136444092
A 216.359985352 -251.385330200 200.011535645
A 208.844787598 -233.129409790 282.009979248
A 261.849639893 2.250270844 225.058532715
A 121.078147888 -88.033042908 65.320655823
A 298.251831055 -15.293125153 112.184890747
A 231.503845215 -180.074554443 360.588043213
A 23841.685546875 46322.406250000 22103.933593750
A 71.546745300 -124.476676941 340.025451660
A 239.508911133 15.456186295 356.831939697
A 214.828887939 -251.917282104 251.498428345
A 348.864196777 -83.543075562 164.549743652
A 76.567939758 -26.492616653 109.133735657
A 83.234580994 31.210561752 158.675765991
A 207.326797485 -218.402603149 327.010253906
A 274.459930420 61.368068695 192.574752808
A 34.488536835 -75.440551758 152.670364380
A 39.840290070 -39.930450439 290.051361084
A 202.475173950 -155.946212769 68.177314758
A 129.126434326 -21.224676132 353.327850342
A 90.722129822 -33.146293640 353.620666504
A 203.096679688 -160.568359375 376.845428467
A 335.621124268 -39.379005432 302.816833496
A 324.711914062 22.954164505 233.514999390
A 146.344329834 -247.657546997 200.597656250
A 236.824462891 -54.741607666 386.092437744
A 111.076332092 -226.351287842 171.438613892
A 145.208923340 54.312950134 312.711395264
A 68.427352905 -149.058517456 324.200469971
A 21.567426682 -113.240089417 228.853469849
A 162.259384155 -205.132202148 108.218597412
A 193.776626587 70.948303223 146.005722046
A 153.271423340 -28.264636993 251.435714722
A -3943.332275391 36246.250000000 -46318.640625000
A 289.703948975 29.694459915 145.558929443
A -406.349365234 -1095.614624023 153.354370117
A 70.456657410 -168.822052002 314.119140625
A 320.272399902 -176.603652954 160.856658936
A 78.472755432 -53.535717010 95.504539490
A 243.629272461 12.217729568 92.032218933
A 6776.115722656 -436.021820068 -1509.006835938
A 329.029907227 -7.062688828 289.901977539
A 210.685012817 -68.400390625 53.418560028
A 91.453063965 19.109464645 315.571472168
A 101.631782532 -232.184631348 235.536895752
A 7771.797851562 8873.158203125 16977.800781250
A 269.619171143 41.604316711 140.926528931
A 20.020231247 -88.270637512 194.466339111
A 82.706626892 -17.645105362 340.755981445
A 16.921052933 -62.780632019 217.690628052
A 275.293182373 -196.186431885 127.531906128
A 320.160614014 -193.232345581 223.804504395
A 88.893920898 6.945423603 277.939758301
A 76.157707214 -90.828178406 352.238098145
A 27.452072144 -34.739933014 223.546340942
A -3094.771972656 -1246.269897461 3046.026367188
A 150.695785522 78.434020996 192.775115967
A 184.917648315 -171.213653564 75.076225281
A 107.398567200 -84.377120972 347.926147461
A 66.120552063 -6.086580276 308.857086182
A 94.678939819 30.947719574 138.803466797
A -18525.437500000 5869.003417969 3805.687255859
A 72.460578918 -187.175354004 157.978546143
A 228.944549561 -76.731765747 391.984313965
A 94.159942627 -222.754516602 264.798736572
A 32.335304260 -78.148147583 291.857086182
A 281.365509033 17.852275848 292.843200684
A 274.593170166 58.193584442 264.648498535
A 159.302017212 79.715812683 248.191253662
A 338.007965088 5.998911381 213.506973267
A 357.708709717 -41.656398773 233.211212158
A 214.859069824 -225.238494873 129.042907715
A -2484.792480469 2310.249023438 -493.390014648
A 86.564590454 -114.534690857 357.174804688
A 219.787124634 -140.538833618 62.283508301
A 262.811920166 71.650238037 217.241912842
A 203.794601440 -192.542221069 356.489990234
A 80.240203857 3.211890459 124.206459045
A 335.592468262 -168.984222412 249.130081177
A 272.591247559 -5.732939720 95.540443420
A 230.567337036 -240.976821899 280.864135742
A 267.370452881 -94.177497864 382.467681885
A 137.363616943 -64.978691101 60.067276001
A 93.833816528 48.034740448 269.462432861
A 194.994110107 56.968051910 125.072952271
A 361.182159424 -61.884475708 211.860809326
A 240.099533081 -1.428552389 200.145660400
A 173.633789062 -219.812591553 326.775939941
A 109.218452454 -128.953125000 367.809814453
A 203.675628662 -246.192672729 173.216171265
A 215.258773804 25.984777451 93.311416626
A 140.975463867 -189.517837524 99.637168884
A 271.148315430 -30.424373627 365.506164551
A 66.905014038 -199.673156738 263.347076416
A 133.555160522 70.391471863 254.593383789
A 155.552795410 -229.669372559 140.520172119
A 304.183074951 -17.044002533 335.456298828
A 248.065292358 -114.810722351 64.877815247
A 164.813446045 -177.363403320 365.258300781
A 322.528350830 -113.898368835 330.997497559
A 178.226776123 -241.265014648 290.032897949
A 176.790039062 -144.747848511 382.459259033
A -10648.619140625 9772.735351562 2299.014892578
A 284.045104980 -161.050033569 103.920875549
A 309.293762207 -76.342056274 349.458129883
A 9074.054687500 4065.870849609 -21.808614731
A 249.093597412 29.897270203 320.511596680
A 26.468196869 -117.104270935 187.674484253
