533

W 43.885189056 -94.991218567 258.082000732
W 231.214630127 -4.272175789 74.911094666
W 73.686950684 -32.981472015 50.070430756
W 114.151321411 72.924674988 162.195648193
W 15.458528519 -102.079833984 132.072799683
W 5.700902462 -65.962150574 151.905487061
W 87.367141724 15.655115128 138.966461182
W 91.387474060 -57.362281799 51.377071381
W 209.914825439 -3153.468261719 -30062.230468750
W 8.193228722 -36.879005432 171.941925049
W 220.353530884 -133.496826172 263.857025146
W 86.254997253 -78.083229065 84.929985046
W 89.645896912 59.336967468 203.466720581
W 36.663764954 -113.118156433 94.871887207
W 254.552246094 -99.838157654 248.615783691
W 2201.128417969 -506.584259033 4864.858886719
W 127.595375061 -41.446090698 30.666032791
W 174.239456177 57.527496338 103.459968567
W 232.742675781 -15.207890511 160.554779053
W 86.511573792 -147.726165771 262.629791260
W 142.260177612 -196.810577393 128.741119385
W 9.475921631 -38.515071869 148.175231934
W 153.571701050 -37.876003265 30.480676651
W 4027.115234375 3049.392578125 -10.907536507
W 99.291893005 -157.644821167 74.466316223
W 93.549514771 64.936828613 146.879089355
W 72.001289368 -127.341125488 67.146766663
W 10.632661819 -83.335121155 134.496215820
W 23.884719849 0.405332923 191.347549438
W 172.024978638 -94.951652527 283.568511963
W 159.407989502 -191.619644165 221.476089478
W 11.193735123 -61.706829071 127.914924622
W 11.054944038 -92.758674622 193.454452515
W 86.292320251 48.435989380 107.069259644
W 26.730379105 0.215457067 128.827423096
W 242.691925049 -4.459366322 249.982498169
W 130.710418701 -130.135528564 46.538345337
W 233.517364502 -170.687057495 154.288665771
W 13.361254692 -42.913784027 209.900100708
W 277.411071777 -61.368301392 137.815551758
W 44.828990936 -34.811454773 260.831878662
W 217.897094727 -64.240211487 288.541748047
W 201.860610962 -142.932708740 268.389953613
W 112.336723328 38.643814087 77.757911682
W -1050.036132812 358.668914795 177.221710205
W 100.170646667 -122.913665771 286.342712402
W -28791.039062500 38040.332031250 24177.126953125
W 164.280838013 -196.412063599 132.212814331
W 202.673614502 -169.409393311 97.736831665
W 204.836975098 -28.540441513 162.990585327
W 257.026611328 -146.822433472 171.948516846
W 267.199005127 -91.543876648 231.457931519
W 238.117477417 -31.902475357 269.314941406
W 214.226593018 8.933688164 70.026329041
W 132.723541260 -199.786621094 144.396133423
W 161.213623047 72.328315735 135.823684692
W 200.260696411 -166.594680786 244.633621216
W 240.080596924 39.984363556 157.614257812
W 249.599182129 10.543585777 110.421546936
W -39599.343750000 9765.521484375 -30535.337890625
W 221.224884033 -83.039527893 284.821228027
W 145.518630981 -65.883666992 27.823720932
W 219.353408813 -14.045576096 60.499572754
W 184.512191772 45.386455536 89.582878113
W 251.185928345 28.266143799 170.941345215
W 82.701835632 16.088768005 263.825256348
W 132.309005737 -201.732864380 161.328567505
W 52.789550781 38.265403748 190.065902710
W 46.219085693 30.434162140 138.569549561
W 16.450004578 -9.795730591 166.788635254
W 18.942113876 -76.056396484 225.327667236
W 46.899120331 -20.197751999 206.582015991
W 58.406898499 22.311260223 235.172637939
W 241.470947266 -158.706054688 133.322143555
W 231.443908691 35.635951996 116.658111572
W 263.224822998 -27.564077377 235.078201294
W 82.660438538 -107.945312500 284.260528564
W 115.804336548 -0.568759441 45.978889465
W 79.289733887 -145.573608398 75.131378174
W 162.173477173 -141.025253296 285.231994629
W 2480.855712891 -7602.125000000 14290.635742188
W 92.208908081 -123.966514587 53.686130524
W 211.242904663 19.072549820 258.442687988
W 56.237594604 -158.958053589 116.557693481
W 171.343612671 -24.212913513 300.684509277
W 267.398162842 -17.609451294 115.765312195
W 28.864465714 -74.426742554 242.862075806
W 140.003097534 36.629425049 69.816467285
W 105.560234070 -104.305732727 39.942234039
W 178.146102905 -1.755208492 46.837650299
W 216.592376709 24.796047211 85.700767517
W 196.733779907 66.591987610 165.718231201
W 23613.285156250 -8049.535156250 -25652.134765625
W 27.077327728 -40.457538605 97.411842346
W 213.247482300 41.703483582 229.164520264
W 15.568191528 -32.253181458 126.341552734
W -11815.698242188 -48428.441406250 6190.182617188
W 208.512802124 -32.576660156 289.292358398
W 98.372817993 -9.410150528 47.176513672
W 15.131568909 -22.912878036 199.585845947
W 254.544662476 -54.167896271 81.190238953
W 258.005065918 -75.318237305 246.696746826
W -1690.682861328 3872.274414062 3980.282714844
W 226.103607178 8.744354248 256.922607422
W 55.835456848 -42.854469299 273.245819092
W 198.242782593 -147.398864746 81.652557373
W 73.384712219 11.778381348 74.821952820
W 157.442825317 47.221595764 251.812210083
W 251.804473877 -72.270286560 260.082336426
W 160.275314331 23.923028946 276.628997803
W 269.786926270 -7.239060879 198.226684570
W 68.728462219 42.108036041 216.778442383
W 264.875335693 -116.367530823 218.420272827
W 112.619132996 39.198760986 256.895202637
W 153.498229980 74.719024658 188.684967041
W 42.571918488 -72.751838684 261.309631348
W 164.662231445 -97.616577148 304.419464111
W -911.348266602 -49724.964843750 -12139.056640625
W 198.494171143 42.501407623 240.724288940
W 122.244102478 -25.453115463 282.362884521
W 203.718963623 -122.599601746 281.193908691
W 147.888717651 -87.660064697 30.309007645
W 124.017662048 17.034187317 256.645629883
W 246.872344971 -80.127342224 73.501617432
W -34088.031250000 -26349.664062500 -30507.195312500
W 23.135007858 -118.779411316 127.551055908
W 69.642669678 49.429580688 196.830673218
W 77.676376343 -10.143851280 57.717369080
W 285.353363037 -67.110877991 156.031112671
W 269.440460205 -125.911437988 170.935073853
W 87.723335266 -80.103530884 40.134765625
W 158.646347046 -127.592163086 43.943859100
W 54.581829071 -163.494552612 202.791946411
W 101.280220032 -173.651367188 241.339492798
W 53.692836761 -76.750389099 272.250152588
W -566.451660156 -3893.788085938 1347.172363281
W 164.237777710 -4.807031631 293.989990234
W 176.950592041 67.034759521 128.122528076
W 832.442871094 -697.952331543 -3.374686480
W 110.819084167 -193.457443237 133.454483032
W 185.680877686 -173.204254150 245.421783447
W 228.484497070 26.685409546 100.604393005
W 110.936340332 -78.727867126 303.120117188
W 130.475570679 67.171340942 113.960723877
W 272.810882568 -115.536369324 150.391418457
W 17985.847656250 -6120.218750000 -26140.400390625
W 113.516891479 -27.044879913 36.618885040
W 130.535491943 -41.919296265 176.991500854
W -2781.034179688 -816.453125000 852.938781738
W 147.206939697 -158.361984253 270.588378906
W 239.850067139 5.305344582 184.757934570
W 247.451416016 -101.203453064 80.086006165
W 102.539138794 -185.352996826 220.983413696
W 239.868164062 34.041492462 185.056228638
W 200.743209839 -153.135864258 73.828964233
W 256.999237061 -138.548797607 202.915725708
W 40.787010193 -112.162986755 246.613311768
W 161.296615601 -66.009674072 309.852416992
W 49.028411865 5.356913567 92.730758667
W 273.111633301 -48.168106079 114.671653748
W 255.111099243 -15.170817375 237.438522339
W 243.247604370 -115.391197205 239.027954102
W 135.963424683 -200.108062744 196.275619507
W 116.887580872 -169.696685791 81.646400452
W 211.940597534 -175.505508423 216.768066406
W 246.541229248 29.420927048 196.686660767
W 252.645706177 -149.098602295 189.317672729
W 259.368896484 16.905090332 150.318557739
W 237.187347412 -166.382141113 181.879302979
W 62.824859619 48.984901428 160.516387939
W 178.350616455 -192.329360962 209.285766602
W 86.412345886 44.164138794 233.246994019
W 281.313232422 -31.284322739 178.510330200
W 133.477905273 -139.499130249 284.735809326
W 65.769058228 -177.202133179 179.265182495
W 50.684543610 -15.711025238 259.018524170
W 53.288040161 -134.805770874 91.100494385
W 92.473892212 -91.031120300 294.364959717
W 194.702743530 61.697418213 128.059051514
W 189.479980469 -195.607742310 171.914031982
W 108.235252380 -102.411911011 296.520111084
W 272.419372559 -45.331237793 223.196640015
W 17.181598663 -119.207984924 158.675720215
W 86.737289429 8.811085701 63.227550507
W 174.295822144 -186.921188354 111.269531250
W 181.712982178 -123.281448364 46.775924683
W 2568.066894531 5999.854003906 8205.461914062
W 133.464538574 -201.702362061 179.934783936
W 241.831359863 9.339555740 235.537963867
W 25.493553162 8.477319717 167.950622559
W 175.176055908 -77.914695740 32.442638397
W 269.592498779 -119.715354919 192.905639648
W 56.030113220 29.624311447 218.900482178
W 639.033142090 -1084.718505859 -133.634719849
W -18098.666015625 23041.541015625 18809.718750000
W 269.684478760 -5.357002735 138.681396484
W 93.085807800 -20.543605804 291.497222900
W 136.672348022 40.162261963 261.831970215
W 248.832962036 -155.706222534 156.299682617
W 273.500305176 -97.745880127 211.076385498
W 44.268520355 -11.277500153 85.540596008
W 142.005340576 -42.532955170 307.615356445
W 121.663269043 10.437985420 285.393188477
W 203.682571411 51.597007751 112.396026611
W 186.327255249 -9.643177986 290.851196289
W 220.101333618 -180.808258057 162.822540283
W 188.743179321 64.208343506 204.740280151
W 196.967987061 4.827888966 57.556789398
W 110.584899902 -61.426700592 303.805053711
W 261.550354004 10.832775116 191.612808228
W 119.609947205 -123.467651367 292.402862549
W 99.812789917 -161.323318481 256.707000732
W 241.310394287 -60.795372009 270.869140625
W 81.717994690 -1158.467163086 -328.725952148
W 257.608032227 -28.194812775 91.570602417
W 43.296218872 -157.699645996 183.133392334
W 130.766525269 -96.093238831 32.425998688
W 242.886566162 -45.449874878 264.076904297
W 122.616844177 -57.273479462 30.208845139
W 136.020538330 -109.537162781 300.150238037
W 80.095878601 -67.725715637 291.554718018
W 37.679134369 -118.433860779 173.818817139
W 172.282180786 -95.816360474 34.363433838
W 120.973999023 -182.324096680 237.738296509
W 226.273818970 -135.032119751 78.834449768
W 87.526237488 -183.213958740 209.544006348
W 95.562942505 62.995948792 181.540252686
W 143.615875244 -92.314880371 306.097198486
W 158.930404663 65.549148560 168.536575317
W -4254.167968750 23783.294921875 -56469.816406250
W 263.526611328 -51.318969727 242.832534790
W 197.321258545 -23.746353149 44.452972412
W 192.899139404 -33.106636047 296.919097900
W 161.688949585 -37.513660431 305.147216797
W 162.573715210 -200.469985962 165.981674194
W 137.426513672 -195.840652466 211.492538452
W 18.428800583 -77.302444458 110.377632141
W 69.696250916 -27.832008362 279.981140137
W 34.217025757 -10.283202171 103.239639282
W 104.814102173 51.396148682 97.295455933
W 248.494506836 -142.202590942 218.177917480
W 49.643863678 25.514011383 116.857086182
W 41.401149750 -148.380538940 205.274169922
W 67.510887146 -52.528736115 283.392822266
W 25.544429779 -16.963237762 223.412536621
W 63.163520813 -102.546218872 274.534118652
W 266.023681641 -35.815631866 104.114341736
W 171.310897827 37.058639526 73.706741333
W 129.292388916 -153.679489136 63.078277588
W 25.871225357 -19.944635391 109.921257019
W 33664.238281250 15517.943359375 4037.389648438
W 509.701843262 -1280.208496094 -916.952575684
W 22.148031235 -45.040786743 231.210113525
W 138.775314331 76.113525391 171.300994873
W 179.758209229 -184.467559814 229.075729370
W 84.726280212 32.559829712 85.158988953
W 257.108856201 -110.243522644 98.810813904
W 186.558120728 -103.223731995 297.822235107
W 38.316570282 -87.722183228 80.599029541
W 63.826053619 42.857997894 125.880966187
W 110.174232483 -186.494506836 112.641525269
W 169.197998047 -172.447494507 252.397918701
W 262.872772217 -67.226112366 92.923606873
W 38.871452332 -148.056716919 133.869003296
W 278.868743896 -78.740509033 129.531188965
W 54.068447113 -103.281486511 69.050453186
W 100.643600464 2.281319618 283.790466309
W 270.976257324 -1.575676084 159.614242554
W 92.294143677 -172.853607178 97.576393127
W 54.369102478 -49.844123840 60.466346741
W 140.294326782 -119.899215698 37.923366547
W 91.008773804 -189.944961548 148.882629395
W 89.802238464 -181.908401489 119.727073669
W 62.169395447 19.280340195 91.277969360
W 273.524017334 -7.859949589 175.232269287
W -1965.485107422 -10013.284179688 5252.208007812
W 81.070236206 -7.826475620 278.625183105
W 43.018413544 -131.632247925 234.039230347
W 216.679656982 35.700302124 138.642181396
W 282.303100586 -42.752136230 144.184982300
W 1080.742553711 4251.661621094 2944.662353516
W 143.900955200 -156.308334351 209.827056885
W 24.839574814 -112.701034546 218.159973145
W 197.920150757 26.573495865 74.233802795
W 208.709152222 -113.285163879 52.704326630
W 28.656831741 4.452728748 207.835708618
W 125.349235535 -37.020652771 304.966857910
W 214.305480957 -11.174342155 277.967742920
W 185.778839111 -37.611984253 37.099395752
W 275.563903809 -74.249259949 178.686614990
W 67.935813904 -178.691101074 151.624938965
W 72.778381348 55.194110870 174.980072021
W 48.273921967 -142.142044067 103.242042542
W 137.098846436 -21.256231308 35.273551941
W 179.253616333 -64.695823669 223.726364136
W 52.702426910 -168.157226562 164.015914917
W 181.695068359 -153.481796265 268.804290771
W 119.830329895 -164.716659546 260.725158691
W 203.437072754 -58.140110016 40.182994843
W 148.189300537 14.159974098 51.687263489
W 15.637808800 -91.011299133 211.177490234
W 38.810009003 23.635673523 191.521621704
W 17.152429581 -79.088050842 152.754837036
W 225.026016235 -87.421630859 54.863018036
W 27.787506104 -74.793640137 94.233825684
W 5.886025429 -55.688556671 170.862564087
W -16839.279296875 -24725.654296875 19102.550781250
W 172.692642212 -130.020629883 284.144073486
W 231.606216431 -166.017257690 203.702850342
W 139.897079468 57.502407074 95.775039673
W -797.626708984 -2344.593750000 -1506.433593750
W 211.723098755 -154.609725952 249.495208740
W 56.947986603 -32.856819153 65.295356750
W 37.399074554 -134.966384888 219.278640747
W 278.992980957 -96.804443359 192.547241211
W 8.364032745 -61.682441711 193.835327148
W 279.308990479 -69.346603394 208.325912476
W 166.751892090 -143.411804199 55.349205017
W 62.831008911 -91.197731018 57.513549805
W 222.804046631 -39.791782379 281.950897217
W 280.003692627 -92.148231506 144.340362549
W 107.097900391 -196.438812256 180.184951782
W 185.098068237 -127.564613342 287.879150391
W 154.801177979 -184.358123779 101.033523560
W 261.438842773 -82.931938171 93.216392517
W 108.262893677 -196.668945312 158.843017578
W 73.945907593 53.228027344 138.193725586
W 258.214599609 7.037662506 124.860023499
W 136.745544434 61.075397491 229.833816528
W 208.656860352 -177.023300171 117.774108887
W 148.304916382 -123.533172607 295.037017822
W 258.877777100 2.404400110 216.374786377
W 156.141143799 -166.522033691 262.246154785
W 72.028678894 -162.752182007 99.972396851
W 203.827438354 -189.211441040 153.635498047
W 160.509338379 -59.746360779 28.817655563
W 92.640060425 -31.899013519 40.832054138
W 16.910289764 -49.385852814 114.693580627
W 12.552574158 -26.696956635 183.144042969
W 187.980422974 37.406520844 254.706375122
W 225.979919434 -161.141891479 107.404258728
W 68.585205078 -170.273925781 214.699951172
W 32.380107880 -61.540344238 85.119125366
W 138.976470947 -191.813995361 115.004417419
W -313.826019287 594.247924805 1355.871948242
W 128.103439331 25.533632278 275.783599854
W -11450.615234375 32124.218750000 -2787.007324219
W 190.479904175 -103.239692688 41.006515503
W 16.622257233 -17.693056107 141.836151123
W 47.631195068 36.187381744 158.042495728
W 261.414398193 -137.310867310 149.232269287
W 151.422653198 -66.152160645 304.678009033
W 179.137008667 22.373577118 62.841075897
W 31.294805527 -32.074497223 242.289749146
W 5614.635742188 1997.359985352 -3301.007080078
W 159.668960571 -201.677612305 180.680770874
W 67.510292053 -73.883346558 50.656665802
W 206.879745483 -95.988891602 289.997497559
W 276.689056396 -24.556497574 139.023437500
W 224.159484863 29.246194839 236.222076416
W 112.353805542 67.164138794 202.648895264
W 111.228660583 -125.728889465 47.487911224
W 107.970985413 50.895462036 233.188919067
W 126.966674805 -181.375915527 97.167297363
W 143.893661499 -175.699752808 86.213279724
W 145.364181519 -162.272430420 69.796119690
W 27.351034164 -135.287094116 145.769561768
W 159.805023193 69.552520752 206.912292480
W 222.845947266 51.663581848 184.998840332
W 194.150741577 -140.357315063 60.876857758
W 70.305976868 36.606815338 103.518722534
W 199.196594238 63.801544189 145.854629517
W 205.133697510 -188.178421021 183.553817749
W 62.860630035 -145.376861572 244.495666504
W 104.718170166 59.096954346 222.532196045
W 1440.093505859 -1637.653320312 -36.164146423
W 220.548156738 -178.057723999 189.623138428
W 55.381118774 6.911285400 247.832839966
W 181.526031494 -57.184146881 303.902526855
W 157.540435791 62.029830933 227.395034790
W 269.900634766 -113.110664368 130.670364380
W 186.877883911 58.107315063 221.703964233
W 174.038787842 -168.553634644 80.296638489
W -9341.292968750 7285.212890625 -10157.977539062
W 68.834922791 -80.308029175 283.606262207
W 187.772979736 5.664430618 282.228881836
W 29.069622040 -98.714683533 235.336349487
W 148.357528687 75.563728333 148.910232544
W 95.174911499 61.205036163 127.763725281
W 174.735260010 -22.827938080 36.977367401
W -6903.754394531 3242.827880859 -5916.458496094
W 91.680892944 66.270042419 169.158355713
W 55.059520721 -165.423828125 135.742065430
W 92.013511658 -54.826332092 297.348937988
W 222.688690186 -110.311073303 275.529296875
W 15.803855896 -112.642738342 188.221313477
W 173.053512573 74.772109985 164.786437988
W 260.511169434 -126.266761780 120.627029419
W 162.009689331 -157.598602295 66.846519470
W 250.823989868 -128.803131104 234.311279297
W 230.622360229 39.579174042 209.535247803
W 35.732769012 -54.916084290 254.636398315
W 203.086196899 -81.602783203 41.227199554
W 249.233337402 -143.671600342 118.647933960
W 23645.875000000 -28731.373046875 36493.777343750
W 38.520408630 11.981962204 119.461189270
W -4743.062500000 548.138610840 2985.094726562
W 1116.880981445 -2599.312744141 -439.384429932
W 203.539443970 41.438411713 95.446716309
W 198.499511719 -185.507446289 210.098709106
W 26.174333572 -129.946350098 199.646682739
W 96.997421265 28.158266068 262.334777832
W 271.767456055 -23.890666962 212.734832764
W 64.748390198 -134.513381958 256.838592529
W 111.044998169 -194.081192017 204.538528442
W 57.821643829 -13.390673637 70.050872803
W 240.617446899 -19.017927170 260.363861084
W 206.669326782 5.714071274 272.937683105
W -2466.386230469 1575.024536133 44.362659454
W 100.293098450 27.958776474 71.137458801
W 183.394088745 -56.606220245 32.943534851
W 40.676719666 -6.108135223 241.241424561
W 194.271728516 -186.779067993 125.734832764
W 147.170852661 -114.944564819 46.914539337
W 205.120986938 61.736774445 184.950241089
W 222.846298218 -65.222229004 50.119838715
W 124.403274536 73.104537964 187.138519287
W 130.673950195 57.153324127 120.738723755
W 89.683509827 -132.283645630 166.738693237
W 199.430923462 -58.847286224 297.570709229
W 57.992214203 -119.018714905 259.954956055
W 112.106781006 14.444575310 56.663070679
W 18070.654296875 35109.734375000 16753.000000000
W 243.188415527 -30.411638260 73.635040283
W 106.862266541 -143.884201050 60.089199066
W 126.526611328 73.401748657 144.963729858
W 15.286871910 -63.334686279 216.661270142
W 239.764007568 -110.228424072 260.979522705
W 231.754608154 -159.136245728 221.391342163
W 131.685134888 46.577701569 83.412231445
W 77.886024475 -182.381790161 191.898254395
W 272.304656982 -69.422698975 226.922500610
W 268.334991455 -98.184020996 113.074142456
W 136.034774780 -4.636699200 295.567352295
W 195.053680420 -114.783279419 63.192245483
W 226.851989746 -105.086502075 61.830818176
W 136.274291992 -0.767377317 42.809001923
W 26.459016800 -99.224555969 103.322830200
W 36.734355927 -150.723999023 159.902404785
W 181.295394897 69.688659668 186.990509033
W 106.415977478 -87.767639160 35.264701843
W 210.231033325 52.413715363 210.529113770
W 181.638198853 -176.663940430 94.891387939
W 245.075622559 -9.738961220 86.827011108
W 283.265045166 -40.157176971 164.928802490
W 168.166854858 35.679424286 263.635467529
W 141.733169556 -188.501922607 230.601959229
W 174.810791016 -106.524917603 145.796157837
W -2987.057861328 27461.097656250 -35092.406250000
W 63.584724426 -156.389038086 232.352081299
W -497.984558105 -1150.986816406 92.756355286
W 242.906097412 6.077792645 95.010826111
W 39.622879028 11.597768784 219.624511719
W 236.678665161 -87.826835632 272.075775146
W 102.224395752 -141.570404053 275.868133545
W 5475.701171875 -349.873992920 -1233.098388672
W 32.692195892 -126.687957764 114.284362793
W 130.054046631 -76.160720825 307.422180176
W 225.947601318 -149.308212280 92.398429871
W 218.325592041 55.764881134 157.633163452
W 5989.756835938 6838.683593750 13082.859375000
W 81.077835083 -167.324478149 234.915298462
W 283.826629639 -59.066604614 192.240432739
W 233.268203735 -118.745803833 74.224784851
W 285.445281982 -79.891716003 175.711837769
W 75.690467834 27.478834152 246.479034424
W 38.234642029 25.254817963 167.435379028
W 228.106674194 -137.856460571 125.239410400
W 238.947601318 -58.356719971 62.934421539
W 278.801452637 -104.495269775 168.801925659
W -2610.714355469 -1040.686767578 2536.319335938
W 178.610382080 -196.772918701 192.223495483
W 150.129623413 7.261034966 289.163208008
W 213.768173218 -62.480407715 67.188270569
W 246.926818848 -128.821990967 97.623626709
W 223.182586670 -157.047363281 236.263031006
W -14292.157226562 4526.024414062 2931.350341797
W 243.201416016 20.579587936 222.742553711
W 112.862121582 -68.876716614 31.069845200
W 223.899398804 48.963527679 134.939498901
W 272.976043701 -69.527870178 112.127403259
W 72.479667664 -144.537979126 111.989151001
W 77.157882690 -180.564895630 134.236160278
W 171.395675659 -198.634521484 148.188156128
W 25.827299118 -135.916610718 177.316329956
W 9.595406532 -98.346939087 160.202728271
W 126.802467346 51.824462891 244.788711548
W -2150.138183594 1990.541015625 -450.049835205
W 229.656433105 -38.245773315 57.999050140
W 122.349182129 -17.239456177 300.176025391
W 87.279663086 -190.282089233 173.779785156
W 133.803024292 24.564979553 59.845775604
W 235.113647461 -135.277908325 248.481689453
W 25.754774094 6.098889828 146.887954712
W 79.001960754 -126.798263550 272.807159424
W 112.475517273 65.208335876 121.587646484
W 83.699745178 -54.842552185 40.757614136
W 188.927429199 -80.101333618 301.274475098
W 224.669876099 -171.403503418 130.616546631
W 141.745056152 -178.644607544 247.672546387
W 6.739596844 -82.101089478 177.225875854
W 370.005218506 298.448181152 63.062347412
W 158.357406616 46.822715759 82.581314087
W 211.768356323 -25.405662537 50.587051392
W 135.540512085 68.543663025 209.806579590
W 126.349853516 -151.902359009 274.242797852
W 185.892135620 22.658599854 270.755157471
W 79.964004517 -108.890434265 52.499931335
W 245.788879395 29.433073044 136.113555908
W 191.381027222 -189.740982056 143.158660889
W 173.972824097 54.537544250 236.455627441
W 52.682540894 -118.818984985 78.564758301
W 98.702873230 -37.309822083 298.297027588
W 165.985534668 12.709459305 52.171478271
W 38.631175995 -39.578559875 80.363861084
W 155.716567993 65.246902466 113.299362183
W 157.009933472 -13.869949341 37.359611511
W -8291.774414062 7606.199218750 1784.145141602
W 68.330932617 -0.997422755 266.276153564
W 48.272014618 -68.367492676 66.631683350
W 7179.501953125 3221.979492188 -25.988780975
W 98.565612793 -157.580718994 88.847793579
W 279.359497070 -36.277202606 198.267852783
