533

I 676.857299805 169.735046387 -524.535949707
Z -169.312927246 -102.160140991 108.705009460
Y -163.812530518 29.714422226 -399.605468750
Z -108.857131958 586.672363281 -35.464302063
Z 750.037353516 -179.929214478 -195.859420776
I 45.671379089 236.561828613 -306.529144287
O -419.442871094 422.479248047 69.063537598
I -418.549316406 12.323429108 -774.170104980
Z 127.931709290 -1173.214965820 -10841.793945312
Y -39.066368103 12.871891022 116.278495789
Y -5.623838425 239.544876099 -269.532409668
Z 1232.080322266 -941.867309570 -419.141998291
I 201.050170898 -359.002227783 162.175170898
I 558.330932617 294.259338379 492.172760010
Z 134.383132935 234.532089233 162.340103149
I 867.305358887 -234.477890015 1908.652099609
Y 132.393478394 -67.788650513 -311.026702881
Y -216.997161865 -221.955123901 285.448669434
I 112.624923706 -344.948150635 -900.716430664
I -3.349920988 291.237701416 113.663444519
I 46.366149902 733.261047363 311.875579834
Z -6.788080215 48.280704498 105.876930237
Y -86.395362854 -357.814971924 237.426696777
Y 1623.789672852 1232.254882812 -10.734648705
I -131.934036255 -450.628326416 -439.040924072
I -315.510742188 347.757843018 422.568450928
I 3.430826187 -199.013366699 402.400939941
I 1008.170837402 85.543960571 324.498138428
C -656.481445312 367.884490967 238.351119995
I -158.894256592 262.304260254 -745.366149902
Z 289.518096924 242.453857422 279.257293701
Z 23.758745193 25.539964676 65.191253662
I -962.556823730 -299.590942383 290.386260986
Z 245.681152344 -483.368011475 339.589172363
I -330.212768555 100.688720703 -249.639190674
I -463.319671631 -310.749420166 -294.347686768
I 143.646423340 290.956726074 765.699890137
Z 609.333679199 -686.342529297 -262.484863281
W -499.622253418 -25.456857681 -32.532649994
I 774.631896973 -42.452209473 -16.909336090
Z -438.578735352 -303.526611328 309.261749268
I 95.775512695 38.258304596 -238.479461670
Z -599.369262695 175.579467773 -85.407356262
I -353.661193848 5.949482918 33.626098633
I -1647.799560547 497.053863525 50.681400299
I 432.080596924 140.943878174 180.429992676
I -8163.753417969 10766.882812500 6891.632812500
Y 36.811485291 662.850280762 155.100585938
I -279.898712158 813.077270508 677.149963379
I 1284.160522461 624.397155762 -7.918002605
I -792.577209473 675.521240234 94.482116699
Z -130.143997192 -23.544589996 -31.289064407
I -176.785705566 133.437576294 -253.011291504
I 9.450068474 -583.895263672 415.627380371
I 196.068023682 245.558486938 175.532135010
Z 140.422821045 279.884033203 172.151702881
I 123.410926819 174.928878784 37.389362335
Z -388.223388672 -315.994964600 48.226657867
Z 1100.457275391 888.015319824 -763.088439941
Z -11425.205078125 2769.093994141 -8835.519531250
I 76.717407227 174.244049072 -282.243774414
I 75.329360962 -95.249046326 -762.264648438
I 529.228820801 196.302780151 -662.902343750
I 21.882354736 8.442600250 -211.567062378
Y 46.592559814 27.715826035 219.278442383
I 33.695335388 -108.976943970 115.702590942
W 23.944004059 319.160919189 219.066635132
Z -410.653259277 281.631256104 112.897445679
I 202.246780396 443.387359619 384.461761475
Z 248.342361450 655.761413574 281.581451416
Z 428.864990234 -28.760910034 -210.522506714
I -544.602355957 411.465362549 241.416046143
I -377.734191895 99.904876709 295.094390869
Y -182.302978516 -276.703704834 142.567214966
I -241.365097046 -276.470550537 318.765289307
I -304.742156982 -191.314437866 185.466003418
Z -284.464721680 -384.286834717 556.103576660
Z -36.964691162 -18.965021133 -542.361572266
I 70.479087830 -38.384250641 -25.538990021
I 274.826599121 392.368408203 -41.326103210
Z 920.058898926 -2755.869628906 4993.983886719
I -326.312652588 -503.368316650 -709.631408691
I -387.107971191 -566.884704590 -449.564086914
I 834.520324707 -409.005279541 590.479003906
Z 78.847373962 -6.083682060 133.383026123
Z 552.513854980 -100.652565002 186.741226196
I -83.822494507 -150.282974243 545.945617676
I -44.875808716 522.474365234 -81.787231445
I -249.936172485 -357.863983154 -784.313354492
Z 354.152343750 -73.600738525 154.466094971
Y 238.789123535 506.843933105 -149.997665405
S 192.289947510 34.383625031 325.602294922
I 7960.749511719 -2757.372070312 -8615.591796875
Z -7.104925632 48.612392426 79.804023743
I -212.459777832 -384.746734619 -267.916076660
I -172.989685059 25.909095764 154.033355713
I -3392.838378906 -14124.809570312 1820.667114258
I 95.045654297 -200.412826538 -429.713745117
I 146.158859253 152.431671143 219.341354370
I -790.307067871 237.553558350 248.911895752
L -34.076763153 -219.713088989 531.659057617
I 795.288635254 -161.538772583 620.341125488
Z -523.486267090 1144.865600586 1241.978515625
I 170.806884766 -372.810668945 -168.855484009
I 158.139022827 -321.463104248 350.162170410
Q 449.711975098 -607.171264648 -505.962188721
I -350.732635498 313.140777588 -466.321563721
Z -159.623352051 22.200454712 -263.082214355
Z -43.823043823 -40.281173706 -3.725441694
I -136.434265137 -444.281860352 -97.585136414
I -384.029724121 -344.241790771 -53.833183289
Y -0.041513517 -116.493698120 -165.255661011
Z 150.848693848 37.930370331 -84.052352905
I -81.231369019 686.332275391 838.672607422
I 268.172424316 104.899787903 20.765594482
I -390.523590088 -175.638778687 616.205688477
I -154.398162842 -140.574600220 -185.876876831
I -223.639022827 -14388.206054688 -3476.211425781
Z 312.496246338 539.746704102 394.774810791
I 31.631401062 339.115264893 787.907104492
I 38.841522217 303.656799316 -348.936767578
I 188.486038208 69.608512878 449.514160156
I -78.688377380 526.061523438 773.341735840
I 434.909820557 -108.783218384 287.948303223
I -9686.009765625 -7573.270019531 -8684.242187500
I 451.712982178 107.499435425 435.691223145
I -224.367355347 170.699996948 -233.664825439
Z -621.923278809 14.698380470 445.813812256
Y 300.183837891 -73.815246582 -65.193679810
Z 1329.942749023 -613.669799805 46.370162964
I 58.831546783 36.429008484 111.558586121
I 719.347534180 -387.233337402 -181.567901611
I -171.698806763 -6.346808434 -463.012695312
Y -97.162414551 289.302551270 247.183197021
I -41.373958588 -218.526550293 357.806457520
Y -323.364471436 -2090.647949219 651.082702637
Z 70.873001099 29.580663681 125.179901123
Y -11.692179680 93.738235474 -75.908477783
I 1194.820434570 -1121.448486328 -220.637802124
I 822.941894531 -373.858734131 -221.927795410
I -18.940118790 369.881347656 -191.321701050
Z 94.296470642 319.834838867 284.197143555
Y 185.715682983 -198.773254395 497.269836426
Z -111.766624451 -417.131805420 159.732971191
Z 1346.819702148 -650.016235352 -277.313690186
I 6337.024414062 -2193.711181641 -9154.233398438
I 107.584838867 7.211942673 -180.587265015
I 94.822868347 66.091407776 -917.734008789
I -1754.272583008 -547.100769043 472.125976562
Z 144.634490967 -736.513366699 864.537109375
Z -1414.153930664 -983.508605957 -203.446685791
U -307.475219727 -13.530026436 121.363632202
Z 384.647399902 337.190582275 -124.488456726
I 658.766357422 588.937255859 176.677154541
Z 104.357482910 354.830535889 390.878112793
Z 630.841613770 219.672515869 -579.911376953
I 244.755081177 165.104354858 93.627563477
Y 235.590484619 -278.676635742 252.511901855
I -339.612670898 5.934405327 -196.827453613
I -56.554206848 -37.847774506 334.338836670
Z -70.728729248 24.721891403 63.120826721
Z -780.201110840 742.317687988 -902.758117676
Z 191.684936523 545.820251465 224.247985840
I 128.737915039 -20.334831238 -64.089958191
Y 358.994934082 128.928024292 421.808380127
Z -1147.572021484 -1011.356384277 -108.037864685
I -31.616182327 -412.562530518 99.235984802
Y -241.512588501 252.431106567 -37.957618713
I -183.243164062 298.781036377 181.808288574
Y -238.683105469 92.548393250 -191.365921021
Z 92.081550598 -682.150878906 30.199153900
I 142.374740601 4.721550465 131.099441528
Y -424.921783447 -229.110839844 -7.787981033
Z 59.043846130 -26.608301163 114.280113220
Z 28.738037109 -2.151041269 118.111724854
I 527.406616211 79.920898438 -97.808563232
I 554.034667969 523.123657227 718.819946289
Z -134.041549683 -162.668060303 525.334655762
I 48.105381012 21.214214325 -12.196587563
Z 208.244857788 -121.524772644 -222.978729248
I 145.358825684 71.337501526 -548.200256348
I -1.341867924 -85.314743042 -286.927581787
Y 51.292778015 51.543308258 -4.860555649
Y 122.525772095 -55.330368042 -432.086944580
Y -251.340835571 51.702335358 266.795837402
I 397.559082031 105.881217957 -92.923339844
Z 524.758728027 1080.359130859 1540.325805664
Z 63.368259430 123.011680603 52.047912598
I -591.590270996 -518.424987793 -318.705841064
Z 858.292419434 -285.933715820 -168.480087280
Z 12.364724159 -149.754653931 -613.598571777
Z 67.568016052 48.246883392 127.042480469
I -470.350036621 600.465087891 470.110565186
Y 718.367126465 -1469.919799805 -364.494171143
I -6147.441406250 7793.205078125 6416.358398438
I 69.555931091 34.509613037 491.364959717
Z 69.518173218 -182.635696411 -509.063537598
I -58.498214722 718.851440430 746.231506348
Z 65.122489929 -39.345001221 82.485534668
Z 826.569580078 -601.175781250 -318.689117432
Z -375.181091309 233.729629517 -420.669525146
I 30.541587830 -129.111557007 -526.858093262
Z 153.731918335 324.433624268 647.731811523
O 17.985851288 21.085336685 33.376537323
Y -134.143692017 42.161319733 392.653991699
Y -353.636505127 364.824829102 32.176300049
I -132.035598755 -544.440673828 -59.938926697
Y 211.604034424 -13.649796486 -131.884628296
I 271.497985840 -19.747156143 -679.371215820
Y -39.720905304 -224.024642944 -208.813446045
I 26.647825241 330.054504395 328.032257080
Z -157.373657227 -323.414031982 310.793731689
I -128.574691772 63.866180420 -238.968276978
I -42.574699402 -1592.831665039 -647.144104004
Z 253.480606079 95.026008606 -120.976097107
Z -450.989074707 -398.690093994 -117.858924866
I -188.482940674 -656.202819824 -782.450073242
I -538.956970215 -204.100036621 -562.711181641
I -83.065292358 -62.352317810 -780.863586426
I 700.752258301 408.244842529 -682.788269043
Z 34.021083832 93.671249390 202.750961304
I 879.356262207 393.510131836 82.307708740
I -258.308990479 -323.177307129 436.815399170
Z 348.207275391 322.261230469 640.063903809
I 275.165039062 436.832702637 264.591064453
I 40.408340454 27.294324875 -52.308258057
I 508.714935303 -1048.431640625 83.915031433
I -17.216629028 -260.852783203 1076.071411133
I -28.961923599 -774.052795410 314.918212891
I -1097.189941406 6318.107910156 -15106.731445312
Z 550.080566406 -630.463317871 -37.917392731
I 246.772384644 317.078613281 530.695373535
Z -158.180465698 -266.881866455 -541.002502441
Y 265.997375488 34.109638214 366.296722412
I 4.793885708 1015.831298828 228.821228027
I 409.663177490 179.829559326 152.054351807
Z -367.799133301 505.817016602 284.062530518
I 214.221206665 121.187667847 166.779479980
I -778.458557129 106.425170898 -640.119934082
I 369.805969238 293.663879395 145.761779785
Z 454.664184570 -172.475311279 316.129425049
Y -301.452758789 55.143161774 60.455329895
I -122.422248840 198.121704102 82.491386414
Z -65.343132019 1.990093112 161.705200195
D -7.243193626 -102.623275757 35.399074554
Y 142.871337891 -255.531311035 357.381774902
I 627.193786621 128.648818970 -276.131378174
I -259.638610840 228.019805908 465.620941162
I 106.268150330 374.242706299 531.830322266
Z -235.010040283 -26.389032364 -146.062072754
Y 11170.550781250 5055.190429688 1314.596923828
I 462.388336182 -1397.668334961 -1139.668701172
I -293.374420166 337.307220459 277.305023193
I 481.324371338 77.859855652 202.540649414
Z 37.093872070 -598.477416992 210.194473267
Z 772.065612793 -562.866882324 854.443298340
I 89.380012512 -12.920764923 -330.361419678
I 68.838577271 113.051971436 -191.407073975
Z 63.223609924 767.397949219 15.192051888
Y 460.247802734 -508.410186768 290.893127441
Y 20.716119766 -158.703109741 -68.828117371
I 551.942077637 466.573425293 -155.291427612
I -1122.501708984 -34.401302338 859.552856445
I -516.584777832 -48.124877930 -86.726539612
I -245.901962280 -310.913726807 169.608505249
Z -659.466308594 -709.111816406 -935.056396484
I 14.794155121 -271.257385254 141.777526855
I 145.621658325 84.520462036 -216.558853149
I 165.589630127 -239.688903809 410.840850830
I 13.996774673 -551.823974609 235.252334595
I 99.282730103 148.354629517 743.365112305
Z 77.698013306 124.605972290 29.208974838
I -362.848663330 -294.104858398 -21.241395950
Y -292.555450439 156.390731812 -33.828880310
Z -386.513854980 -266.562988281 24.763397217
Z -349.938415527 -1981.406127930 1011.454772949
I 23.471309662 230.163772583 -117.964172363
I 255.183685303 210.393463135 83.723602295
I -181.905212402 -493.870086670 -275.064300537
Z -555.304138184 232.438232422 19.292753220
Y 418.543151855 1617.703491211 1138.770385742
I 85.759796143 288.395935059 983.431091309
I 214.500534058 -283.618225098 139.183959961
L -81.071586609 -4.414641857 -360.864776611
I 295.780487061 275.210388184 92.759025574
I -303.922668457 -92.477561951 490.757720947
Y -29.984672546 87.956115723 -120.290061951
Z -341.994628906 -356.361419678 -339.169830322
Z -50.597026825 -15.127777100 204.125213623
I 1185.498413086 -109.345932007 99.480148315
I -97.123634338 -557.988281250 119.224090576
I 525.759948730 -985.531127930 4.115271091
Z 243.031204224 243.980911255 743.632934570
I 26.558765411 -382.767639160 455.703063965
Z 1186.290161133 -205.007873535 1088.025390625
I 265.765716553 15.449924469 -198.415374756
I 105.135833740 189.365005493 -40.598655701
Z 48.044319153 -18.944328308 -17.054010391
Z 78.482917786 -144.848800659 -538.475646973
Y -202.712371826 -346.926910400 176.153549194
I 454.187835693 11.808709145 -64.234527588
Z -277.442108154 -238.349075317 18.938495636
Z -1460.264404297 -86.893676758 -434.636688232
Y 140.598190308 -95.505401611 -396.746612549
I 838.342224121 94.233917236 659.424682617
Z 16.363739014 34.190010071 140.362243652
I -5623.967285156 -8425.379882812 6452.413574219
I 232.257568359 -382.282562256 1031.006103516
Y -33.521202087 331.898040771 132.029891968
Z 260.146209717 390.232147217 -406.812957764
Y -557.545288086 -1523.728393555 -1031.434204102
I -271.468414307 624.457763672 -311.654724121
I 524.572204590 -239.405334473 678.301940918
Z -553.299194336 -359.233795166 -33.512584686
Z 20.007143021 -33.446876526 -52.088897705
I 24.151737213 -325.818481445 -53.157348633
Y -85.236900330 -242.178359985 -19.890264511
Z -236.622909546 158.092651367 -21.063657761
Z 553.110412598 -365.872680664 555.044006348
I -71.174835205 -147.293655396 -332.371856689
I -529.123229980 -694.957336426 -619.013427734
I 347.348999023 -200.520339966 -202.454360962
I -30.440988541 -256.616271973 -107.596420288
Y -63.639019012 -424.714904785 15.414739609
Y -76.453147888 -23.204385757 460.701171875
I -72.846511841 -571.049377441 2.931382179
I -98.171096802 85.716468811 438.766815186
Y -56.583007812 -159.340682983 108.468864441
Z 9.949541092 -357.280761719 -279.793792725
I 118.885421753 77.856239319 78.019958496
I 36.430389404 271.857330322 -472.166687012
I -584.126892090 -428.834014893 -192.885482788
Z 23.534877777 183.712692261 -410.096954346
Z -333.633972168 -374.835021973 -347.032989502
Y -44.083541870 363.038055420 73.979835510
I -153.484954834 123.847595215 237.619476318
I 580.732299805 327.543395996 -179.667572021
Z 149.932525635 779.359191895 -30.805938721
I -996.679626465 305.998962402 225.670791626
Y 144.749481201 -51.462879181 -200.214462280
I -500.488586426 721.550109863 648.270629883
Z 351.895172119 208.682495117 547.088745117
I -234.303131104 -329.316589355 -318.308380127
Y 371.669036865 -209.298965454 -22.364986420
I -524.085510254 757.941772461 1600.932250977
Y -222.748229980 -296.004486084 67.869110107
I -3877.414306641 10967.215820312 -1004.714599609
I 181.455963135 -374.702178955 176.155410767
I -10.998208046 270.305023193 369.186157227
Z 541.604492188 -454.990295410 -91.524841309
Z 219.348098755 -463.596282959 -265.960876465
I 35.333709717 -124.405227661 1123.717163086
I 3.424472094 74.439704895 333.710784912
I 113.208152771 -59.698310852 98.319442749
Z 1785.203369141 580.420166016 -1025.302612305
A 303.860198975 269.984130859 206.617065430
I 137.392425537 -262.788879395 -699.600769043
I 228.381301880 156.974731445 -301.912811279
I 324.751556396 220.081039429 10.144982338
I 94.024475098 -156.956130981 293.426147461
L -267.243347168 -265.700195312 330.959411621
Y -42.799816132 -324.836975098 262.484832764
I 285.288513184 -859.781066895 -304.727996826
I 106.881179810 649.643920898 488.253540039
L 403.371856689 429.074920654 -134.422561646
I -435.063293457 3.049189329 308.338562012
D 336.261444092 206.527923584 306.516571045
I 215.143890381 -243.144073486 331.698272705
Z 468.795349121 -434.666625977 -332.848236084
I -345.458190918 212.887207031 474.432952881
I 54.685028076 194.327102661 388.118835449
I 274.194610596 282.915283203 132.821990967
Y 114.866287231 -164.137069702 41.041477203
Z 476.144378662 343.876739502 -386.130126953
I 112.145812988 -234.737716675 563.096069336
I 1212.647338867 -1467.199096680 -132.386337280
I -616.070251465 830.619873047 30.250574112
I 351.715454102 171.015716553 273.990722656
I -208.144851685 -9.093233109 -884.081665039
Z -35.277069092 -234.002059937 330.780181885
I -174.613479614 -293.870239258 -57.801937103
I -120.937728882 -127.282180786 53.803256989
I 132.853408813 -552.596496582 -268.648895264
I -3491.196289062 2706.231201172 -3934.038330078
I 27.745269775 200.794418335 117.339714050
I 78.507514954 -164.652236938 -142.213546753
M 180.941162109 -115.385978699 625.978332520
I 71.198905945 -367.939849854 229.189712524
I -279.798217773 -36.726604462 336.798370361
I 264.335571289 235.121185303 -93.365722656
Z -1542.504760742 672.209167480 -1312.266723633
Y 196.026901245 80.598106384 288.592529297
I 470.438354492 377.904052734 226.690505981
V 194.401245117 -30.056352615 -262.346405029
I -52.779216766 169.311508179 -178.423614502
I -838.065490723 -388.960144043 232.285476685
I 80.028717041 -35.169601440 223.108093262
Y 191.454223633 91.858665466 -238.539154053
I 100.320304871 -446.013763428 -294.539276123
Z -634.844909668 539.511535645 -340.632476807
Z 36.052524567 92.177917480 -153.550796509
I 97.111099243 -36.482891083 21.044036865
I -270.770111084 -85.279266357 92.568420410
D 91.445205688 311.766632080 324.914093018
I 6796.341308594 -8295.065429688 10460.169921875
I 707.211181641 -567.743957520 425.213623047
Z -1621.236694336 136.312011719 1004.583374023
Z 702.268981934 -1822.755493164 -349.264312744
Z 296.235473633 277.043365479 -512.910034180
Y 66.019401550 77.960220337 81.445693970
Z -6.668799400 -25.504201889 110.723640442
I 91.726524353 -15.087477684 186.435165405
I -253.338394165 -106.246223450 360.345397949
I -183.631561279 -288.965667725 404.301574707
I -185.961013794 24.397741318 450.519378662
Z -26.243240356 -144.112655640 -704.009765625
I -438.261077881 -328.033416748 -354.531250000
Z -5.022580147 -19.694467545 149.608917236
Z -1484.356201172 894.795593262 -21.766603470
I -293.077697754 0.444830835 -177.216735840
I 431.506622314 190.212921143 105.131332397
Z 257.667053223 -291.310180664 -493.158233643
L -106.578102112 -239.590957642 69.410102844
I 103.212356567 201.040878296 1005.309448242
Z -399.230316162 -435.944458008 -307.909423828
I 244.302185059 -60.199470520 418.636474609
I -44.349143982 -267.261993408 8.012102127
I -97.266586304 983.677368164 -166.177078247
I 581.524719238 689.411254883 204.980224609
I 31.077852249 -145.529937744 -1072.448120117
I 449.469604492 370.759826660 -413.593078613
I 332.262054443 143.582565308 391.567047119
I 5681.312988281 10895.324218750 5208.483886719
Q -78.516784668 -340.008239746 705.150268555
I -293.998352051 -63.982765198 -373.469665527
Z 62.253292084 70.075965881 68.320312500
I -921.486022949 -41.708389282 510.034820557
I 463.760803223 -322.611450195 705.903625488
Y 160.794540405 -31.787488937 106.130737305
I 20.109460831 -318.791046143 363.089355469
I 468.989410400 743.798950195 -73.846321106
Z -905.854431152 183.464675903 323.654022217
Y -64.240173340 -7.055389881 -41.558151245
I -24.984951019 378.792572021 913.428344727
I -329.023620605 325.635528564 862.812377930
I 410.649749756 -369.347473145 -544.682617188
I 406.305328369 295.635772705 975.476501465
I -75.616607666 -418.633087158 -172.424072266
Z 13.818887711 -19.855382919 17.061620712
Y 191.718841553 296.891662598 388.763793945
Z -20.301519394 -59.200305939 -329.775390625
I 297.837738037 406.094360352 447.505676270
I 107.806358337 12.588964462 119.884735107
I 477.565765381 322.657531738 -364.136566162
I -343.603973389 -233.148040771 298.788146973
I 25.356281281 -637.124267578 -470.072082520
I -33.929332733 -717.942871094 466.280792236
I -179.921310425 -514.086181641 -779.415649414
I -867.346496582 8344.193359375 -10733.778320312
I -542.721252441 63.269805908 13.698917389
I -773.398803711 -1520.857177734 -67.015747070
Z 24.910890579 69.034339905 148.423446655
G 474.955078125 -313.287322998 -172.063659668
Z 80.772026062 75.128097534 -26.500604630
Y -79.507431030 -251.284286499 368.425750732
Z 2098.133300781 -190.771484375 -496.485290527
Z 112.518310547 142.766754150 208.910507202
I 106.047531128 -132.063934326 151.742843628
O -14.378334045 -293.026641846 332.771728516
Y 234.931091309 211.207168579 312.120025635
Z 2301.702392578 2479.902587891 4886.388671875
Z 774.425109863 209.196929932 -239.940872192
Y 113.384460449 -29.106971741 123.054977417
I -134.627197266 397.316314697 153.773513794
I -386.892089844 -209.690933228 -170.167465210
W -137.675369263 -300.168853760 986.020568848
I 5.388478279 402.939086914 239.701690674
I -604.916625977 547.810546875 478.891021729
Z -250.002761841 61.444301605 601.594787598
Z -155.102966309 318.868133545 -34.635456085
I -1375.296508789 -576.586853027 1290.265258789
I 31.574281693 -192.203033447 -60.084194183
I 74.575439453 -297.287597656 106.171562195
I -456.259826660 -35.104129791 833.213134766
Z 362.427001953 -547.957580566 -817.498535156
Z -52.089153290 147.127639771 -447.515106201
I -5390.655761719 1645.695922852 1093.437988281
Z 109.404190063 -6.058294773 148.502395630
I 117.346908569 9.800004005 -34.082649231
Z 199.916931152 179.501861572 -38.545780182
Z 480.812316895 35.109546661 -268.654815674
I 804.173889160 333.473754883 569.640747070
I 474.036254883 759.288208008 315.660430908
Z 9.970434189 -259.417663574 -79.951644897
Z 0.348801613 1.085230827 29.180149078
I 386.960510254 46.820278168 80.990898132
Z 569.179016113 -75.793640137 329.424987793
Z -1384.419799805 1242.304687500 -333.912414551
I -78.544662476 -56.238697052 523.028564453
Z 148.757629395 380.574066162 688.939392090
I 318.813476562 730.330688477 168.345443726
Z 3.793390036 78.598587036 -45.656772614
I -134.876220703 231.569366455 -127.572662354
Z -117.899940491 718.706604004 -273.996704102
I 76.799682617 -518.820556641 210.307861328
V -244.819778442 129.092971802 -19.715854645
I 311.782287598 -189.979690552 -349.021514893
I 102.039344788 315.643096924 -688.003112793
I 386.728179932 -871.332641602 -288.286499023
Y -11.687470436 411.217987061 -335.793304443
Z -509.753234863 -315.677978516 -40.505622864
I 900.890808105 1311.538818359 -323.063507080
I -382.330078125 7.702041149 44.784549713
Z -444.032012939 -260.510070801 520.302673340
Y 123.404876709 -361.979919434 -44.785526276
Y -293.090209961 149.891265869 -527.143554688
Z 421.841766357 -9.870718956 408.330200195
Y 44.596599579 -96.481460571 189.764541626
Z 125.993263245 105.127685547 -49.181949615
I -181.410369873 886.359252930 374.881072998
Y 136.834304810 -286.850189209 -242.803970337
Z -178.433349609 519.873413086 -294.623443604
Y 282.999633789 -288.529937744 28.247690201
Z -516.012451172 -203.829574585 57.195003510
Z 628.986511230 -144.991180420 577.765075684
I 738.507507324 160.349655151 145.224655151
I -561.246704102 -323.026458740 -210.952697754
Z -1956.957397461 1777.359252930 460.251129150
I 314.845855713 -138.847717285 511.611419678
Z 609.276428223 -345.088226318 -180.455581665
Z 2037.789672852 855.445434570 16.958436966
I 409.896362305 593.348754883 651.590454102
I 261.384429932 -358.961578369 31.202768326
