533

I 588.128967285 147.532638550 -470.903930664
Z 430.727600098 -135.060348511 -269.989807129
Y 31.486320496 5.586651802 18.821596146
Z 149.410552979 -499.738983154 62.413024902
Y -217.954986572 67.499023438 181.756820679
I 47.756767273 42.067714691 9.812362671
X -99.228660583 126.827392578 60.954879761
I -92.230873108 24.420890808 -129.629272461
Z 58.265647888 -608.023620605 -5638.350585938
Y 283.788757324 11.437729836 18.084140778
Y -9.656664848 130.400665283 -77.923675537
Z 968.837707520 -751.113403320 -340.598968506
I 117.514945984 -165.357620239 133.266036987
I 195.961181641 101.895278931 202.472106934
Z -91.786506653 -298.369232178 -131.742263794
I 643.208374023 -188.663101196 1432.474853516
P 19.688230515 -23.864610672 -174.189315796
Y -107.330154419 -120.115692139 157.558593750
I 36.454246521 -74.147529602 -169.593368530
I -5.939300537 211.137863159 84.487327576
X 26.506500244 213.449783325 118.379798889
Z 72.052444458 -157.951843262 30.493862152
Y -22.883611679 -141.797317505 140.592056274
Y 1212.226928711 937.890502930 -13.103074074
I -16.507516861 -135.749786377 -90.062728882
I -140.922164917 157.092132568 202.004226685
I 7.535473824 -113.853187561 349.811248779
I 259.280639648 26.914627075 129.438674927
C -152.406433105 108.615135193 106.410697937
F -36.999256134 81.309951782 -142.626266479
Z -129.311386108 -102.469566345 12.374729156
Z 219.395538330 -2.398163319 96.343246460
I -205.416671753 -56.238536835 109.489089966
Z 5.826424122 450.092926025 -88.945487976
I -126.290321350 78.839233398 -59.855659485
I -139.039093018 -58.248611450 -33.569370270
I 51.428806305 79.928207397 260.841552734
Z 0.707171440 38.218299866 87.155418396
W -141.859344482 18.380229950 25.732454300
I 279.177459717 1.967840075 31.632184982
Y 104.397132874 79.488555908 -33.462005615
I 167.264373779 185.309173584 -663.096801758
Z 315.702239990 -26.323463440 120.598114014
I -192.288131714 46.902450562 59.832981110
I -1289.928955078 392.093841553 26.495300293
I 242.853729248 94.836692810 127.097213745
I -6463.241210938 8493.458007812 5445.779785156
Y 4.877901554 -277.817596436 -31.878454208
I -56.555809021 208.331878662 201.984039307
I 1066.122314453 534.579345703 -21.230186462
I -153.935440063 159.813232422 66.148956299
Z -642.260253906 -50.288581848 -454.595947266
I -71.324081421 79.200447083 -45.248741150
I 23.623737335 -202.829132080 196.702209473
I 66.219192505 -334.767883301 11.397102356
Z 467.116760254 55.612087250 -303.009613037
I 147.526916504 238.183517456 35.179428101
Z 148.202163696 86.336669922 99.783340454
Z 845.554626465 702.108642578 -621.539794922
Y -9033.271484375 2183.510253906 -6998.720703125
I 73.624588013 341.118377686 -587.287719727
I 30.039310455 -6.825129032 -138.614166260
I 180.038543701 71.839279175 -160.271530151
I 23.488405228 61.542652130 -167.503067017
Z -148.982971191 70.147796631 17.212488174
Y -136.075195312 362.851287842 -78.541320801
W 30.979413986 237.388397217 155.453216553
Z 109.751014709 -70.919570923 75.392021179
I 107.312454224 236.041839600 204.124252319
Z -54.027420044 -107.706848145 39.948772430
Z -118.896095276 2.908307076 140.672149658
I -126.684425354 119.556465149 107.323425293
I -29.020606995 5.163899422 75.506492615
Z 94.660072327 165.905731201 -98.012702942
I -79.341369629 -75.321365356 164.020812988
Y -138.847595215 -62.972423553 130.222717285
Z 204.340347290 258.410003662 -162.589431763
Z 47.381637573 17.630561829 146.362030029
I 217.515518188 -67.606018066 -148.204483032
I -281.822692871 -419.801971436 93.452239990
Z 351.481597900 -1026.792358398 1893.333129883
I -63.780719757 -105.248016357 -120.542945862
I -88.913780212 -145.998214722 -71.473342896
I 250.688079834 -117.289054871 218.314788818
Z -157.349578857 189.800277710 37.499607086
Z -122.676658630 51.915946960 40.415786743
I 30.996736526 -5.048700809 78.087432861
I -10.869166374 251.547821045 0.831811726
I -47.433116913 -65.167602539 -151.413497925
L 248.947860718 -33.284553528 133.360260010
Y -44.831237793 -85.821495056 104.882690430
S 158.090911865 35.088382721 272.324066162
I 4477.407226562 -1547.608886719 -4874.845214844
Z 203.217849731 -141.735565186 113.337600708
I -66.127433777 -128.969985962 -57.649208069
I -486.227294922 -111.908721924 390.036743164
I -2687.828125000 -11195.258789062 1437.138305664
I 77.687042236 -64.436515808 -160.110626221
I -69.180801392 -88.745010376 14.297058105
I -191.906600952 82.324546814 110.259162903
L 5.191569805 -61.978271484 253.143524170
I 200.928024292 -41.383026123 194.474151611
Z -398.996887207 887.616455078 954.671020508
I -199.229293823 464.728546143 355.401947021
I 41.451866150 -26.316995621 92.985374451
Q 107.720527649 -118.119697571 -55.756565094
I -128.357055664 148.112152100 -150.869323730
Z -75.418342590 21.456586838 -79.967613220
Z -73.046478271 -30.934072495 -451.093872070
I -72.016441345 -212.966415405 -10.555194855
I -132.041229248 -95.887847900 32.849124908
Y 39.073047638 6.714938164 39.456039429
Z -52.276790619 -244.922988892 146.169799805
I -17.471061707 186.620559692 249.977416992
I 907.616088867 390.971282959 -190.631607056
F -87.656921387 -31.956197739 212.505645752
I -146.193817139 -107.944435120 -171.678344727
I -196.506134033 -11423.101562500 -2747.281738281
Z -27.534238815 -107.147994995 -15.188990593
I 8.089848518 98.635742188 276.290466309
I 14.218206406 199.272048950 -147.959030151
I 89.389892578 32.072170258 228.537353516
I -15.648747444 132.585952759 227.572479248
I 168.659072876 -31.602743149 136.830780029
I -7679.775390625 -6025.864257812 -6899.169433594
I 187.772735596 50.421035767 213.538528442
I -184.309692383 79.613250732 -187.100097656
Z 200.715377808 20.432239532 -48.554817200
Y -234.179061890 145.931854248 146.067947388
Y 1078.959228516 -511.376312256 30.304168701
I -97.697219849 267.466918945 -141.144165039
I 227.568191528 -103.346359253 -8.762793541
I -206.356140137 -35.894947052 -570.553710938
Z -8.053145409 176.532913208 157.686752319
I -111.222312927 -144.439743042 280.109344482
Y -232.366409302 -1548.829345703 492.208404541
Z -197.946029663 143.746871948 36.026565552
X -60.125675201 152.736236572 -164.938171387
I 937.261108398 -889.297607422 -182.088439941
I 221.843444824 -76.298744202 -3.611544132
I -15.070530891 190.405044556 -45.907150269
Z 78.530815125 172.506423950 163.153549194
Y -29.070936203 135.774124146 -135.928649902
Z 59.122112274 174.599990845 4.304986477
Z 1068.479614258 -531.668395996 -232.792083740
I 3396.592041016 -1177.941772461 -4909.608398438
I -41.760482788 -115.120765686 -227.892227173
I 28.339015961 28.196550369 -169.680740356
I -1344.706909180 -427.586547852 359.109100342
Z 131.131072998 -700.725830078 806.595458984
Z -1097.829223633 -779.057617188 -163.270065308
U -215.255691528 -3.979377508 96.864311218
Z -26.730445862 -23.095581055 77.884269714
K 179.688522339 164.275466919 83.515960693
Z 12.038714409 -1.432125568 58.813247681
Z 74.369125366 36.833560944 -22.021659851
I 591.597167969 524.418090820 107.198715210
Y 113.300224304 -48.515197754 114.146339417
I 372.289642334 28.253395081 223.938598633
I -12.405695915 -43.718235016 353.092681885
Z -452.713073730 -173.458358765 -195.140914917
Z -621.137023926 615.550109863 -758.439697266
Z 29.585294724 -46.897991180 24.123638153
I 203.519027710 -9.134209633 -193.674270630
Y -53.903968811 -52.733898163 -112.887565613
Z -920.036376953 -816.902587891 -94.298538208
I -20.671480179 -266.918060303 100.203399658
Y -121.361701965 130.497406006 -15.309432030
I -134.762481689 254.872146606 168.584304810
Y -99.893592834 34.412097931 -73.227966309
Z 36.644004822 309.649810791 31.378883362
I 656.498107910 209.452926636 403.696380615
Y 157.307662964 28.665771484 147.368743896
Z -141.839248657 224.764984131 50.010784149
Z -48.011016846 -174.229034424 -78.751884460
I 475.573333740 5.395969868 -399.577423096
I 153.996322632 137.296661377 225.934310913
Z 77.772399902 66.125816345 -20.937900543
I 116.947654724 333.726409912 163.291748047
Z 41.078315735 31.268022537 219.805953979
I 190.379211426 149.209762573 -696.642822266
I 19.777379990 -4.454205513 -106.746513367
Y 38.265388489 -60.726367950 334.538696289
Y 61.059837341 22.772720337 -30.873268127
V -122.360710144 54.196941376 168.644027710
I 216.234130859 65.435562134 -18.070600510
Z 398.010955811 820.539428711 1164.975463867
Z -167.715301514 71.330574036 227.049468994
I -124.789047241 -103.898078918 -19.391172409
Z -408.255554199 199.509277344 165.929336548
Z 11.432386398 42.503402710 187.779739380
Z -488.211944580 -415.913757324 -256.613433838
I -101.102806091 152.507186890 152.365783691
Y 563.609558105 -1155.379638672 -292.536071777
I -3362.368408203 4266.581054688 3515.260742188
I -275.337738037 -87.803939819 -477.010620117
Z 7.311668396 83.643188477 227.532989502
I -7.176607609 163.246276855 199.140838623
Z -6.699309826 244.173202515 52.921524048
Z -273.816162109 248.073272705 264.547271729
Z 394.597686768 30.765346527 391.876312256
I 14.869648933 -22.112464905 -162.909332275
Z -1.549340248 -53.546234131 -48.989704132
O -5.641975880 -69.139579773 331.812042236
Y -43.930812836 34.411605835 246.740554810
Y 0.516197443 27.390392303 15.165954590
I -44.610713959 -218.681884766 23.555425644
Y 47.713832855 -130.364257812 -152.630096436
I 131.798782349 6.459248066 -211.695587158
Z 66.692138672 160.290817261 230.201828003
I -43.224319458 -406.743347168 -281.314636230
Z 61.188018799 69.610809326 7.853061676
I 406.641296387 115.281959534 491.309448242
I -32.200218201 -1243.858764648 -514.868103027
Z -155.988250732 -69.433998108 64.303741455
Z 141.472930908 156.054016113 49.626415253
I -12.199174881 -136.321014404 -117.883033752
I -115.647529602 -19.021400452 -88.883522034
I -11.693417549 -1.406783342 -161.567596436
I 182.276794434 107.499382019 -112.088310242
Z 58.871913910 56.524448395 -148.618484497
I 255.418487549 118.321174622 64.017555237
I 14.297001839 -24.358764648 78.486618042
Z 7.450022221 -16.934513092 -52.477207184
I -266.789428711 -486.157867432 -88.700996399
I 86.465446472 143.307739258 -233.090606689
I 153.837997437 -267.305419922 74.616241455
I 10.135409355 -48.936809540 288.661041260
I 0.262929171 -217.295989990 134.138519287
I -879.776794434 5016.450683594 -12050.367187500
Z 278.978271484 -530.394775391 25.814714432
I 122.860664368 156.123703003 267.668548584
Z 71.632453918 71.979515076 164.232971191
Y -110.127372742 -43.030395508 -89.037117004
I 7.409669876 237.138214111 87.042289734
I 243.432037354 121.631210327 120.287406921
Z 233.181564331 -214.976257324 -71.387496948
I 560.350769043 422.473815918 403.198577881
I -154.344375610 40.977806091 -87.090812683
I 140.695800781 112.932617188 78.035629272
Z -299.327362061 126.937255859 -125.524276733
Y 535.746520996 -21.996215820 57.573833466
I -13.346766472 73.893035889 72.251068115
Z 363.982574463 228.932388306 -284.843902588
D -174.610214233 -561.844482422 -34.553951263
Y -69.077949524 140.838729858 -181.648742676
I 289.409332275 69.275016785 -85.042350769
P -62.832298279 78.317764282 180.105850220
I 44.712581635 128.114822388 211.850479126
Z 126.827896118 99.908172607 139.349029541
Y 6848.183105469 3203.839599609 908.406555176
I 355.514526367 -1070.383666992 -886.619873047
I -150.677047729 221.444152832 124.949897766
I 300.290405273 72.645393372 153.289031982
Z 104.044136047 525.027282715 -29.419185638
Z 658.855834961 -506.270904541 747.736450195
B 39.185791016 15.875965118 -176.611709595
I 46.139316559 107.800910950 -103.097671509
Z -25.760417938 -491.285949707 37.285446167
Y -123.380844116 273.734497070 -66.992912292
Y 61.293750763 -6.920883656 -17.814266205
I 217.069869995 172.709289551 -30.542383194
I -939.648620605 -34.547878265 719.795104980
I -148.540481567 10.993299484 11.064662933
I -184.948303223 -205.189147949 135.525588989
Z -552.636535645 -591.839050293 -805.972106934
I 166.079818726 531.507568359 -68.749916077
I 174.841201782 116.403244019 -584.993652344
I 87.416412354 -72.065444946 189.741668701
I 25.817195892 -187.107467651 135.090820312
V 32.854980469 38.111106873 222.112258911
Z -251.615249634 71.261741638 86.937156677
Y -121.569549561 -84.548995972 36.411663055
Z 175.225097656 -99.051986694 26.758541107
Z 168.335647583 104.662605286 119.674911499
Z -255.635757446 -1479.289794922 753.709350586
I 14.903991699 179.016738892 -10.816738129
I 61.052001953 49.238605499 65.554405212
I -47.578609467 -164.964019775 -46.362144470
Z 337.143585205 -49.634346008 70.179740906
Y 316.547882080 1225.341674805 851.340148926
I 27.296676636 59.411514282 242.626129150
I 152.187286377 -161.471511841 135.116897583
L -49.293239594 21.583311081 -140.941894531
I -390.132080078 -417.267669678 31.101610184
I -123.140296936 -118.862487793 274.590270996
Y 181.736083984 -127.802947998 228.543609619
Z 146.256134033 94.460266113 52.146842957
Y 143.328536987 127.358497620 -90.494308472
I 1093.993896484 -115.019157410 74.371513367
I -22.248315811 -195.982894897 88.865081787
I 141.024932861 -219.462493896 54.800937653
Z -103.335716248 8.443810463 -126.634330750
I 27.300561905 -53.828136444 104.670883179
Z 930.891418457 -173.633834839 862.608642578
I 263.468963623 498.988922119 362.546478271
I 101.602142334 225.831222534 -69.465934753
Y -60.460304260 228.653198242 223.186096191
Z -23.490301132 49.991760254 189.888870239
Y -61.600448608 -107.216873169 101.667610168
I -516.768188477 12.763979912 229.387527466
Z 109.077835083 143.619964600 66.270179749
Z -1167.275024414 -70.371879578 -366.686920166
Y -53.029556274 49.142852783 179.075439453
I 208.818756104 24.534589767 209.746398926
Z 230.515792847 -16.760335922 19.345232010
I -3151.058837891 -4718.306152344 3629.031738281
I 72.933715820 -73.225372314 278.378051758
Z 55.984424591 -150.700729370 4.065937996
Z -118.083816528 -171.456390381 315.386962891
Y -418.640899658 -1158.402465820 -797.584655762
I -54.083209991 174.923080444 -37.968978882
I 176.635971069 -68.829154968 259.460510254
Z 150.265548706 127.239440918 26.934598923
Z 153.724044800 156.427093506 173.909423828
I 32.316905975 -200.499328613 11.952158928
Z -37.594219208 210.256546021 63.064273834
Z 47.401466370 11.346664429 33.032485962
Z -248.297103882 261.018951416 -250.719055176
I -2.792706966 -20.891622543 -55.611289978
I -112.675559998 -158.287857056 -87.752357483
I 293.277465820 -139.183959961 -223.793136597
I 15.399087906 -47.874435425 22.955476761
Y -8.777898788 -105.147430420 48.377788544
Z -10.541002274 13.013652802 220.508026123
I -8.665253639 -215.337539673 56.279205322
I -20.860504150 76.952293396 357.581878662
Y 5.206542492 8.777170181 258.574035645
Z 55.891994476 177.588729858 152.212112427
I -51.104385376 376.422576904 -240.653259277
I 12.389367104 128.081176758 -177.252532959
I -182.671142578 -114.928581238 -5.549188137
Z 44.134220123 -61.876720428 190.225967407
Z 122.962615967 118.330833435 60.563949585
Z 73.261688232 -209.802246094 72.664199829
I -304.347717285 461.043609619 381.053619385
I 200.289749146 109.010360718 -20.691093445
Z -84.543045044 -345.061553955 95.712860107
I -195.316589355 82.236358643 100.322998047
Z 146.837783813 -52.383857727 -72.067680359
I -107.107734680 195.369171143 203.982238770
Z -41.091609955 28.751932144 -37.269714355
I -72.927459717 -91.984230042 -72.730033875
Y 160.330169678 -46.137893677 54.967624664
I -397.666748047 577.771362305 1232.757080078
Y -93.485305786 -114.139968872 47.995677948
I -2115.626708984 5948.966308594 -519.688171387
I -109.024780273 363.760620117 -29.226446152
Y -9.830092430 139.553192139 208.374221802
Z -192.505477905 449.902984619 148.441177368
Z -12.840140343 155.324356079 85.648429871
I 19.414216995 -21.707395554 281.542724609
I 164.546112061 -32.248424530 -257.400634766
I 505.770751953 -148.541671753 513.600036621
Z 1323.773925781 432.291687012 -791.261596680
A 184.112457275 172.812820435 152.156860352
I 59.775627136 -79.374679565 -205.622055054
I 166.505798340 131.558761597 -185.902542114
I -154.894104004 -233.038406372 57.693614960
I 113.702880859 -79.451354980 328.404113770
L -102.428810120 -91.210777283 182.415847778
Y 0.229033560 -116.458572388 144.146224976
I 78.173545837 -201.564437866 -25.746379852
I 38.765628815 184.366241455 168.225845337
L 170.599548340 186.210449219 -5.050071239
I -53.476985931 -14.141701698 89.576210022
E 166.281875610 114.983543396 169.555496216
I 46.155857086 0.523588061 67.539604187
Y -112.010070801 88.489143372 170.981399536
I 1.040383339 22.830326080 94.213821411
I -20.789716721 -164.608505249 -276.034454346
I 206.148040771 251.463211060 121.218582153
D 27.406589508 -200.376159668 38.265769958
Z 387.608978271 254.714797974 -386.634246826
I 59.441078186 279.698822021 -193.993270874
Y 923.090454102 -1130.587158203 -101.994667053
I -156.738723755 261.927032471 39.796054840
I 200.993270874 108.428237915 195.887237549
I -39.071849823 23.351280212 -181.319305420
Z -7.593533516 -127.131271362 196.095596313
I -165.328674316 -221.285934448 -43.638526917
I -485.980468750 -502.450622559 132.772048950
I 57.541625977 -160.889144897 -38.519565582
I -1264.525268555 979.866821289 -1427.664306641
I -5.853785515 710.393737793 274.015197754
I 118.876296997 -118.749382019 -138.170623779
M 65.222450256 -19.841272354 219.294067383
I 48.877677917 -208.500732422 166.535369873
I -15.060656548 -6.086049080 102.557243347
I -278.786834717 -255.065078735 206.784957886
Z -1151.125732422 506.609558105 -1005.203674316
Y -101.353103638 -142.610519409 -146.598510742
I 217.334854126 166.094329834 121.213706970
V 120.584053040 -12.896131516 -120.692802429
I 73.140045166 -51.175571442 660.017639160
I -174.365325928 -75.149276733 94.881019592
I 123.574279785 -31.019353867 249.559570312
Y 127.497215271 81.462188721 -93.198829651
I 55.654308319 -174.151779175 -89.653106689
Z -144.161437988 2.350964069 -115.689605713
Z 60.620605469 -80.719184875 -7.871746540
I 162.674087524 -262.860321045 246.297470093
I -275.699920654 -36.474540710 111.396957397
G 48.982242584 157.371337891 188.507522583
I 5352.645996094 -6598.807617188 8276.239257812
I 194.425872803 -132.946166992 152.280670166
Z -1233.928100586 101.394920349 768.335571289
Z 532.325134277 -1391.005981445 -266.492218018
Z -85.758888245 -37.794063568 215.393829346
Y -183.269912720 35.143249512 46.903415680
Y 98.135177612 226.787261963 -48.555324554
I 174.670883179 179.282073975 252.164413452
C -72.930801392 -17.265983582 156.130645752
I -88.203613281 -119.333732605 249.015258789
I -45.381092072 -55.594787598 282.575256348
Z -101.768424988 -210.362625122 -568.968383789
I -148.271347046 -79.548561096 -73.828796387
Z 52.998298645 -140.133941650 -102.061569214
Z -1147.034667969 699.937316895 -33.323299408
I -152.226989746 52.147739410 -53.822780609
I 271.428039551 140.395233154 89.663528442
Y -21.825136185 68.436088562 127.828521729
T -104.237518311 -194.040496826 69.716636658
I 33.762752533 43.337543488 250.796875000
Z 146.954833984 160.818603516 42.304950714
I 190.547866821 -10.447505951 341.276214600
I -51.560047150 -255.014343262 26.115045547
I -14.129764557 264.539337158 0.632330358
I 171.925201416 214.949783325 96.507972717
I 19.727767944 -91.709281921 -761.490173340
I 173.573776245 146.684432983 -120.384887695
I 204.261444092 102.228225708 270.548583984
I 4402.624023438 8477.103515625 4056.739013672
Q -5.245471001 -72.912010193 231.294097900
I -93.048835754 10.921653748 -82.169174194
Z -184.010955811 93.275062561 112.694938660
I -170.482879639 12.012989998 151.065017700
I 137.663253784 -77.101280212 226.923782349
Y 235.982284546 -166.067977905 42.156040192
I 32.524116516 -187.840759277 281.277313232
I 139.842437744 214.660140991 27.434514999
Z 444.957580566 -14.931613922 -51.712768555
Y 252.937316895 43.613288879 152.762725830
I 1.469703913 86.013664246 243.007202148
I -75.832107544 87.942100525 258.760559082
I 119.417221069 -82.145477295 -91.087677002
I 106.343917847 58.871490479 255.116333008
I -153.026046753 -603.039001465 -272.346191406
Z -9.507925034 215.661361694 792.511779785
Y -66.700439453 -158.867691040 -63.887607574
Z -76.399299622 -112.639533997 -818.089050293
I 116.075134277 145.949523926 172.661590576
I 692.835205078 33.998985291 358.634918213
O 187.849899292 140.434402466 -73.363731384
I -195.422760010 -110.758163452 205.954055786
I 27.715003967 -181.833358765 -91.102020264
I 5.445580006 -186.624603271 171.482910156
I -24.549924850 -107.623641968 -132.321807861
I -696.940124512 6524.048828125 -8429.223632812
I -338.586639404 -64.456161499 -33.098457336
I -608.864868164 -1207.806640625 -54.370967865
Z 199.938827515 -52.491188049 36.882194519
G 177.621902466 -78.337875366 -8.404927254
Z -30.670141220 -60.251373291 109.645866394
Y -23.715873718 -114.712348938 203.390609741
Z 1563.358764648 -148.143112183 -382.167633057
Z -226.392547607 -496.442840576 -420.135314941
I 220.628158569 -445.996032715 154.220016479
O 13.155108452 -142.545089722 202.084686279
Y -64.538558960 -101.675193787 -24.836265564
Z 868.916992188 913.407836914 1836.390625000
Z -326.715301514 -87.248176575 173.060653687
Y 142.613708496 -190.934371948 205.599075317
I -48.138214111 214.972122192 103.261634827
I 0.218050808 -13.642531395 37.686435699
W -15.061173439 -48.332019806 242.736129761
I -2.610260487 203.232788086 118.257858276
I -127.357681274 132.046218872 151.123245239
Z 230.782928467 142.335876465 -272.143890381
X -60.148773193 145.712860107 21.149888992
I -1035.532348633 -450.463562012 986.840576172
I -39.591068268 -232.970962524 -78.219413757
I 85.185607910 -278.952178955 144.496078491
I -108.832305908 1.142085910 265.618438721
Z 338.392486572 -511.325927734 -801.585388184
Z 63.883888245 -2.408522367 96.830429077
I -1959.358154297 606.445251465 418.563995361
Z 193.414260864 -188.958999634 38.014778137
I 326.651580811 199.129562378 -38.661678314
Z 488.392700195 206.608779907 290.232025146
Z 129.861877441 74.580207825 128.853485107
I 185.308425903 66.655685425 160.315475464
I 125.722129822 202.919250488 106.876823425
Z -34.829414368 -708.994873047 -395.750366211
Z 46.566501617 67.677963257 -5.599577427
I 126.398338318 29.669176102 76.860610962
Z -57.805351257 54.767269135 23.183000565
Z -1046.536987305 957.619140625 -271.732910156
I -48.118137360 42.612674713 424.474639893
Z -48.359046936 20.902191162 -169.205764771
I 101.981040955 243.314941406 85.249755859
Z -156.486923218 -193.253372192 22.044307709
I -64.606826782 123.894546509 -2.283280134
Z 117.557388306 -196.412216187 176.267761230
I 34.472816467 -17.066825867 41.275455475
P -134.024398804 87.202552795 6.026538849
I 166.574935913 -71.964065552 -130.647842407
I 69.591102600 359.739135742 -676.265441895
I 102.573768616 -164.009140015 -0.381100804
Y -146.512512207 399.464416504 -413.461578369
Z 88.051231384 80.518653870 54.929782867
I 691.249267578 1044.295898438 -271.229644775
I -752.719909668 112.200805664 64.602172852
Y -321.883819580 -352.629608154 458.346435547
G 64.063354492 -173.121795654 18.099416733
Y 174.189865112 0.446157187 332.826812744
Z -158.045410156 1.165799022 -38.085369110
Y 85.539085388 -497.498596191 557.514587402
Z -139.393554688 -207.542877197 91.056953430
I -26.235504150 194.215209961 121.016571045
Y 62.098922729 120.181510925 220.367752075
Z 148.707046509 -212.774185181 246.906951904
Y 154.953430176 -137.761520386 62.843193054
Z 184.572860718 66.770950317 32.810535431
Z -285.500000000 3.903459072 -246.961746216
I 1005.214904785 226.794479370 160.385818481
I -186.427368164 -67.145240784 -7.672906399
Z -1331.371459961 1230.304199219 319.085418701
I 164.694763184 -89.023124695 338.488220215
Z 115.386169434 -117.863708496 184.013259888
Z 1510.001953125 634.326904297 10.919067383
I 121.969009399 168.532745361 215.719100952
I -319.755096436 466.380920410 220.117874146
