533

I 1862.699829102 379.400451660 -1535.093994141
Z -1095.336303711 -617.904846191 732.172424316
Y -172.354705811 -6.430122852 -495.285766602
Z -169.979736328 915.781311035 -186.620666504
Z -131.969589233 188.605957031 184.222961426
I -352.924194336 -239.552719116 391.473510742
I -1347.458374023 1096.119506836 206.030166626
I -1960.386230469 -126.291458130 -4206.088378906
Z 119.981857300 -1925.701660156 -17749.365234375
Y -206.828903198 55.200538635 149.545455933
I -54.989982605 330.884735107 -784.279663086
Z 3097.440185547 -2347.580566406 -1151.018066406
W 448.234893799 -492.816680908 -97.821739197
I 1260.241088867 632.462524414 1065.163452148
Z 153.030609131 205.703964233 246.916900635
I 4475.907226562 -1126.260498047 10161.276367188
Y 238.617691040 -324.143859863 -752.714477539
Y -428.557067871 -323.486267090 693.203735352
I 128.067626953 -579.487426758 -1478.601684570
I 243.125457764 -435.071136475 138.865585327
I 188.091644287 1359.437255859 707.342590332
Z -166.137741089 105.248291016 107.605819702
I -149.801483154 -555.867736816 153.279876709
Y 8610.573242188 6753.709472656 -198.529846191
I -273.062591553 -984.183227539 -936.223693848
I 671.610900879 416.028778076 442.480468750
I 465.104064941 111.604042053 866.776489258
I 2397.284423828 274.740875244 744.923889160
I -1992.808471680 1080.175781250 704.192077637
I -659.217102051 720.920898438 -3052.592041016
Z 309.398223877 363.124908447 323.633941650
Z -168.509048462 103.740890503 110.994544983
I -1402.328002930 -418.023376465 393.334014893
Z 542.952087402 -642.600097656 475.937377930
I -263.846618652 54.281665802 -754.266418457
I -899.617675781 -709.057556152 -768.142944336
I 400.571746826 728.887023926 1623.599731445
Z 1191.589721680 -1146.673461914 -370.448394775
W -856.327575684 -101.008972168 -220.507553101
I 1843.759521484 -137.955535889 -112.604423523
Z -440.337860107 -292.130523682 497.973663330
I -109.198883057 -91.265388489 -562.728515625
Z -474.249694824 390.650878906 -203.725631714
I -881.984558105 123.170722961 -143.323608398
I -9269.098632812 3005.219970703 240.904907227
W 742.355651855 289.680053711 181.167495728
I -12962.904296875 17079.097656250 10971.732421875
Z -119.860839844 609.272583008 -13.137552261
I -355.734130859 1129.016357422 1022.208068848
I 6138.201660156 3038.682128906 -141.976821899
I -1579.984619141 1241.989990234 149.320404053
Z -719.224060059 195.204895020 -406.081451416
I -317.118438721 184.782150269 -820.565551758
I 146.498352051 67.451072693 -284.516723633
I -201.400177002 -125.639205933 48.430339813
Z 121.378707886 770.748657227 -103.201034546
I 312.662780762 1091.618041992 -320.053863525
Z -257.943084717 -424.595977783 88.204261780
Z 3031.470214844 2308.760742188 -2080.104492188
Z -18183.501953125 4432.838867188 -13930.932617188
I 38.448886871 257.570892334 -899.709472656
I 51.838439941 -281.847991943 -1293.616943359
I 847.076904297 226.670166016 -1104.476318359
I -78.381179810 -520.484558105 480.034637451
Y 104.992706299 94.461463928 322.167938232
I -132.886703491 122.478195190 -77.736930847
W 194.586196899 566.450195312 345.022979736
Z -442.480682373 440.476409912 435.414337158
I 352.959167480 823.007934570 854.569641113
Z 32.018898010 42.887329102 208.871597290
Z 623.770874023 8.330990791 -152.724609375
I -1761.989501953 1209.117919922 637.229187012
I 458.595794678 -143.742630005 469.597991943
Z -105.648025513 -246.614120483 -137.661926270
I -713.276306152 -770.892700195 587.518127441
I -453.260559082 -333.342376709 -439.066528320
Z -312.247406006 -346.519622803 770.257568359
Z -109.056724548 446.326629639 -822.909545898
I 68.184532166 -271.493072510 -189.131454468
I 478.471191406 1061.809936523 -70.449806213
Z 2071.192626953 -6454.568359375 12085.355468750
I -1657.794189453 -2274.999023438 -3827.832031250
I -638.129272461 -891.123474121 -881.843627930
I 1015.512023926 -411.357604980 678.899108887
Z 117.239784241 10.476963997 143.680557251
Z 738.516967773 -87.987091064 264.657226562
I 171.831359863 248.892669678 806.558166504
I -39.875446320 1118.214477539 -88.879226685
I -549.756774902 -848.630920410 -2226.994140625
W 681.576232910 -46.023765564 16.099792480
Z 372.850585938 702.521545410 -111.449523926
W 349.466705322 208.929397583 621.434570312
I 12847.201171875 -4423.444824219 -13836.724609375
Z -133.855148315 143.308319092 35.470642090
I -352.588775635 -682.707336426 -735.662414551
I -605.310058594 709.712646484 258.396087646
I -5452.471679688 -22387.798828125 2944.019287109
I 30.142049789 -692.600646973 -1075.352172852
I -21.542049408 -106.473968506 64.677742004
I -2256.270507812 639.289855957 652.364440918
V -100.867362976 -216.118423462 1007.194641113
I 3882.514160156 -624.486328125 2972.216308594
Z -2917.837402344 6367.390136719 6617.833496094
I 163.523010254 -974.595886230 -752.097351074
I 136.798904419 320.628082275 284.795654297
I 1957.948974609 -2854.362304688 -2874.764404297
I -708.136047363 414.572723389 -929.056152344
Y -138.753311157 -331.968048096 -829.901000977
Z 395.584197998 -1.059194922 -3.479209900
I -354.055084229 -916.604919434 -634.214782715
I -870.814819336 -879.809387207 -421.985107422
Y 151.781234741 -467.235900879 -156.496780396
Z 639.987915039 -160.883468628 256.328521729
I -20.644071579 930.307250977 1259.365112305
I 44.811859131 182.203552246 -38.897701263
W -914.566040039 -257.733306885 1164.461914062
I 48.264877319 233.745483398 -825.745544434
I -399.206542969 -22797.851562500 -5484.378417969
Z 608.637451172 821.057373047 466.422607422
I 160.054550171 660.776062012 1443.282226562
I 12.172553062 559.931091309 -769.014892578
I 487.076019287 439.537353516 1239.914794922
I -445.294494629 2521.653808594 3294.959472656
I 1000.475708008 237.474945068 683.695678711
I -15408.429687500 -11956.622070312 -13702.802734375
W 878.502624512 375.721710205 735.867858887
I 661.225036621 -161.479019165 -149.460922241
Z 299.462066650 130.462982178 -58.683067322
Y 440.562957764 275.262664795 -316.549163818
Z 2437.390380859 -1129.984252930 10.468836784
I 175.857116699 -377.176849365 -67.833534241
I 939.799865723 -590.131530762 -286.007293701
I -40.389541626 -660.815673828 7.776266575
Y -53.091434479 602.279357910 568.412048340
I 337.576141357 11.433834076 -254.865966797
Y -1733.518432617 -10080.918945312 3285.176513672
Z 137.004196167 -19.520774841 159.808319092
W -97.923248291 199.767044067 -458.430572510
I 7101.097656250 -6431.450195312 -1427.754638672
I 966.798645020 -473.091369629 -242.585617065
I 136.500839233 624.608032227 -351.111694336
Y 326.457946777 556.009338379 519.640686035
Y 138.341918945 61.846431732 501.761016846
Z 121.214164734 -435.081787109 285.277160645
Z 2439.739501953 -1155.227661133 -572.113891602
I 10289.610351562 -3545.709960938 -14882.661132812
I 206.860427856 -46.468330383 -951.265991211
I 170.080307007 24.793787003 -3053.500488281
I -9690.644531250 -2771.013183594 2510.234619141
Z 210.449386597 -756.101562500 797.317871094
Z -4254.813476562 -2900.291259766 -790.105346680
W -578.580688477 154.856994629 110.699020386
Z 298.312561035 447.362518311 -136.081130981
I 2482.785888672 2105.276367188 662.461914062
Z -416.547546387 1024.838256836 798.966308594
Z 367.517791748 49.621734619 -273.227447510
I -59.205230713 -320.582061768 551.639099121
Y 217.815765381 76.406936646 480.495422363
I -619.898742676 -213.923538208 -740.235961914
I 587.574462891 112.206443787 -181.781723022
Z -1074.618041992 345.080718994 666.325439453
Z -2255.904052734 2010.286621094 -2595.155761719
Z 141.815002441 930.872985840 -242.181411743
I 113.140502930 -164.559661865 -324.930786133
Y 309.782379150 180.659912109 480.315521240
Z -2984.102539062 -2591.118896484 -431.764160156
I -116.076797485 -985.223754883 -467.389678955
Y -290.532623291 559.874206543 -90.250671387
I -179.050186157 976.430541992 535.100830078
I 87.290313721 -80.852630615 213.969696045
Z 306.133087158 -785.458312988 249.639022827
I -34.427055359 246.300506592 550.638183594
Z -501.228576660 -141.892196655 -89.034645081
Z 118.078430176 -37.007663727 65.650497437
Z -106.628250122 -324.174285889 228.001983643
I 455.421112061 -166.175384521 411.596832275
I 1027.963256836 766.364929199 1166.298706055
Z -385.729644775 -179.160461426 873.180419922
I 119.780731201 -138.852706909 118.046127319
Y 375.752929688 164.387405396 -133.053802490
I 208.723587036 -39.391578674 -1165.275268555
I -206.056411743 -485.659820557 -877.103332520
Y 247.593368530 -537.677673340 191.339294434
Y 262.042724609 219.800720215 -217.341522217
V -266.755462646 290.259704590 533.379394531
I 1092.240478516 222.682800293 -399.542572021
Z 2468.637207031 5735.235351562 7972.442871094
Z 181.114364624 693.431030273 98.803237915
I -2693.013427734 -2106.683105469 -1674.943115234
Z 1451.133178711 -637.290954590 -136.431564331
Z 199.763458252 -92.913490295 -1002.163696289
Z -62.646232605 -650.382873535 38.667160034
I -1718.346801758 2042.492309570 1433.812011719
Z 4220.476562500 -8497.311523438 -2235.286132812
I -9982.490234375 12640.312500000 10463.769531250
I -61.583648682 -256.157318115 47.597026825
Z 205.151596069 -143.859268188 -434.022216797
I -156.280502319 1806.680786133 1838.414794922
Z 181.175872803 -74.511505127 -5.221926689
Z 835.884338379 -570.878295898 -262.977142334
Z -972.056274414 650.589233398 -991.319763184
I -10.326706886 -398.273284912 -1202.565917969
Z 29.655982971 233.638732910 488.480316162
W -342.917266846 -235.003311157 -581.296203613
Y 22.027015686 249.918411255 710.183837891
Y -367.359741211 667.926696777 235.206665039
I -408.723510742 -1344.117065430 -392.056121826
I 51.961170197 2.685957909 -248.012344360
I 378.343170166 -165.391281128 -1231.992919922
Z -53.576721191 -257.330322266 -373.822143555
I -276.512664795 161.966522217 564.942016602
Z -275.344146729 -774.195739746 704.843566895
I -266.968017578 56.365325928 -875.775512695
I -484.540344238 -8986.603515625 -3793.087646484
Z 340.645721436 86.787704468 -9.913441658
Z -611.458435059 -714.233642578 -0.408754110
I -178.774566650 -846.325927734 -1036.781127930
I -1005.931579590 -436.775604248 -1091.118164062
I -197.786361694 -252.631103516 -1390.148437500
I 684.434082031 319.447723389 -718.376037598
Z -90.104141235 -33.180252075 456.995910645
I 4454.311523438 2080.101562500 347.677673340
I 456.035675049 -223.488647461 96.637351990
Z 73.921852112 -91.599769592 -210.605377197
I 217.052230835 287.357879639 287.978454590
I -167.254486084 -429.495605469 157.938110352
I 965.386108398 -1846.517822266 66.988891602
I 88.011199951 -391.217193604 1649.933227539
I -56.733863831 -1817.277587891 422.673034668
I -1783.409790039 10031.383789062 -23836.419921875
Z -517.830871582 842.059143066 -24.464410782
I 327.266143799 573.172424316 1160.334106445
Z -208.425216675 -137.395568848 -734.610900879
Y 328.986968994 124.511138916 441.233886719
I 21.691612244 1423.770996094 316.035400391
W 708.488830566 403.057281494 96.029357910
Z 272.724792480 -36.508754730 279.547515869
I 145.301345825 2.910842896 797.172180176
I -945.051879883 17.739597321 -806.789550781
I 775.059692383 739.067321777 391.354217529
Z 757.123535156 -463.748962402 360.825408936
W -454.254486084 141.008224487 -126.502929688
I 537.781921387 -72.017585754 -78.550346375
Z -741.723327637 -275.388458252 828.005493164
W 37.228740692 -314.582153320 -224.338027954
I -44.924465179 -289.861907959 334.594787598
I 2553.872314453 494.655487061 -1153.641723633
W -349.319763184 505.251342773 827.846130371
W 318.851257324 984.251953125 1373.586791992
Z -184.893676758 114.507858276 -219.591979980
Z 17927.232421875 8200.995117188 2217.839599609
I 2282.911865234 -7375.367187500 -6408.459960938
I 136.388229370 13.653052330 41.837848663
I 1110.751464844 261.396179199 450.689849854
Z 214.888015747 -679.733825684 369.715515137
Z 786.131286621 -736.417114258 764.166625977
W 133.659576416 -189.944915771 -601.651672363
I 112.406822205 497.293975830 -588.831176758
Z 255.710418701 -452.517059326 3.577447653
Z 668.669799805 -573.345153809 339.630462646
Z 227.580474854 520.966491699 379.433166504
I 482.275817871 831.473205566 255.918014526
I -5810.196777344 -30.696361542 4203.236328125
I -927.825683594 -159.574234009 -377.558624268
I -852.513671875 -831.089477539 -105.344772339
Z -1524.890258789 -1685.647338867 -2249.561767578
I 50.106418610 105.468086243 151.954971313
I -501.126922607 -1.638544440 2.078037024
I 623.049926758 -403.766235352 1177.871215820
I -222.916458130 -991.179321289 193.715606689
W 286.225524902 509.946350098 1349.074707031
Z 385.569641113 457.196472168 203.374191284
I -596.267150879 -577.935363770 -428.642211914
Y -282.381774902 621.861389160 -44.923786163
Z -380.116821289 -318.847167969 44.909217834
Z -1858.815307617 -9440.443359375 4960.799316406
I 232.297500610 343.401855469 154.418640137
I 637.580383301 814.395629883 -189.884643555
I -449.324554443 -1199.268554688 -823.989685059
Z -450.479675293 222.147491455 79.791175842
Y 2110.976074219 8955.333007812 5984.960937500
I 302.878814697 604.306335449 1566.935791016
I 508.977783203 -586.156677246 28.301132202
W -83.695419312 -209.557464600 -713.720336914
I -82.825088501 -53.321075439 -16.888610840
I 436.602508545 164.184783936 -78.215530396
Y 135.773696899 63.549041748 90.225639343
Z -649.607666016 -576.614624023 -651.165527344
Z 394.003936768 -521.725585938 -79.313056946
I 4708.199218750 -479.095550537 331.511627197
W -246.504882812 -1017.156372070 -167.244262695
I 1071.765380859 -1865.152221680 -70.133071899
Z 33.998291016 -109.504829407 -19.566057205
I 70.702445984 4.840517044 873.615539551
Z 3490.574462891 -547.971801758 3002.171875000
I -97.405731201 -89.460556030 181.178100586
I 199.321563721 708.314270020 -209.904067993
Z 85.242721558 -181.585708618 173.707580566
Z 367.280273438 19.107444763 -782.213317871
I -424.584228516 -514.084106445 -19.729757309
I -77.345420837 -16.493900299 -11.600807190
Z -416.248504639 -81.019477844 61.039695740
Z -3879.894531250 -257.450500488 -1258.594238281
Z 376.346160889 -142.717239380 -464.877838135
I 1977.958496094 253.800018311 1465.072143555
Z -204.673355103 -26.187400818 130.736618042
I -9184.908203125 -13500.315429688 10490.458984375
I 481.843811035 -538.731018066 1595.430541992
Z 68.807449341 571.643798828 265.581726074
Z 138.358840942 444.579376221 -238.353698730
Z -3187.213378906 -8055.075683594 -5637.737792969
I -493.076629639 735.567932129 -621.200805664
I 1801.641967773 -556.761657715 2085.392089844
Z -599.332397461 -425.987884521 248.818588257
Z 182.268402100 343.611022949 -821.499755859
I -473.306945801 131.990936279 -354.844909668
Y 45.802555084 -289.353790283 -378.720794678
Z -221.257446289 249.855575562 56.082660675
Z 202.864105225 -67.664375305 80.199821472
I -220.978347778 -410.253967285 -803.005493164
I -461.411895752 -764.305541992 -836.415039062
I 58.870220184 75.714164734 -15.846455574
I -531.961853027 -453.253173828 -180.254821777
Y -72.452697754 -966.051818848 -529.501220703
Y 120.981254578 144.165054321 689.192687988
I -298.658538818 -1348.122314453 -264.105651855
I 22.827537537 688.046813965 886.799377441
Y 188.206741333 101.718940735 -28.236608505
Z 137.578155518 -430.967742920 -261.354125977
I 63.574680328 48.197296143 29.929471970
I 78.433189392 484.247497559 -1324.403076172
I -849.656066895 -826.858032227 -439.722839355
Z 193.622558594 247.597885132 -357.754364014
Z -588.278198242 -661.050903320 -544.854614258
Z 96.233940125 293.555145264 66.156173706
I 430.942871094 358.008361816 238.990554810
I 1048.015747070 657.471191406 -111.090042114
Z 326.560516357 -886.712951660 187.547943115
I -2366.653808594 700.695556641 511.865997314
Y 70.939079285 -86.717308044 -186.261962891
I -693.808349609 957.552612305 921.188110352
Z 582.377380371 109.922607422 625.359313965
I -389.816040039 -621.939880371 -764.746643066
Y 420.578155518 -21.939043045 -71.258514404
I -3012.701416016 4250.120605469 8530.449218750
Y -218.858612061 -500.228332520 -323.895629883
I -6354.824218750 17823.917968750 -1491.116088867
I 702.136169434 -1116.034301758 -81.207305908
I 49.863788605 559.170166016 207.733856201
Z 1202.126098633 -885.958068848 -6.856540203
Z 544.020141602 -463.098815918 -71.962944031
I 159.911743164 -139.356536865 1681.344116211
I 46.164684296 478.466125488 948.713989258
I -223.989761353 150.166870117 160.132476807
Z 8987.536132812 3225.831054688 -5408.654296875
W 432.816345215 486.973175049 266.926696777
I 121.555335999 -496.816345215 -1051.205200195
I 264.263854980 234.255203247 -904.354003906
I -204.410949707 -165.208740234 -21.749715805
I 14.530909538 -37.102130890 -60.087593079
V -668.285705566 -427.526245117 757.032836914
I -2.466534853 -670.692626953 384.073638916
I 1367.411132812 -4139.917480469 -2002.222045898
I 307.852050781 1214.780273438 1104.345336914
V 828.798583984 656.319213867 -234.604858398
I -149.129043579 170.839797974 523.488525391
V 982.032775879 599.233581543 647.062316895
I -287.216918945 418.331665039 442.149353027
Z 87.758117676 270.657073975 103.189285278
I -636.388000488 -511.599700928 -172.911788940
I 161.560302734 798.846252441 725.933776855
I 855.406372070 1190.281982422 243.075164795
Y 500.642974854 226.328613281 -88.180061340
Z 526.958312988 440.120971680 -387.378448486
I 224.821792603 200.477264404 143.851669312
I 6564.818847656 -7887.162109375 -673.553466797
I -647.573791504 1099.765869141 127.667411804
I 213.660842896 38.678302765 44.315868378
I -877.729309082 -205.275360107 -4098.151855469
Y 125.406730652 -158.926116943 555.974243164
I -171.062301636 -696.766357422 -443.674774170
I 248.837524414 -151.892593384 29.913816452
I 224.831466675 -1115.647583008 -807.998718262
I -8299.422851562 6434.124511719 -9017.394531250
I 259.444458008 -270.196716309 566.474609375
I -272.854034424 -1.799687862 169.449508667
V 417.976623535 137.498214722 1175.659301758
W 231.897048950 -743.818664551 263.878906250
I -454.968566895 461.141021729 609.442443848
I 532.192443848 728.587524414 -508.951293945
Z -7767.859375000 3542.194335938 -6587.571289062
Y 218.940902710 135.739990234 269.475830078
I 637.356994629 729.529296875 598.315368652
Y 417.616241455 -203.006912231 -729.145507812
I -149.264984131 649.011840820 -339.859161377
I -1635.526245117 -647.603027344 424.208465576
I 480.645568848 388.758911133 129.748565674
Y 426.829833984 107.993980408 -529.191528320
I 95.995887756 -1011.065002441 -897.555175781
Z -513.849426270 439.391479492 -322.338653564
Z 521.049560547 33.072147369 286.262847900
I 87.500480652 -497.056915283 242.392379761
I 185.991378784 -61.587558746 -184.239074707
V 319.858642578 638.284362793 693.823181152
I 10758.895507812 -13095.675781250 16668.669921875
I 3453.919677734 -2554.043457031 1782.483276367
Z -8404.596679688 902.844421387 5173.823242188
Z 3569.517578125 -9330.644531250 -1930.797729492
Z 387.788696289 465.133087158 -367.416198730
Z 367.724151611 -223.912750244 453.445526123
Z -146.918487549 -259.528198242 138.073120117
I 252.073211670 -312.808868408 527.575866699
I -817.773559570 -18.771598816 884.959045410
I -642.693359375 -672.726135254 1012.270751953
I 231.790863037 227.009552002 247.385345459
Z 94.789566040 -26.885253906 -724.153076172
I -729.040771484 -692.082153320 -832.374816895
Z -22.022176743 -182.121749878 21.493869781
Z -8388.264648438 5108.897460938 -185.127929688
I 28.725364685 -486.858734131 -273.314117432
I 1143.081298828 544.661376953 89.467315674
Z 661.803405762 -236.137191772 -391.301177979
W 39.594306946 -307.985992432 -320.267791748
I 353.052917480 469.162139893 1624.854248047
Z -591.092651367 -857.977722168 -315.065612793
I 232.777862549 231.275177002 1066.079101562
I -186.994308472 -120.347099304 -401.450469971
I -160.944244385 2397.271728516 -486.998535156
I 2526.316162109 3123.689697266 855.000610352
I 43.644199371 -264.461242676 -1115.531372070
I 944.971923828 609.073425293 -856.580627441
I 822.933898926 451.858337402 984.430114746
I 9002.566406250 17416.298828125 8405.024414062
V -167.364990234 -391.992675781 958.490966797
I -543.412475586 -260.147338867 -799.859680176
Z 137.541748047 -622.151184082 164.571823120
I -1745.596313477 -45.351253510 848.179565430
I 1105.506103516 -524.167785645 1234.204711914
Z 504.089385986 -401.259063721 335.394744873
I 107.478248596 -1029.790771484 1090.450073242
I 1510.734619141 2381.500000000 -250.314880371
Z -792.528442383 165.891952515 297.261138916
Y 33.677230835 51.756546021 623.651794434
I -48.456314087 1085.315673828 2461.828125000
I -1645.249633789 1800.974975586 4000.026611328
I 486.669982910 -635.963989258 -938.711669922
I 601.054992676 465.926452637 1252.031372070
I -247.789840698 -912.188659668 -750.713928223
Z 184.621963501 9.237803459 243.149826050
V 229.141311646 229.897598267 416.089050293
Z -180.767425537 -347.940277100 -1154.444213867
I 711.884582520 900.396423340 1011.689758301
I 316.770050049 -73.558486938 301.309631348
I 1099.367675781 508.525360107 -782.877136230
I -964.648376465 -367.421264648 363.563964844
I -57.955261230 -1156.024169922 -967.809570312
I -21.677289963 -1509.424438477 797.808410645
I -382.795135498 -1107.111816406 -1825.843627930
I -1440.283325195 13362.906250000 -17033.103515625
I 295.767395020 -233.223373413 -231.264450073
I -4865.890625000 -8565.083984375 -302.919067383
Z -413.008880615 -46.596664429 462.158660889
W 1060.211303711 -760.434204102 -470.066253662
Z 582.235900879 592.646240234 -279.899230957
Y -137.882675171 -451.227874756 1073.799316406
Z 10678.646484375 -713.006347656 -2556.611816406
Z 707.348693848 851.337219238 659.380004883
I 33.541908264 85.171386719 27.202129364
W 106.461585999 -416.601043701 445.024749756
Y 392.428253174 243.018157959 408.723785400
Z 5268.719238281 5931.707519531 11573.090820312
Z -514.452026367 -64.059852600 109.234352112
Y 584.731628418 -525.533020020 407.784362793
I 12.528429031 -1.699514747 -16.941858292
I -296.177276611 -411.937774658 -824.963134766
W -153.577468872 -287.319885254 1307.462280273
I 10.370862961 553.128112793 421.913665771
I -2512.105957031 2276.471923828 1861.119262695
Z -412.944976807 75.323341370 664.253540039
V -240.972930908 883.669616699 -95.888717651
I -7515.888671875 -2966.930419922 6887.700683594
I -272.504638672 -150.587203979 100.562309265
I -151.662368774 79.163932800 27.229459763
I -2512.369873047 146.135772705 4228.868652344
Z 970.894104004 -744.883544922 -872.213256836
Z -116.564407349 625.365905762 -570.351257324
I -12993.544921875 4000.726562500 2700.183593750
Z 519.622863770 -274.609191895 176.132919312
I 506.624298096 -68.626274109 -155.420364380
Z 871.537414551 921.712707520 -414.567291260
Z 1644.354980469 -106.221214294 -801.925170898
I 1547.595581055 572.718994141 1145.874633789
I 881.475830078 1177.668457031 587.157043457
Z 107.468139648 -1331.475585938 -146.305389404
Z 122.473426819 72.401916504 61.766559601
I 1159.343383789 222.881057739 101.427276611
Z 839.614868164 -113.875061035 419.104492188
Z -7404.783691406 6700.729492188 -1953.844970703
I 60.179485321 -53.777725220 105.203323364
Z -22.525770187 473.248382568 1160.083496094
I 694.656555176 1269.846557617 387.568817139
Z -541.273986816 335.492034912 425.679382324
I -206.495162964 650.293884277 -586.064575195
Z -3.708312988 158.946853638 188.063690186
I -224.061706543 -304.788848877 167.297760010
Y -366.463531494 195.095932007 -323.593170166
I 612.812072754 -555.498535156 -849.636291504
I 63.224494934 -76.927345276 -498.905731201
I 751.709472656 -1623.825927734 -624.613708496
Y 178.614944458 464.304077148 -253.232498169
Z -518.706176758 -364.755981445 64.007751465
I 4946.417968750 7639.945312500 -2125.487304688
I -987.359008789 171.534637451 43.634685516
Z -436.472717285 -167.046081543 663.925781250
V 304.460327148 -453.462646484 -461.712860107
Z -171.728469849 152.904251099 -264.578582764
Z 410.705871582 -0.639726996 524.546691895
Y 192.584884644 -154.871368408 -228.715667725
Z 259.398712158 -1.055081248 182.348602295
I -275.560363770 1376.920288086 632.566284180
Y 122.234848022 -315.928405762 -141.515991211
Z -156.792495728 567.146667480 -123.361968994
W 439.783630371 -261.391235352 -275.311645508
Z -548.916625977 -73.943626404 220.332305908
Z -294.491516113 185.163558960 -422.031799316
I -90.355697632 183.439224243 468.024566650
I -763.790222168 -559.185913086 -454.020080566
Z -8954.014648438 8115.491699219 1973.786010742
I 30.408845901 336.068817139 135.509933472
Z 1017.072082520 -508.145477295 -234.026138306
Z 10098.573242188 4514.028808594 -64.886009216
I 1935.953491211 3061.882812500 3131.795654297
I -189.024505615 -510.646728516 -196.714691162
