533

A 367.242889404 -52.465072632 132.823272705
A 100.092552185 -182.986877441 395.694824219
A 323.437011719 -140.403823853 430.205413818
A 264.702392578 -291.764892578 268.480346680
A 406.337951660 -41.523658752 312.759643555
A 422.622924805 -96.310203552 280.695312500
A 303.780090332 -212.458053589 302.454193115
A 298.634002686 -107.127273560 429.127990723
A 321.579010010 -4830.268554688 -46071.726562500
A 418.279418945 -135.363967896 256.485412598
A 114.356430054 0.882110178 122.020317078
A 307.286834717 -76.678482056 382.046661377
A 301.340332031 -270.798797607 210.391632080
A 378.160522461 -28.146413803 365.622192383
A 67.321731567 -46.924510956 146.680358887
A 3169.344482422 -729.187438965 6993.311035156
A 247.530273438 -129.095275879 455.111297607
A 180.194122314 -269.361633301 352.731201172
A 94.194816589 -167.483123779 273.451568604
A 305.492614746 22.483798981 127.001831055
A 223.595245361 93.012100220 317.386413574
A 415.110656738 -132.486251831 290.064422607
A 211.130722046 -132.475082397 458.869232178
A 5770.229980469 4353.264160156 4.164874077
A 289.036346436 33.097415924 395.032867432
A 295.766448975 -283.891113281 292.061584473
A 327.859252930 -7.619042397 404.202514648
A 414.523071289 -67.088241577 309.294250488
A 394.581970215 -187.379867554 228.207443237
A 184.958862305 -51.493614197 94.979026794
A 203.150909424 85.443870544 182.643539429
A 412.243713379 -99.694450378 316.970916748
A 415.801330566 -56.922702789 225.221450806
A 307.372985840 -256.953582764 346.237091064
A 390.966827393 -186.950973511 316.434967041
A 83.402900696 -180.983078003 145.175628662
A 243.399566650 -3.123028517 436.299591064
A 96.098709106 54.256237030 279.757202148
A 410.870117188 -126.619537354 203.204620361
A 31.554000854 -101.051544189 303.468994141
A 366.295318604 -137.950332642 129.262969971
A 118.812973022 -97.440971375 89.118896484
A 139.782333374 14.637853622 116.349723816
A 271.544647217 -243.990753174 389.757781982
A -1077.622680664 363.061126709 272.068786621
A 287.782287598 -14.628696442 92.557907104
A -44389.718750000 58649.335937500 37277.109375000
A 197.715179443 89.539657593 312.626068115
A 140.960830688 52.016162872 363.010070801
A 135.422653198 -150.498825073 269.315948486
A 62.007423401 20.034589767 253.569381714
A 48.148509979 -57.973819733 171.969467163
A 87.275123596 -143.000320435 117.216445923
A 123.967987061 -201.597091675 400.634552002
A 242.245437622 96.093368530 294.919738770
A 200.551040649 -292.552764893 305.968963623
A 141.952133179 48.442214966 150.922622681
A 89.107795715 -246.264160156 274.832550049
A 74.163940430 -204.218475342 343.756835938
A -61032.746093750 15051.406250000 -47060.792968750
A 113.650695801 -68.897415161 95.628479004
A 222.220046997 -92.949028015 461.828277588
A 117.287719727 -167.884872437 414.685455322
A 166.407455444 -252.686248779 373.466003418
A 70.648445129 -230.783355713 257.623321533
A 312.524444580 -210.392166138 123.264030457
A 240.209548950 102.254524231 269.777282715
A 355.307220459 -244.354339600 227.818145752
A 362.129211426 -230.876876831 302.375549316
A 406.326873779 -174.997207642 261.618408203
A 404.480163574 -78.812942505 177.575851440
A 364.197174072 -161.573226929 207.430831909
A 345.600982666 -220.251037598 164.149383545
A 85.076499939 38.175582886 308.891937256
A 98.261375427 -239.949783325 335.840148926
A 54.327732086 -150.170639038 163.138000488
A 312.724060059 -35.754154205 96.290222168
A 263.233154297 -186.607131958 435.478454590
A 316.690093994 18.089275360 393.574218750
A 198.215026855 14.086424828 95.137863159
A 3760.046142578 -11511.730468750 21643.816406250
A 296.539978027 -11.554526329 424.710876465
A 128.029724121 -217.264602661 132.125640869
A 347.526947021 37.434562683 334.363433838
A 185.758117676 -152.354324341 72.510635376
A 46.805282593 -163.042510986 338.065765381
A 390.013763428 -81.333587646 152.843490601
A 229.552185059 -239.005142212 400.503662109
A 279.319885254 -41.368721008 445.208831787
A 174.701599121 -188.124374390 433.531921387
A 120.107391357 -222.658966064 379.300720215
A 151.630493164 -282.360931396 263.473358154
A 36266.531250000 -12362.736328125 -39395.621093750
A 392.238006592 -129.976455688 362.728118896
A 127.597541809 -248.402114868 174.144271851
A 406.257385254 -142.556838989 318.041351318
A -18207.048828125 -74629.398437500 9538.248046875
A 130.950439453 -141.077346802 87.828399658
A 289.639099121 -175.332809448 434.819061279
A 407.157470703 -156.575653076 213.888946533
A 66.121391296 -111.396324158 387.581207275
A 61.126827240 -81.800613403 149.389068604
A -2431.396728516 5594.020507812 5772.062500000
A 106.677642822 -199.591842651 135.181030273
A 350.279998779 -127.805496216 112.498222351
A 145.957260132 21.368009567 384.040924072
A 323.797119141 -204.437255859 393.386230469
A 205.568603516 -259.063659668 141.791091919
A 67.692367554 -85.819328308 128.099136353
A 201.344039917 -221.348480225 108.048240662
A 41.995685577 -178.486801147 217.141082764
A 332.409606934 -248.906097412 193.736251831
A 51.506252289 -21.310321808 188.978897095
A 268.486267090 -246.172744751 134.246658325
A 212.296310425 -298.556762695 231.772552490
A 368.982177734 -84.638511658 126.868576050
A 195.249313354 -49.566951752 68.231407166
A -1405.445922852 -76640.351562500 -18708.300781250
A 146.790985107 -250.212570190 156.188537598
A 257.013000488 -153.003250122 95.308219910
A 139.719711304 -13.014394760 100.679962158
A 216.518615723 -62.752319336 457.739715576
A 254.118759155 -215.034866333 132.902908325
A 76.006736755 -75.752471924 396.441650391
A -52554.746093750 -40625.093750000 -47034.210937500
A 397.696929932 -16.665372849 318.200775146
A 333.740844727 -258.027770996 220.526916504
A 320.775787354 -174.037033081 417.166381836
A 22.161258698 -92.131858826 276.662475586
A 45.003841400 -10.836559296 257.830474854
A 304.664093018 -74.541206360 442.178985596
A 203.165802002 -7.525275230 437.981292725
A 351.195526123 45.309108734 211.089569092
A 286.851654053 60.806835175 155.798294067
A 352.385528564 -78.653648376 110.871688843
A -771.367309570 -5468.198242188 1913.448974609
A 195.139160156 -182.671020508 79.901298523
A 179.762817383 -285.252197266 318.301879883
A 865.535583496 -697.199645996 99.863243103
A 271.322845459 85.953590393 311.240142822
A 162.888046265 58.707389832 150.411911011
A 104.241073608 -226.012359619 357.889129639
A 270.891418457 -74.916587830 66.140396118
A 243.741134644 -283.943023682 339.749114990
A 40.673015594 -24.408863068 286.922515869
A 27592.582031250 -9388.186523438 -40096.019531250
A 267.246002197 -149.813385010 450.093902588
A 245.391387939 -130.352539062 247.761459351
A -3744.974365234 -1115.310180664 1192.764404297
A 219.545379639 36.146850586 115.614562988
A 84.923393250 -199.225173950 236.231460571
A 74.574844360 -44.101081848 388.838104248
A 282.645782471 74.571769714 184.751174927
A 87.883003235 -239.316390991 236.035736084
A 142.546249390 27.800760269 396.666534424
A 61.303268433 10.323673248 210.853500366
A 368.630340576 -28.930458069 149.712265015
A 198.720703125 -96.160964966 58.634132385
A 359.726409912 -194.890457153 370.335571289
A 38.401653290 -119.452278137 337.596069336
A 67.691513062 -169.046356201 161.370407104
A 78.485687256 -23.914432526 156.748229980
A 234.372604370 98.625015259 220.130859375
A 261.269958496 54.005363464 383.443267822
A 126.970993042 61.146720886 191.036804199
A 78.010688782 -231.134292603 218.248001099
A 69.387687683 23.366926193 229.104522705
A 60.500347137 -211.137435913 287.378662109
A 91.286514282 49.639987946 239.735336304
A 340.091552734 -257.090240479 271.146179199
A 173.976531982 84.243026733 199.503585815
A 309.335723877 -253.627349854 168.203399658
A 30.111375809 -142.988388062 245.770294189
A 240.465820312 11.933615685 93.860824585
A 337.476745605 65.192955017 243.657318115
A 355.827148438 -165.790100098 131.975418091
A 352.441131592 2.730130911 371.510162354
A 295.963653564 -57.910018921 80.599472046
A 151.269851685 -277.811065674 317.660461426
A 160.841232300 88.856307983 253.652694702
A 272.882232666 -41.804920197 78.879699707
A 40.400810242 -122.061264038 180.167190552
A 405.217071533 -18.291734695 274.002258301
A 304.715515137 -201.795303345 410.637054443
A 181.169754028 77.599327087 342.226593018
A 168.742706299 -10.801641464 435.601898193
A 3839.820068359 8953.682617188 12254.100585938
A 242.092330933 98.610305786 245.066421509
A 85.397537231 -201.766540527 162.445968628
A 392.048645020 -202.674575806 261.198120117
A 178.583343506 -78.361824036 457.442871094
A 44.002120972 -18.006742477 225.333038330
A 350.079650879 -232.661148071 189.090438843
A 742.800598145 -1171.393554688 -55.609321594
A -27785.505859375 35376.371093750 28879.984375000
A 43.939025879 -179.174591064 302.911926270
A 297.777252197 -157.879699707 85.208740234
A 233.084243774 -246.217376709 125.697509766
A 73.533401489 32.117683411 278.982666016
A 38.699310303 -49.408641815 198.184646606
A 366.077728271 -171.385131836 380.357421875
A 226.866928101 -128.186752319 64.184738159
A 257.908752441 -204.603500366 92.678169250
A 137.188415527 -262.709838867 341.046813965
A 166.089614868 -175.320419312 87.845733643
A 115.917610168 66.758148193 268.889678955
A 158.988586426 -281.221862793 208.417419434
A 150.106018066 -195.547943115 420.006469727
A 270.741607666 -100.165542603 69.736938477
A 53.846664429 -203.801315308 225.681427002
A 260.664642334 -12.352028847 84.907546997
A 287.703338623 43.007457733 134.388458252
A 83.735458374 -99.699195862 114.436462402
A 156.058563232 -1262.780639648 -265.528076172
A 60.465248108 -147.577682495 369.334869385
A 369.887756348 38.042633057 240.861358643
A 242.019393921 -51.223827362 454.653015137
A 82.535919189 -124.444885254 124.336418152
A 254.445404053 -105.437362671 458.093444824
A 238.580230713 -31.249320984 71.164230347
A 313.835113525 -91.958847046 86.241889954
A 377.685577393 -16.672666550 252.260757446
A 183.573471069 -53.380531311 452.698883057
A 258.764526367 71.696578979 161.350006104
A 105.786750793 2.000522852 388.939788818
A 305.081970215 73.568138123 201.387817383
A 292.028198242 -278.690124512 239.411514282
A 222.197006226 -56.157958984 65.234466553
A 202.604080200 -282.342163086 259.380462646
A -6566.117675781 36707.070312500 -87157.484375000
A 52.527751923 -115.754463196 154.657058716
A 147.292541504 -154.226211548 437.075531006
A 154.324172974 -140.646499634 77.086700439
A 200.091171265 -135.419830322 64.337471008
A 197.220916748 98.384574890 264.463806152
A 233.880279541 91.082023621 198.648757935
A 403.800720215 -77.897232056 342.610168457
A 330.973846436 -146.839126587 101.482078552
A 380.245056152 -173.274536133 353.355590820
A 277.129791260 -261.686462402 360.399078369
A 74.732124329 14.264636040 187.386947632
A 358.455017090 -224.561981201 334.238098145
A 370.272491455 23.886053085 208.418457031
A 331.663543701 -112.327354431 95.019538879
A 393.096221924 -163.849960327 181.427566528
A 339.000671387 -42.383594513 108.869636536
A 48.798843384 -136.071014404 354.299346924
A 186.618515015 -241.689865112 396.531433105
A 247.562500000 30.488872528 410.422180176
A 392.576141357 -159.844024658 345.537719727
A 51726.273437500 23844.052734375 6204.023925781
A 657.872497559 -1554.616210938 -1034.299316406
A 398.243408203 -123.899604797 171.048461914
A 231.845001221 -297.205749512 254.604812622
A 174.859344482 74.927680969 173.566131592
A 307.200103760 -233.645111084 378.937469482
A 60.147834778 -31.880943298 359.746795654
A 161.538040161 -43.289550781 75.953170776
A 373.879394531 -62.559726715 386.074707031
A 339.007507324 -249.027557373 322.259582520
A 272.973815918 77.176322937 339.824218750
A 188.015640259 58.467056274 138.224441528
A 53.674354553 -92.216377258 368.473815918
A 375.387634277 20.908084869 309.395507812
A 31.875568390 -74.622520447 317.723144531
A 352.011444092 -39.841648102 401.992095947
A 285.598480225 -190.854003906 95.904792786
A 42.156044006 -187.279067993 272.607513428
A 298.169372559 56.537326813 362.794586182
A 350.112762451 -118.469749451 412.704162598
A 229.588058472 -18.659158707 445.750457764
A 301.350280762 82.704498291 287.653533936
A 301.321899414 71.315528870 330.766265869
A 340.623840332 -217.061294556 374.625122070
A 37.424255371 -176.209991455 252.010345459
A -2938.646240234 -15000.715820312 7875.177734375
A 312.889862061 -177.895004272 103.557685852
A 368.417694092 -2.087607861 164.004730225
A 120.525131226 -243.369308472 303.786499023
A 26.936927795 -127.897140503 295.275177002
A 1563.114624023 6094.818847656 4244.009277344
A 222.860260010 38.122528076 199.873184204
A 395.063385010 -27.700735092 188.728149414
A 148.226226807 -226.056137085 395.075592041
A 129.504837036 -28.215061188 427.316802979
A 388.744750977 -194.219985962 204.953811646
A 252.945526123 -137.835830688 67.511505127
A 122.275451660 -171.631134033 104.560798645
A 165.230667114 -135.883773804 449.538818359
A 35.236301422 -82.180534363 246.730148315
A 334.751922607 65.978630066 283.476898193
A 325.081970215 -268.640777588 248.505294800
A 360.247558594 11.699804306 352.970489502
A 234.478195190 -157.255218506 451.378540039
A 173.196350098 -96.412544250 179.951034546
A 352.979400635 50.471462250 269.757110596
A 169.486709595 31.537626266 119.258567810
A 258.239562988 48.706596375 130.327758789
A 137.593994141 -106.112350464 444.468902588
A 220.663314819 -207.853195190 427.399169922
A 405.988067627 -58.064384460 202.543426514
A 373.944091797 -222.339935303 226.823822021
A 407.462341309 -75.508377075 282.756439209
A 108.604652405 -63.603389740 422.606750488
A 391.184967041 -81.721473694 366.910308838
A 420.938354492 -107.929161072 257.511474609
A -25858.132812500 -37969.812500000 29337.542968750
A 183.443283081 -2.684456587 93.059120178
A 99.430412292 49.654842377 208.236007690
A 230.945602417 -267.527801514 365.337219238
A -1047.660522461 -3176.432128906 -1996.278076172
A 127.089721680 32.766971588 145.711227417
A 350.104705811 -140.708312988 407.057159424
A 376.936981201 5.596682549 188.254791260
A 32.892486572 -49.900279999 226.102050781
A 416.775207520 -100.421150208 223.684890747
A 29.216670990 -89.216857910 202.980499268
A 191.783096313 18.737327576 420.517089844
A 339.572357178 -56.975650787 418.555480957
A 111.537788391 -134.588897705 98.872505188
A 29.523769379 -55.403350830 293.104187012
A 277.832946777 93.101272583 240.975097656
A 164.214416504 -5.854918480 90.751029968
A 210.806243896 73.475914001 357.353027344
A 56.921516418 -69.463874817 370.184448242
A 275.122772217 91.835754395 272.500640869
A 320.922424316 -266.891998291 304.192352295
A 60.664958954 -198.552200317 323.823425293
A 234.184890747 -275.046813965 172.826065063
A 131.352218628 63.792869568 331.792877197
A 217.201919556 -9.672419548 77.815750122
A 59.263793945 -192.986221313 192.390380859
A 208.545547485 48.274238586 127.125968933
A 326.108764648 42.270412445 358.951934814
A 137.663864136 82.099029541 281.631988525
A 198.135635376 -101.104339600 458.699371338
A 297.049835205 -140.454605103 443.069213867
A 405.335998535 -117.783729553 337.079315186
A 412.002197266 -148.730178833 239.448303223
A 160.542160034 -241.608840942 138.115585327
A 106.672180176 42.141185760 345.897033691
A 332.451354980 51.512439728 195.172332764
A 382.547851562 -99.942939758 378.438171387
A 233.033218384 86.166221619 337.457641602
A -302.235656738 652.599182129 1612.987548828
A 246.559967041 -228.216476440 108.672454834
A -17574.771484375 49311.820312500 -4277.181640625
A 156.030914307 -42.213871002 439.674316406
A 404.982421875 -161.797180176 297.259857178
A 359.090606689 -239.074462891 275.101196289
A 57.742717743 6.610895634 288.692169189
A 214.580429077 -93.607780457 67.473381042
A 174.304336548 -222.344696045 411.405578613
A 385.327575684 -143.604537964 153.202255249
A 8217.430664062 2914.248779297 -4808.743164062
A 199.703689575 99.777709961 241.775543213
A 332.952301025 -82.106063843 429.802764893
A 135.469757080 -52.672275543 85.836410522
A 35.555221558 -153.308975220 301.859832764
A 110.068222046 -228.375579834 163.479598999
A 268.489410400 -284.760284424 210.838150024
A 270.566406250 -9.103937149 433.735839844
A 275.218780518 -262.209381104 167.800201416
A 247.773666382 68.250457764 362.127532959
A 224.554260254 60.752502441 376.935119629
A 224.314926147 43.370597839 400.530883789
A 390.961303711 6.283685207 293.478454590
A 202.411499023 -288.869537354 204.272354126
A 111.447265625 -263.436859131 235.428558350
A 151.695434570 10.436046600 415.493896484
A 330.440399170 -240.612670898 354.381622314
A 146.468109131 -282.205932617 292.060363770
A 136.061431885 79.868927002 238.851226807
A 339.308654785 19.137908936 151.388671875
A 280.565887451 -275.069549561 183.147964478
A 1851.589477539 -2080.121337891 1.059736490
A 113.623252869 63.917404175 229.307006836
A 349.433105469 -197.029281616 146.904220581
A 170.547210693 -106.794410706 68.248466492
A 205.414352417 -277.116668701 175.078460693
A 44.939628601 -27.543874741 317.266357422
A 164.817123413 -271.068084717 183.293319702
A 182.196197510 51.861042023 386.485168457
A -14133.787109375 11024.909179688 -15365.652343750
A 332.832611084 -74.253456116 95.330619812
A 159.977233887 -196.011108398 99.355300903
A 387.775177002 -46.886867523 163.958831787
A 219.348266602 -297.501281738 288.024475098
A 295.411193848 -278.415344238 316.466400146
A 179.565261841 -157.569961548 448.803009033
A -10277.540039062 4832.232421875 -8802.130859375
A 299.471710205 -282.717437744 257.407592773
A 351.889373779 46.392017365 306.617828369
A 300.202606201 -109.346015930 76.418281555
A 113.023460388 -28.025753021 108.280509949
A 407.980438232 -27.246286392 232.952072144
A 184.610061646 -295.314331055 265.324218750
A 57.882503510 -6.985019207 328.953643799
A 198.039810181 35.879287720 404.942840576
A 70.324264526 -4.250886917 164.316574097
A 100.334175110 -245.262619019 201.355636597
A 378.934692383 -108.094245911 137.455261230
A 140.356384277 -71.222862244 442.442901611
A 73.895133972 18.234636307 330.411254883
A 36449.707031250 -44290.464843750 56254.828125000
A 373.589630127 -206.008407593 330.175292969
A -6835.314941406 786.593017578 4327.275878906
A 1519.144042969 -3484.165527344 -550.822692871
A 140.135925293 -248.068344116 364.882537842
A 144.798263550 76.795021057 200.368896484
A 393.401672363 -2.619290590 216.094100952
A 290.972259521 -227.441955566 125.925918579
A 39.886459351 -153.219512939 197.644668579
A 339.078155518 4.873453140 133.463851929
A 273.317443848 88.704147339 207.780639648
A 346.096893311 -169.627319336 400.377746582
A 84.855125427 -160.214813232 128.079086304
A 135.525711060 -199.219680786 111.612335205
A -3317.772705078 2125.642822266 94.057655334
A 284.592407227 -227.522323608 400.453948975
A 168.289260864 -108.983802795 454.207916260
A 371.125823975 -178.857574463 156.150543213
A 154.969284058 77.086677551 318.949798584
A 217.992111206 -25.635465622 436.929229736
A 137.429809570 -279.286834717 237.276489258
A 108.505722046 -95.723564148 430.981872559
A 252.908493042 -293.664642334 233.314865112
A 243.882675171 -273.274566650 329.379821777
A 304.618347168 1.175202727 262.873931885
A 141.574096680 -102.203514099 75.076408386
A 348.764923096 -18.548725128 130.416198730
A 269.601318359 -210.490753174 421.546112061
A 27806.757812500 54027.339843750 25780.843750000
A 82.584388733 -144.150680542 397.045654297
A 278.751892090 18.477983475 416.250701904
A 252.171203613 -294.449523926 293.908172607
A 406.513031006 -97.675651550 191.709472656
A 88.871749878 -30.931629181 127.260673523
A 97.534851074 36.298782349 184.809356689
A 242.032180786 -254.741424561 381.953186035
A 320.176818848 71.664230347 223.176116943
A 39.831413269 -87.713172913 177.341156006
A 47.335914612 -46.702796936 336.701385498
A 236.913986206 -181.784133911 79.767372131
A 151.330596924 -23.544561386 411.512084961
A 105.797180176 -38.926006317 412.544342041
A 237.189804077 -187.463470459 439.813110352
A 391.122741699 -46.567691803 352.391357422
A 378.377166748 27.241197586 272.642181396
A 171.083480835 -288.879730225 233.855606079
A 276.822692871 -62.823081970 450.753173828
A 129.572402954 -264.747314453 200.331924438
A 168.571884155 63.674560547 364.115112305
A 79.854804993 -173.876068115 378.356048584
A 25.399972916 -132.321975708 266.098144531
A 191.141860962 -239.150924683 125.779724121
A 226.657104492 82.002487183 170.554962158
A 178.058090210 -32.661655426 293.442810059
A -4599.914550781 42274.015625000 -54021.683593750
A 338.736846924 35.378204346 169.887588501
A -474.137603760 -1278.477539062 178.359298706
A 81.544647217 -196.285232544 366.842224121
A 372.874237061 -205.571975708 187.493560791
A 91.498229980 -63.054504395 112.393058777
A 283.799591064 14.685125351 107.942291260
A 7903.159667969 -508.569763184 -1760.393920898
A 383.904724121 -8.132259369 337.526092529
A 246.291290283 -79.130104065 62.595489502
A 106.534896851 22.196537018 368.303131104
A 118.422416687 -270.773468018 275.182373047
A 9064.777343750 10347.887695312 19799.625000000
A 315.413604736 48.915733337 163.580413818
A 23.176471710 -103.837257385 225.830108643
A 96.869407654 -20.160844803 397.972686768
A 19.564508438 -73.237953186 254.086090088
A 322.022247314 -228.973403931 147.215270996
A 374.274719238 -225.509384155 262.082946777
A 103.664863586 8.420929909 324.384918213
A 88.630287170 -105.594116211 409.918701172
A 32.288372040 -40.383029938 260.825866699
A -3610.245117188 -1453.540283203 3552.760498047
A 175.516021729 91.457283020 225.310241699
A 215.242477417 -200.696334839 87.132080078
A 125.163322449 -97.839447021 405.416809082
A 77.291618347 -7.788380146 360.748870850
A 111.838829041 37.135246277 162.755325317
A -21606.832031250 6845.558593750 4438.612792969
A 84.664482117 -218.607940674 185.090896606
A 265.493286133 -89.887626648 457.920898438
A 110.055664062 -258.383422852 308.739227295
A 37.748474121 -92.046470642 339.909484863
A 328.455810547 21.141584396 342.828186035
A 321.240081787 68.074562073 308.882873535
A 186.160125732 92.966522217 289.816467285
A 394.726043701 7.336002827 248.616012573
A 417.199920654 -48.264118195 271.113159180
A 249.679122925 -262.901275635 150.009963989
A -2897.980712891 2694.305419922 -575.102783203
A 100.480461121 -134.992218018 415.943847656
A 256.763885498 -164.112060547 71.733947754
A 306.840301514 84.907859802 253.987487793
A 238.981002808 -224.649810791 415.595031738
A 93.206001282 5.225638866 146.044342041
A 391.905914307 -197.808349609 290.592163086
A 318.498321533 -6.729762554 112.693954468
A 269.330383301 -281.280456543 327.518768311
A 310.795623779 -109.943946838 446.213470459
A 161.294723511 -75.191848755 70.815589905
A 108.844970703 55.574142456 313.812011719
A 227.724914551 65.000747681 144.450149536
A 420.229003906 -71.349784851 247.019897461
A 279.632598877 -1.927621961 233.252059937
A 202.495361328 -256.682220459 381.322784424
A 126.309783936 -150.042404175 429.070251465
A 237.424026489 -287.409454346 202.476211548
A 250.673110962 29.968631744 108.367225647
A 164.195480347 -220.824157715 116.051078796
A 315.548919678 -35.589443207 425.938659668
A 77.573371887 -233.939056396 307.662841797
A 155.585037231 82.238922119 296.346343994
A 180.350387573 -266.476440430 164.185806274
A 355.271362305 -19.995292664 391.235229492
A 290.200927734 -133.595611572 75.617439270
A 192.307952881 -206.818374634 425.667175293
A 376.606384277 -132.349548340 384.772430420
A 207.118881226 -281.233703613 338.461639404
A 207.057708740 -168.843307495 445.544250488
A -12420.483398438 11398.670898438 2681.736816406
A 331.530670166 -188.244735718 120.451454163
A 360.126098633 -88.897277832 407.457580566
A 10582.884765625 4742.506835938 -24.804347992
A 291.344879150 35.161743164 374.135375977
A 30.326429367 -136.654113770 219.205825806
