533

A 381.635284424 -54.721904755 138.002700806
A 104.240615845 -190.609420776 410.863861084
A 336.036437988 -145.968368530 446.494506836
A 274.647094727 -302.694946289 278.486663818
A 422.140228271 -43.119953156 324.800384521
A 439.061370850 -100.424629211 291.592407227
A 315.707122803 -220.602203369 314.067016602
A 310.330902100 -110.900627136 445.980560303
A 334.358917236 -5017.017089844 -47858.257812500
A 434.211822510 -140.557113647 265.818084717
A 118.727409363 1.413281560 126.773262024
A 319.127563477 -79.542564392 397.209991455
A 313.006408691 -281.149353027 219.248596191
A 392.797302246 -28.622272491 380.185546875
A 69.693183899 -48.676105499 152.282241821
A 3291.922851562 -757.321655273 7264.566406250
A 257.063629150 -134.459884644 472.827972412
A 187.178405762 -279.779327393 366.395294189
A 97.832954407 -174.013900757 283.764984131
A 317.357757568 23.413423538 131.727111816
A 232.560684204 96.946617126 329.931121826
A 431.353271484 -137.592010498 301.579956055
A 219.888534546 -137.599304199 476.090576172
A 5993.876464844 4522.164550781 4.034321308
A 300.097442627 34.348922729 410.166473389
A 307.230895996 -294.677185059 303.910034180
A 340.665496826 -7.836708069 419.813537598
A 430.639129639 -69.759971619 321.399261475
A 409.811920166 -194.890502930 236.947692871
A 192.187164307 -53.558319092 98.599876404
A 211.073791504 88.753532410 189.468093872
A 427.823913574 -103.476211548 329.531768799
A 432.122680664 -59.495063782 233.937103271
A 319.616668701 -266.792694092 359.895294189
A 406.411590576 -194.525024414 328.883483887
A 85.978378296 -188.230758667 151.040832520
A 253.065368652 -3.515577316 453.746795654
A 99.458755493 56.442619324 290.871032715
A 426.883972168 -132.288208008 211.354812622
A 32.678951263 -105.083595276 315.540222168
A 379.964447021 -143.544952393 134.192642212
A 123.454269409 -101.546646118 92.263214111
A 145.298171997 15.250464439 121.218955994
A 281.833435059 -253.360351562 404.508636475
A -1118.905639648 377.081237793 283.025756836
A 299.308502197 -15.192491531 96.027145386
A -46110.492187500 60923.460937500 38722.628906250
A 205.300750732 92.948844910 324.950347900
A 145.782058716 54.333232880 377.036010742
A 140.582199097 -156.348464966 279.986419678
A 64.289459229 21.036825180 263.385711670
A 50.064453125 -60.142341614 178.666046143
A 90.405662537 -148.476745605 122.163528442
A 128.942626953 -209.296691895 416.408996582
A 251.786422729 100.242324829 306.642883301
A 208.237808228 -303.828948975 317.729522705
A 147.536300659 50.701423645 156.790496826
A 92.735610962 -255.889877319 286.127349854
A 77.220603943 -211.903594971 357.313873291
A -63398.417968750 15635.024414062 -48885.312500000
A 118.302124023 -71.764358521 99.335212708
A 230.785980225 -96.333137512 479.552825928
A 121.743843079 -174.260757446 430.768920898
A 172.837707520 -262.198150635 388.015258789
A 73.538818359 -239.420654297 267.549896240
A 324.596679688 -218.481781006 128.149505615
A 249.542022705 105.914855957 280.249359131
A 369.417388916 -254.199676514 236.766159058
A 376.473083496 -239.876541138 314.216674805
A 421.976593018 -182.080184937 271.999084473
A 419.927734375 -82.197593689 184.435089111
A 377.948852539 -168.172409058 215.301910400
A 359.053161621 -228.957885742 170.296463013
A 88.716468811 39.468441010 321.380279541
A 101.944869995 -249.300338745 348.811584473
A 56.921916962 -156.033050537 169.412811279
A 324.374206543 -37.457122803 99.804405212
A 274.017089844 -194.424667358 451.956451416
A 328.722442627 18.701627731 408.488525391
A 206.022338867 14.629230499 99.029396057
A 3906.051513672 -11958.125000000 22483.181640625
A 308.063964844 -12.808436394 441.335388184
A 133.330856323 -225.804702759 137.261276245
A 360.481231689 39.383728027 347.163269043
A 192.637176514 -158.487762451 75.577018738
A 48.711921692 -170.222412109 351.276885986
A 405.577697754 -84.198669434 158.506149292
A 238.559310913 -248.474044800 415.610198975
A 290.238006592 -43.043727875 461.968750000
A 181.431945801 -195.254928589 450.421783447
A 124.842567444 -230.950881958 393.802581787
A 157.392288208 -293.759979248 273.356262207
A 37672.171875000 -12842.169921875 -40922.917968750
A 407.199218750 -135.093948364 376.663238525
A 133.060028076 -258.105377197 181.155441284
A 422.004577637 -148.279037476 330.906738281
A -18913.449218750 -77522.960937500 9907.795898438
A 135.571090698 -146.692779541 91.118156433
A 300.433746338 -182.486801147 451.831359863
A 422.702178955 -162.852920532 222.380432129
A 68.334976196 -115.657066345 402.206481934
A 63.324668884 -84.837463379 155.210647583
A -2525.488281250 5810.952148438 5995.787597656
A 111.113197327 -207.351409912 140.297729492
A 363.460723877 -132.669860840 116.763603210
A 151.424987793 21.913263321 399.117431641
A 336.332031250 -212.570800781 408.585723877
A 213.681472778 -269.039825439 147.301574707
A 70.439025879 -88.970252991 133.004653931
A 209.112228394 -230.154098511 112.341064453
A 43.221530914 -185.502944946 226.238418579
A 345.120849609 -258.252655029 201.025787354
A 53.662441254 -22.434764862 196.454574585
A 278.814147949 -255.891098022 139.328521729
A 221.128387451 -309.753021240 240.472213745
A 383.309814453 -87.577270508 131.931533813
A 202.754852295 -51.164215088 71.030990601
A -1459.932250977 -79611.781250000 -19433.125000000
A 152.176940918 -259.447692871 162.063232422
A 266.935180664 -159.392196655 98.886917114
A 144.830917358 -14.090461731 104.363388062
A 224.647476196 -65.286766052 475.011138916
A 263.881500244 -223.715087891 137.651504517
A 78.886680603 -78.862884521 411.779632568
A -54592.273437500 -42199.890625000 -48857.660156250
A 413.244354248 -17.333036423 330.810882568
A 347.051849365 -268.003143311 229.026229858
A 333.558166504 -180.140121460 433.753692627
A 22.557111740 -95.498497009 287.102905273
A 46.929222107 -11.297821999 268.309997559
A 316.608154297 -77.258071899 459.533935547
A 210.520339966 -7.818565369 455.218170166
A 364.731475830 47.330333710 218.429550171
A 298.060913086 63.607711792 161.872604370
A 366.163085938 -81.430130005 114.687026978
A -801.364746094 -5680.233886719 1986.909667969
A 202.903228760 -190.158981323 83.022422791
A 186.656585693 -295.943847656 330.460327148
A 899.514282227 -724.074462891 103.704010010
A 282.166107178 89.050415039 323.309753418
A 169.638839722 61.628376007 156.065017700
A 108.015304565 -234.743301392 371.905090332
A 281.802246094 -77.211036682 68.802459717
A 253.492050171 -294.712677002 352.783172607
A 41.786094666 -25.296396255 298.078186035
A 28662.714843750 -9752.158203125 -41650.488281250
A 277.651580811 -155.483444214 467.878173828
A 254.910415649 -135.490722656 257.428924561
A -3889.996337891 -1158.726562500 1239.036621094
A 228.456985474 38.021800995 120.077575684
A 88.468856812 -206.988616943 245.114532471
A 77.741081238 -45.719058990 403.662231445
A 293.956756592 77.884574890 192.232772827
A 91.204254150 -248.462219238 245.069030762
A 147.583389282 29.108568192 411.943817139
A 63.807758331 10.841337204 218.896881104
A 382.620941162 -30.463569641 155.715148926
A 206.349426270 -99.894241333 60.620124817
A 373.364135742 -202.397796631 384.437744141
A 39.465881348 -123.719734192 350.773895264
A 70.727615356 -175.831512451 167.787155151
A 81.905250549 -24.712600708 162.759628296
A 243.603195190 102.739952087 228.962036133
A 271.314636230 56.168750763 398.399688721
A 131.567184448 63.132629395 198.424301147
A 81.186210632 -239.891036987 226.510894775
A 72.059707642 23.743259430 237.987731934
A 63.118217468 -219.339187622 298.294494629
A 94.815139771 51.273658752 249.210021973
A 353.246490479 -267.224243164 281.356781006
A 180.809616089 87.708129883 206.770187378
A 321.094573975 -263.109436035 174.713500977
A 31.178384781 -149.271240234 255.071945190
A 249.955978394 12.636500359 97.887969971
A 350.421539307 67.727325439 252.472549438
A 369.038116455 -172.346160889 136.591140747
A 366.284881592 3.034498215 385.854614258
A 307.344238281 -59.789035797 83.505950928
A 157.232208252 -288.883514404 329.797088623
A 167.393157959 92.499916077 263.529968262
A 283.635131836 -43.788787842 81.100326538
A 41.758750916 -126.759193420 186.953857422
A 421.104919434 -19.087991714 285.254852295
A 316.639129639 -209.586135864 426.558563232
A 188.328765869 80.527381897 355.664489746
A 175.313400269 -11.196478844 452.191894531
A 3988.696533203 9301.051757812 12729.363281250
A 251.244476318 102.518928528 254.701248169
A 88.859291077 -209.124359131 168.608474731
A 407.236083984 -210.634017944 271.109985352
A 185.674942017 -81.662788391 475.306335449
A 46.091545105 -18.551589966 234.121734619
A 363.575408936 -241.561294556 196.398117065
A 771.672058105 -1216.500488281 -57.656784058
A -28862.757812500 36747.472656250 29999.527343750
A 45.358341217 -186.337875366 314.708679199
A 309.111968994 -163.736770630 88.724609375
A 242.375274658 -255.468887329 130.273696899
A 76.051239014 33.350975037 289.325439453
A 39.868751526 -51.221370697 206.138900757
A 380.328887939 -177.915802002 394.821380615
A 235.802932739 -133.237152100 66.449172974
A 267.788482666 -212.886993408 96.585334778
A 142.750335693 -273.467071533 354.299072266
A 172.234130859 -182.028747559 90.963447571
A 120.247833252 69.116775513 279.728302002
A 165.226226807 -292.346313477 216.647949219
A 155.979598999 -203.358642578 435.975097656
A 281.199005127 -103.997909546 72.103912354
A 55.907928467 -211.205581665 234.290298462
A 270.460968018 -12.476906776 87.765373230
A 298.834411621 44.865623474 139.489898682
A 87.437759399 -103.328666687 118.360992432
A 161.869644165 -1312.094726562 -275.393066406
A 62.384674072 -153.217956543 383.743988037
A 384.035064697 39.746959686 249.758514404
A 251.962890625 -52.728683472 472.161132812
A 85.992385864 -129.036819458 128.807022095
A 264.185852051 -109.635292053 476.353851318
A 248.167358398 -33.069866180 73.850212097
A 326.614715576 -95.330039978 89.849845886
A 392.529632568 -17.419530869 261.840881348
A 190.837875366 -55.376525879 470.309356689
A 268.586090088 74.382072449 167.442474365
A 109.797348022 1.972516775 404.320068359
A 316.553649902 76.541580200 209.249252319
A 303.694213867 -289.734222412 248.528320312
A 230.994628906 -58.685771942 68.092590332
A 210.725387573 -293.307861328 269.081695557
A -6820.869140625 38130.121093750 -90536.625000000
A 54.638874054 -120.604217529 161.096008301
A 152.986663818 -160.246292114 453.753692627
A 160.482620239 -145.935958862 79.993896484
A 207.988067627 -140.463378906 66.652046204
A 204.593414307 102.388458252 274.286285400
A 243.140563965 94.680572510 206.571182251
A 419.917297363 -81.094757080 356.434020996
A 344.007537842 -152.762298584 105.054069519
A 394.826477051 -179.627609253 367.112640381
A 287.557373047 -272.210418701 374.276031494
A 77.970100403 14.641772270 194.979782104
A 372.192016602 -233.591827393 346.930480957
A 384.837066650 24.916656494 216.463226318
A 344.865722656 -116.731506348 99.099914551
A 408.114807129 -170.176101685 188.129791260
A 352.297912598 -43.637660980 112.971069336
A 50.693767548 -141.588958740 368.198150635
A 193.718292236 -250.939147949 411.708465576
A 257.289733887 31.965785980 426.227111816
A 407.755340576 -166.250518799 358.894927979
A 53731.503906250 24768.093750000 6444.163574219
A 683.030578613 -1614.616210938 -1073.783203125
A 413.578247070 -128.499908447 177.792221069
A 240.958541870 -308.356750488 264.497619629
A 181.509735107 77.774887085 179.614395142
A 318.812500000 -242.274047852 393.753692627
A 62.412689209 -33.063591003 373.646667480
A 167.463912964 -45.452281952 79.013862610
A 388.163330078 -64.726432800 401.417572021
A 351.777099609 -258.542724609 335.090667725
A 283.631225586 80.201057434 353.334899902
A 195.531661987 60.920959473 143.424209595
A 55.725128174 -95.666168213 383.108520508
A 389.747863770 21.953060150 320.789184570
A 33.395225525 -77.452774048 330.113403320
A 365.900390625 -41.150341034 417.569519043
A 296.529205322 -198.633483887 98.988189697
A 43.555660248 -194.305953979 283.382019043
A 309.217132568 58.559825897 377.197204590
A 363.828033447 -123.356941223 428.979919434
A 238.100067139 -19.344772339 462.823577881
A 313.416992188 85.429435730 298.979858398
A 313.028930664 73.453651428 343.120880127
A 354.145233154 -225.227920532 389.254486084
A 38.992935181 -183.269378662 261.726013184
A -3052.859863281 -15582.213867188 8180.559570312
A 324.910034180 -184.869598389 107.598320007
A 382.438842773 -1.883717895 170.675888062
A 124.921348572 -252.703109741 315.467193604
A 27.949625015 -132.819763184 306.880828857
A 1623.966186523 6330.923828125 4408.685058594
A 231.209640503 39.755233765 207.614151001
A 410.345214844 -28.741447449 195.972229004
A 153.970932007 -234.528442383 410.616424561
A 134.129318237 -29.211481094 443.824371338
A 403.929809570 -202.485839844 212.776779175
A 262.970489502 -142.954711914 70.455398560
A 127.263481140 -178.899566650 108.706413269
A 171.687545776 -141.403213501 467.123870850
A 36.400733948 -85.719474792 255.948272705
A 347.226257324 68.080764771 294.379608154
A 337.944183350 -279.298828125 258.389160156
A 374.423645020 12.109915733 366.378753662
A 243.844451904 -163.304595947 468.665008545
A 179.674194336 -99.922760010 187.175582886
A 366.781982422 52.192100525 279.980773926
A 176.138931274 32.870040894 124.028221130
A 268.096649170 51.061321259 135.197998047
A 142.653320312 -110.201873779 461.932861328
A 229.522232056 -215.848541260 443.850494385
A 421.591979980 -60.234344482 210.391677856
A 388.597167969 -231.337966919 235.507217407
A 423.509674072 -78.584922791 293.998748779
A 112.412490845 -66.224327087 439.332672119
A 406.550750732 -84.725463867 381.781005859
A 437.502716064 -112.171440125 268.017211914
A -26861.335937500 -39441.964843750 30475.476562500
A 190.526748657 -2.086819649 96.292999268
A 103.076873779 51.430831909 216.594161987
A 239.640579224 -277.584503174 379.345001221
A -1088.111083984 -3299.333007812 -2073.979980469
A 131.531295776 33.516700745 150.970474243
A 363.246826172 -146.063217163 422.951019287
A 391.386169434 5.980247974 195.358520508
A 34.791336060 -51.824180603 234.643447876
A 432.322082520 -104.311752319 232.365356445
A 30.351367950 -93.255676270 210.630737305
A 199.092208862 19.784055710 436.827239990
A 352.080810547 -59.278060913 434.878906250
A 115.922080994 -139.651718140 102.721717834
A 30.888509750 -58.090641022 304.506561279
A 288.383300781 96.635070801 249.897537231
A 170.391250610 -6.009912014 94.095100403
A 218.968658447 76.162094116 371.274627686
A 59.481658936 -72.665420532 384.882232666
A 285.833831787 95.283203125 283.066284180
A 333.092987061 -277.209503174 315.743743896
A 63.323238373 -205.815795898 335.690460205
A 243.570388794 -285.752807617 180.065032959
A 136.525421143 65.901458740 344.605621338
A 225.551986694 -10.316979408 80.606887817
A 61.685302734 -200.504943848 199.788833618
A 216.860107422 50.300037384 132.086517334
A 338.649658203 43.659122467 372.360626221
A 142.792556763 85.747367859 292.556304932
A 206.047271729 -104.232109070 476.572692871
A 309.115417480 -145.806777954 460.083801270
A 420.319122314 -121.898200989 350.106689453
A 427.752532959 -154.537399292 248.374786377
A 167.237792969 -251.247497559 143.608703613
A 110.431694031 43.559989929 359.253814697
A 345.546813965 53.572677612 202.863555908
A 397.268737793 -103.863388062 392.968170166
A 242.252960205 89.713928223 350.589569092
A -314.197723389 677.360717773 1675.758544922
A 256.126068115 -237.079589844 112.999465942
A -18256.402343750 51223.640625000 -4443.000000000
A 162.153045654 -43.570774078 456.761047363
A 420.550628662 -168.000320435 308.533264160
A 372.878875732 -248.251892090 285.957427979
A 60.268768311 6.692012310 299.922485352
A 222.687347412 -97.473388672 70.117630005
A 180.913848877 -231.199386597 427.165405273
A 399.953582764 -148.965026855 159.368743896
A 8535.782226562 3027.019775391 -4994.866699219
A 207.303451538 103.126937866 251.177902222
A 345.630126953 -85.051589966 446.098815918
A 140.928787231 -54.127471924 89.330749512
A 36.940475464 -159.674118042 313.844451904
A 114.667991638 -237.111907959 169.756576538
A 279.090850830 -295.843078613 218.970703125
A 281.222167969 -10.090464592 450.788146973
A 285.363861084 -272.514709473 173.774307251
A 256.919342041 70.752418518 376.493438721
A 233.347518921 63.199077606 391.751434326
A 232.961380005 45.386184692 416.376708984
A 405.779510498 6.776420593 305.160888672
A 210.399124146 -299.899749756 212.241409302
A 115.414413452 -273.840179443 244.378540039
A 157.205749512 10.969413757 431.275024414
A 343.460784912 -250.228469849 368.331970215
A 152.012161255 -292.991394043 303.597290039
A 141.240646362 82.809608459 248.037612915
A 352.355438232 20.245517731 156.875518799
A 291.144744873 -286.201507568 190.153442383
A 1923.463256836 -2160.468261719 1.454069614
A 117.989356995 66.347152710 238.104141235
A 362.722381592 -204.973495483 153.189147949
A 177.295745850 -110.619758606 71.139602661
A 213.661682129 -287.865844727 181.909057617
A 46.419166565 -28.409425735 329.497985840
A 171.491561890 -281.724243164 190.498825073
A 189.343261719 54.302593231 401.455505371
A -14681.382812500 11452.445312500 -15961.404296875
A 346.046722412 -76.878189087 98.846183777
A 166.087982178 -203.533264160 102.807228088
A 402.746276855 -48.950931549 170.247772217
A 228.052673340 -309.294342041 299.376495361
A 306.813476562 -289.033294678 328.626190186
A 186.921951294 -163.296188354 466.461700439
A -10675.880859375 5019.727539062 -9143.577148438
A 311.330047607 -293.861145020 268.319366455
A 365.572174072 48.537887573 318.295318604
A 312.085784912 -113.461685181 79.337432861
A 117.795783997 -29.358142853 112.674827576
A 423.492004395 -28.152555466 241.944793701
A 192.042068481 -306.648010254 275.398529053
A 60.039825439 -7.355709076 341.531860352
A 205.553527832 37.194908142 421.209747314
A 73.282470703 -4.810025215 170.025863647
A 104.352340698 -254.901428223 208.862686157
A 393.220458984 -112.482452393 142.535705566
A 145.852920532 -74.064796448 459.540618896
A 77.030494690 18.849014282 343.044281006
A 37863.250000000 -46007.406250000 58435.750000000
A 387.749481201 -213.384155273 342.924011230
A -7100.405273438 817.140686035 4495.152832031
A 1578.038940430 -3619.403564453 -572.029785156
A 145.270126343 -257.745697021 379.613403320
A 150.716339111 80.102897644 207.890075684
A 408.899108887 -2.513066053 223.967742920
A 302.339294434 -236.210754395 130.929458618
A 41.906917572 -159.435302734 204.868911743
A 352.342254639 5.243585110 138.549560547
A 283.717102051 92.535919189 215.542724609
A 358.937377930 -176.667556763 415.415191650
A 87.898170471 -166.355422974 133.022720337
A 140.749694824 -207.002502441 116.139228821
A -3446.311767578 2207.541503906 97.191223145
A 295.836486816 -236.151611328 416.022613525
A 174.703033447 -113.173439026 471.997283936
A 385.991302490 -185.626602173 162.632705688
A 160.901916504 80.013572693 330.759216309
A 226.202621460 -26.590135574 453.996032715
A 142.702987671 -290.312713623 246.650650024
A 112.203025818 -99.063049316 448.174560547
A 262.681152344 -305.045074463 242.893630981
A 253.518676758 -284.131347656 342.465484619
A 316.141571045 0.984384358 272.928253174
A 146.944458008 -106.455993652 78.013397217
A 362.268432617 -19.215824127 135.234786987
A 280.045928955 -218.745834351 438.445892334
A 28884.050781250 56121.718750000 26780.451171875
A 85.443351746 -149.718582153 412.384582520
A 289.450683594 19.225313187 432.877838135
A 262.158294678 -305.859588623 305.021240234
A 422.560516357 -101.314544678 198.577438354
A 91.830116272 -32.366283417 131.943588257
A 101.394180298 37.973880768 191.889266968
A 251.399200439 -264.821929932 396.517120361
A 332.312103271 74.181556702 231.722396851
A 41.496223450 -90.580062866 184.507415771
A 48.814228058 -48.090007782 349.498992920
A 246.021987915 -188.503356934 83.441596985
A 157.459625244 -24.724246979 427.515960693
A 109.657608032 -40.350757599 428.545532227
A 246.457748413 -194.566574097 456.793060303
A 406.717102051 -48.728389740 365.821533203
A 392.618743896 28.171239853 283.531921387
A 178.022521973 -300.023468018 242.946136475
A 287.554107666 -65.343765259 468.135192871
A 134.940353394 -275.053985596 208.339447021
A 175.152481079 66.477561951 378.385864258
A 82.400634766 -180.688156128 393.109497070
A 26.250936508 -137.533035278 276.326812744
A 198.304138184 -248.457015991 130.729522705
A 235.492553711 85.206756592 176.967041016
A 184.932937622 -34.549476624 305.038452148
A -4778.670898438 43913.648437500 -56116.308593750
A 351.902587891 36.498275757 176.345916748
A -492.212249756 -1327.777099609 185.286590576
A 84.407585144 -203.993164062 381.243286133
A 387.763763428 -213.491149902 194.909591675
A 95.203025818 -65.801231384 116.797859192
A 294.790832520 14.928709984 111.483314514
A 8209.944335938 -528.046264648 -1828.925659180
A 399.065429688 -8.522198677 350.535552979
A 255.961273193 -82.349510193 64.803581238
A 110.443222046 23.254304886 382.578430176
A 122.724586487 -281.152435303 286.046203613
A 9415.872070312 10749.472656250 20567.197265625
A 327.509063721 51.143039703 170.367172241
A 23.900161743 -107.917373657 234.911926270
A 100.806671143 -20.375986099 413.927795410
A 20.128086090 -76.673377991 263.664245605
A 334.923583984 -237.721466064 152.862670898
A 388.633789062 -234.082550049 272.193481445
A 107.568267822 8.627193451 336.749023438
A 92.028579712 -109.539123535 426.404785156
A 33.714778900 -41.521701813 270.665985107
A -3749.856933594 -1510.118408203 3690.592285156
A 182.772094727 95.456321716 234.149612427
A 224.392608643 -208.246582031 90.353706360
A 130.254806519 -102.386848450 421.141937256
A 80.368057251 -8.036799431 374.856414795
A 116.265251160 38.500377655 169.179809570
A -22444.851562500 7111.289550781 4610.604492188
A 88.169746399 -226.968490601 192.238952637
A 276.187683105 -93.646728516 475.658203125
A 114.635536194 -268.297973633 320.995574951
A 39.082187653 -95.439064026 353.549957275
A 341.065277100 21.771415710 355.877899170
A 333.854919434 70.257225037 320.676055908
A 193.831146240 96.538421631 300.995819092
A 410.154205322 7.365697384 258.368041992
A 433.345611572 -49.640483856 281.611724854
A 259.741516113 -273.179260254 156.397567749
A -3010.732666016 2798.647460938 -597.624511719
A 104.422119141 -139.940719604 431.895355225
A 266.919616699 -170.582168579 74.640632629
A 318.852416992 88.425178528 263.898590088
A 248.111312866 -233.541183472 431.975250244
A 96.996391296 5.688832283 152.022338867
A 406.828186035 -205.551452637 301.995513916
A 330.848358154 -7.193686485 117.729660034
A 279.330718994 -292.177276611 340.648803711
A 323.010833740 -114.156517029 463.826843262
A 167.643722534 -78.021133423 74.041954041
A 113.196807861 57.500267029 325.711914062
A 236.855072021 67.539367676 150.290954590
A 436.315979004 -73.798118591 256.405029297
A 290.449157715 -1.647583127 241.851226807
A 210.386810303 -266.484191895 396.133209229
A 130.569091797 -155.622604370 445.746520996
A 246.364883423 -298.867584229 210.456069946
A 260.741424561 31.091615677 112.497840881
A 170.226318359 -229.303497314 120.621192932
A 327.773315430 -36.900638580 442.705078125
A 80.440032959 -242.993225098 319.417572021
A 161.455780029 85.190971375 308.104492188
A 187.363128662 -276.434631348 170.653045654
A 369.426635742 -20.989013672 406.224487305
A 301.710693359 -138.580261230 78.403877258
A 200.116256714 -214.400253296 442.128417969
A 391.179748535 -137.550613403 399.619628906
A 215.146118164 -292.612060547 351.469482422
A 215.175415039 -175.476821899 462.935119629
A -12901.733398438 11840.709960938 2785.222900391
A 344.786804199 -195.496643066 125.026924133
A 373.789459229 -92.466926575 423.062591553
A 10993.338867188 4925.922851562 -25.902595520
A 302.702484131 36.614349365 388.857421875
A 31.532897949 -141.832168579 227.598190308
