533

X 4973.436035156 1408.497802734 -4493.687988281
X -376.506195068 -474.716094971 648.207641602
X 104.266151428 -137.110687256 1.907216549
X 146.041442871 -28.967658997 124.382026672
X -12.270156860 -214.624740601 92.022171021
X -22.829534531 -178.828948975 107.690345764
X -4893.627929688 3985.933837891 -144.280487061
X -4056.936767578 256.958801270 -8648.730468750
X 176.491485596 -3324.342773438 -31784.250000000
X 34.679950714 -124.974754333 141.738800049
X 281.250366211 -270.296875000 257.585235596
X 3228.878173828 -2721.996337891 -1036.068969727
W 84.287322998 5.267085075 176.498031616
X 4599.067382812 2118.841308594 3134.595458984
X 332.974700928 -209.514312744 236.520980835
X 6740.133789062 -1588.877807617 15220.207031250
X 151.807464600 -164.041900635 -63.093219757
W 213.999969482 14.708639145 44.321193695
X 512.743225098 -1471.578979492 -5386.236328125
W 91.096908569 -277.488311768 271.551055908
X 346.771697998 5512.128417969 1698.005493164
X 2.355378151 -126.927467346 114.628158569
W 187.274749756 -144.838958740 -64.615234375
X 12925.343750000 10251.342773438 -496.352783203
X -617.363159180 -2098.776855469 -2264.239990234
W 102.495880127 20.536586761 103.037139893
W 68.247543335 -256.949707031 -1.260794640
X 6619.169921875 753.420349121 1628.819946289
X -5928.082031250 3315.427246094 1471.444702148
X -1896.821655273 2382.274414062 -7900.008300781
W 185.098403931 -340.506195068 215.842834473
X 2.756254673 -162.345870972 80.923454285
X -5089.944824219 -1265.734619141 892.814208984
X 125.112442017 -85.422058105 85.880638123
X 10.705216408 -73.598190308 61.666488647
X -2770.396484375 -1687.526977539 -2073.145263672
X 1067.064819336 2512.232666016 5094.096679688
X 1009.253112793 -1089.072265625 -45.102092743
W -14.109807014 -127.243301392 179.469497681
X 5681.778320312 -518.250549316 -880.906005859
X 92.398193359 -137.839538574 199.358306885
X 279.345153809 -162.380264282 299.219329834
X 214.062881470 -216.733673096 191.407577515
X 130.793960571 -37.599754333 5.057503223
X -13060.427734375 4452.461425781 94.957458496
W 116.380157471 -244.036834717 303.325592041
X -24788.308593750 32716.617187500 20784.236328125
X 185.742996216 -301.956939697 92.594635010
X -1607.642456055 3846.617675781 2575.898681641
X 9654.940429688 5140.429199219 -590.053100586
X -5180.274902344 4140.131347656 -274.733917236
X 342.519683838 -208.853500366 230.572769165
W 309.414672852 -102.718276978 262.698242188
W 293.428070068 -71.868354797 -0.453874350
X 168.571121216 -344.406494141 96.814048767
X 189.770248413 18.390052795 100.716438293
X 259.068328857 -296.247070312 250.531600952
X 296.272003174 -47.585346222 120.737052917
X 4722.207519531 3284.449707031 -2863.358886719
X -34559.796875000 8508.541992188 -26637.236328125
X 283.807952881 -190.579498291 293.503936768
X 290.405059814 -320.494018555 -4194.303222656
X 2659.132812500 1087.504028320 -3581.701171875
W 239.281814575 -12.379375458 16.708692551
W 324.079193115 -31.075471878 148.684646606
W 86.415672302 -42.830413818 258.996185303
X 165.844299316 -356.420837402 106.586776733
X 132.039581299 -113.663703918 140.616928101
W 38.274406433 -26.456113815 86.228187561
X -5.640099049 -81.519493103 146.828216553
X 136.168563843 -164.351043701 153.503158569
X -5513.141601562 3880.390136719 1318.097778320
W 50.718547821 -34.755924225 215.659103394
W 303.809234619 -299.332885742 82.968917847
W 307.658843994 -26.857799530 66.996528625
X 323.903869629 -87.097160339 232.267456055
X 91.714912415 -230.115203857 300.752807617
X 140.047592163 -81.244438171 -20.464591980
W 94.897338867 -278.536712646 -1.496673346
X 202.218383789 -257.437622070 305.963592529
X 3508.953613281 -10981.394531250 20585.470703125
X -3460.131347656 -4056.347167969 -7898.669921875
X -2553.934814453 -2584.604003906 -2945.427978516
W 55.988071442 -287.399139404 40.738712311
W 205.660186768 -109.060707092 318.933959961
W 348.139129639 -102.119812012 53.594890594
W 11.485854149 -175.522506714 241.891632080
W 154.298828125 -18.904949188 -7.811921597
X -1750.248291016 -1903.286499023 -6616.787109375
W 227.390594482 -83.993949890 -43.597797394
X 186.446090698 -157.336730957 123.826828003
X 264.875610352 15.224325180 138.300018311
X 23331.625000000 -7949.629882812 -25354.150390625
X 72.885498047 -138.625610352 72.646919250
W 269.468078613 -14.063144684 218.297683716
W -13.744117737 -127.037452698 71.851333618
X -10384.991210938 -42456.488281250 5420.033203125
X 269.490203857 -120.112991333 298.658386230
W 101.659065247 -97.543197632 -42.940898895
X -6654.203125000 1979.697631836 1209.123779297
X 332.318572998 -147.565277100 13.057232857
X 7207.267578125 -965.755920410 5389.948242188
X -5239.826171875 11457.134765625 11330.132812500
X 301.978912354 -69.691719055 248.164093018
W 48.686897278 -138.908935547 280.553588867
X 3898.837646484 -5344.799804688 -6084.014160156
X -1833.199829102 1571.817138672 -2306.382080078
W 190.555709839 -6.303250313 248.943115234
X 321.200378418 -174.275604248 251.234588623
W 192.943695068 -33.324329376 277.633880615
X -2292.292236328 -1666.933959961 -927.268920898
X 63.047897339 -34.398242950 199.468261719
X 337.786468506 -239.330108643 210.817169189
X -633.035522461 3021.029785156 3228.597900391
Q 191.402984619 30.783872604 173.970077515
X -3731.177246094 -949.810913086 3820.108642578
X 171.182159424 -207.911987305 297.813995361
X -796.476928711 -43330.972656250 -10612.636718750
X 235.801834106 -50.261066437 195.834182739
X 27.735012054 2127.070800781 4055.024414062
X 251.499542236 -255.887084961 289.426696777
W 166.703689575 -218.712753296 -54.318668365
X -1061.860229492 5651.353027344 6633.449707031
W 311.396392822 -189.951004028 -6.162372589
X -29429.757812500 -22727.308593750 -26330.093750000
W 12.646800995 -249.822204590 62.457279205
W 60.503108978 -7.963086605 172.478790283
X 70.781524658 -90.121604919 -22.624183655
X 354.659027100 -153.176330566 110.985069275
X 1321.612670898 -744.729370117 89.574981689
W 108.481857300 -211.260894775 -46.698841095
W 178.623794556 -260.659210205 -34.022434235
W 51.866424561 -314.246856689 162.743164062
X 120.257728577 -321.609832764 237.029525757
X 45.223361969 -181.701782227 272.138885498
X -2638.595703125 -14938.840820312 4788.959960938
W 204.990692139 -81.941726685 308.348846436
X 230.552154541 25.177421570 90.882904053
X 10238.560546875 -9118.963867188 -2269.566894531
W 139.111526489 -342.269989014 68.302307129
X 223.541442871 -310.811248779 252.711990356
W 303.841674805 -42.902114868 37.183811188
W 130.013259888 -176.157974243 324.346099854
X 153.585937500 -2.358381510 67.531394958
X 2377.761718750 -1361.170776367 -490.509918213
X 18454.136718750 -6274.708496094 -26925.541015625
W 124.162368774 -121.188262939 -55.664810181
X 281.329803467 574.049133301 -8181.317871094
X -14214.809570312 -3904.370605469 3437.806640625
X 179.587310791 -202.891448975 170.133255005
X -10289.007812500 -7598.132812500 -1810.409790039
X 308.958007812 -224.314468384 5.382650375
X 107.983306885 -324.993347168 186.339324951
X 5877.627929688 5424.835937500 1042.649536133
X -123.304550171 459.325042725 778.850097656
X 326.922241211 -276.689331055 181.194869995
W 36.749347687 -233.531845093 255.577133179
W 183.338043213 -171.182449341 329.656677246
W 25.468568802 -78.909805298 26.999944687
X 355.112854004 -151.724899292 57.532222748
X -177.450332642 3.927386284 471.104919434
X -3228.408447266 2595.356689453 -3588.408447266
X 168.525161743 -280.379821777 149.848098755
W 148.372222900 -306.617126465 6.170567513
W 275.697265625 -323.145416260 186.145141602
X -3481.485107422 -3371.189208984 -453.474487305
W 322.882293701 -293.934173584 140.085144043
W 335.563751221 -45.223449707 118.267425537
X 315.762695312 -293.543975830 134.713806152
W 46.313266754 -13.965953827 136.851089478
X 218.780838013 -324.483886719 178.943222046
W 96.334297180 -11.030501366 227.343765259
X 367.796203613 -117.843276978 140.623550415
W 157.448913574 -275.262695312 295.364807129
X 165.156097412 -188.301605225 135.133010864
W 27.659175873 -97.729942322 244.235778809
X 3686.185058594 2758.582031250 3511.008300781
X 138.490707397 -179.775115967 221.684326172
W 258.570281982 15.850073814 93.101036072
W 232.404052734 -349.394348145 126.603767395
X 546.250305176 332.125976562 -1862.596801758
X 348.449493408 -121.607772827 214.694885254
X 14.298331261 -230.995239258 128.647125244
X 73.053344727 -49.173603058 2.785285711
W 209.371246338 -329.749572754 41.697963715
W 218.865036011 -260.511260986 -29.231199265
X 4789.141601562 11515.943359375 15545.137695312
X 162.793197632 -351.288177490 148.144226074
X -6169.215820312 -4195.352539062 -3872.875000000
X 927.725219727 -540.301452637 73.351341248
X 201.300445557 -184.421569824 36.157592773
X 350.374084473 -245.728134155 156.261505127
X -4592.941406250 5557.748535156 3205.477783203
X 6006.640136719 -12175.011718750 -3409.180908203
X -18102.273437500 22990.630859375 18765.078125000
X 349.416809082 -87.556213379 90.234497070
X 115.296531677 -104.418525696 288.662170410
X -700.935791016 5413.712402344 4717.662597656
W 312.483337402 -299.569763184 110.813453674
X 350.741790771 -217.063064575 196.694274902
X -1671.463745117 769.392883301 -1319.937866211
X 162.623626709 -532.757751465 -3902.314453125
X 155.900436401 -80.686683655 261.365539551
X 273.235626221 -1.230981350 66.046005249
X 232.158462524 -73.751121521 298.972595215
X 272.741027832 -292.818725586 111.867515564
X -1326.433837891 -3706.211425781 -1044.116333008
W 265.030609131 -74.651283264 -23.032320023
X 893.440979004 248.307495117 -2484.976562500
W 338.703735352 -57.573951721 171.273468018
W 148.060760498 -243.960433960 311.440002441
X 133.181686401 -302.158508301 250.335494995
X 320.295074463 -150.393310547 264.424041748
X -746.560852051 -12734.360351562 -5638.279785156
X 335.910736084 -112.230445862 27.859640121
X 62.666263580 -292.698486328 148.945968628
X -114.581283569 -1424.019287109 -2046.662475586
X -3871.201416016 -1025.169067383 -3832.081787109
X -721.864746094 -203.757766724 -5110.703125000
W 167.307495117 -220.680709839 322.294311523
X 122.283393860 -170.189788818 235.060379028
X 8418.004882812 4302.388671875 209.882369995
W 215.931365967 -215.766067505 -50.579059601
X 162.186843872 -329.320892334 235.690307617
W 282.196380615 -279.080932617 16.784189224
W 92.269691467 -334.098083496 190.797576904
X 3061.340332031 -5034.769531250 -124.391883850
X 66.436027527 -1583.092895508 5297.338867188
X -215.135040283 -5700.056640625 1197.585571289
X -3516.128173828 19641.691406250 -46652.128906250
X 341.295837402 -142.634918213 232.912307739
W 258.580230713 -121.088729858 -43.080184937
X 240.353256226 -127.975006104 293.739898682
W 190.841400146 -128.921905518 324.820007324
X -290.242126465 4562.914550781 35.642395020
W 160.920837402 -353.704071045 170.417678833
X -5.771146774 -176.492553711 49.144001007
W 74.156959534 -116.225906372 294.246948242
X -2517.716552734 689.642150879 -2162.422119141
W 104.915077209 0.850673616 38.186359406
X 290.129028320 -247.226669312 183.429428101
W 32.437030792 -44.347377777 58.885921478
W 18.608430862 -274.676605225 182.695587158
X 146.021041870 -163.603652954 177.749053955
W 1.340118408 -93.672752380 196.795562744
W 57.838424683 -219.228836060 281.692749023
X 6269.561523438 1517.920532227 -3296.795654297
W 208.982513428 -9.255058289 6.153927326
X 830.041381836 3684.740966797 4349.117187500
X 33.105293274 -90.352035522 40.801357269
X 32767.015625000 15104.012695312 3889.865234375
X 3210.006591797 -10332.396484375 -9317.983398438
W 7.749266624 -122.202789307 228.967864990
W 166.307220459 35.977306366 131.399520874
X 213.947952271 -339.767700195 205.680725098
X 550.644226074 -637.950988770 566.140075684
X 324.378875732 -235.817214966 32.015731812
X 226.141448975 -225.000549316 314.274963379
X 22.711999893 -211.098678589 16.927511215
X 133.447174072 -105.979560852 111.608123779
X 145.442962646 -307.739562988 68.974479675
X 194.702819824 -316.531127930 254.866821289
X -9257.043945312 212.180999756 6259.921875000
W 29.047399521 -282.034820557 80.002090454
X 364.987976074 -168.661453247 78.497573853
X -843.161987305 -1257.776489258 -1365.360229492
W 124.630271912 -80.604354858 303.293548584
W 352.080932617 -72.525169373 133.956130981
W 108.101669312 -305.834106445 20.585088730
W 42.998394012 -153.361679077 -17.313915253
X 654.417663574 1933.356079102 4518.370605469
X 90.063583374 -331.334533691 102.928031921
W 108.462509155 -330.874237061 63.489063263
X 84.604003906 -71.673461914 43.284362793
X 268.350982666 -115.131111145 133.752639771
X -3669.656982422 -17951.054687500 9308.047851562
W 95.298889160 -90.532234192 296.272338867
W 31.785253525 -265.011962891 224.826965332
X -1839.782226562 -3827.278320312 -2895.173095703
X 299.110992432 -144.379119873 112.525611877
X 3147.229736328 13673.995117188 8900.405273438
X 824.997375488 2237.876708984 5159.008789062
W -1.084910512 -229.847305298 195.893173218
X 266.559997559 -37.986225128 5.642686844
X 260.176300049 -227.686126709 -15.610084534
W 4.826222420 -66.742881775 166.071426392
W 156.493026733 -124.745582581 324.451324463
X 208.377334595 -136.755874634 169.099853516
X 179.885437012 -166.521331787 127.575378418
X 8923.983398438 -717.160705566 274.007873535
W 77.892387390 -328.701049805 99.632911682
X 3334.730957031 -5220.709960938 -396.821960449
X 45.137245178 -260.779266357 24.516386032
W 175.063064575 -107.062362671 -60.211879730
X 6329.911132812 -1017.343688965 5577.601074219
W 51.966487885 -315.122955322 130.282455444
X 233.037490845 -291.531585693 270.670837402
W 150.416549683 -303.389617920 271.338134766
X 234.129592896 -169.198471069 16.564577103
W 172.062713623 -48.760158539 -33.883098602
X -17.047851562 -195.959793091 170.074508667
X 34.194244385 -71.216384888 155.336608887
X -5706.091308594 -586.847473145 -1714.954589844
X 228.666976929 -185.840988159 42.476726532
X 5700.104003906 646.850158691 3781.722412109
X -13.657644272 -147.096405029 142.238525391
X -16744.414062500 -24487.626953125 18921.267578125
X 1666.881103516 -2164.273681641 5145.066406250
X 297.640655518 -307.434600830 180.175079346
X 164.040695190 0.353170961 42.401844025
X -4754.203613281 -11589.526367188 -8438.901367188
X -1476.038940430 2459.503417969 -2030.236083984
X 4769.878417969 -1412.549194336 5118.732421875
X 38.145042419 -255.613388062 190.761688232
X 361.465484619 -211.876113892 158.967956543
X -23.447584152 -158.444885254 155.684509277
X 365.135284424 -168.366470337 182.075103760
X 191.790390015 -232.980056763 34.585777283
X 73.151802063 -215.955139160 -27.165117264
X 292.927032471 -114.635536194 280.306060791
W 362.491577148 -209.521667480 100.001365662
W 125.931648254 -350.989013672 131.454452515
X 221.012832642 -249.725112915 294.949249268
X 261.589477539 -2256.576416016 -1021.260131836
X 343.636749268 -176.771331787 31.475997925
X -461.215545654 -2566.855224609 -394.475280762
W 63.389427185 -4.859275818 88.189605713
W 335.221191406 -67.096733093 59.465690613
X 174.826049805 -142.417892456 143.582778931
W 265.584533691 -315.263244629 54.480663300
X 209.884536743 2086.698974609 -4233.431640625
X -2023.482299805 -1409.402221680 -780.489501953
X 179.024322510 -238.192718506 202.436645508
X 81.452087402 -279.095092773 41.784988403
W 247.633911133 -338.363098145 92.525085449
W 189.648498535 -179.247741699 -62.677864075
W 86.411201477 -131.022796631 -43.315406799
X -9.993355751 -141.972564697 63.922653198
X -6773.934082031 2085.020751953 923.914794922
X 239.004089355 -17.784538269 246.953857422
X -2556.201171875 3224.211669922 2178.895019531
X 101.005493164 -298.528747559 179.794998169
W 14.209560394 -178.398895264 16.648086548
W 174.858016968 -342.723510742 58.931625366
X -4318.750000000 6251.708496094 11905.712890625
W 153.640213013 -44.795734406 286.802825928
X -11510.145507812 32278.792968750 -2866.661865234
W 242.663391113 -233.682250977 -35.991008759
W -14.863872528 -109.195884705 96.320083618
X 815.897583008 -744.267822266 125.588676453
X 216.164947510 -191.407119751 126.825157166
X 205.964080811 -761.894592285 5261.227539062
W 229.831039429 -47.105781555 -21.862289429
X 28.619087219 -125.865798950 221.110809326
X 14245.524414062 5282.695800781 -8939.129882812
X 189.200820923 -356.914825439 131.838745117
X 80.739387512 -193.694580078 -36.176700592
X 258.907958984 -211.482452393 303.058319092
X 364.545776367 -115.760787964 92.979827881
W 290.071685791 -29.967603683 221.209732056
X 131.812255859 17.402008057 185.254119873
W 138.221237183 -245.276641846 -40.159553528
X 2626.463867188 -7866.154296875 -4231.559082031
X 797.805419922 4669.431640625 3254.710937500
W 173.325057983 -319.454254150 20.079469681
W 184.796203613 -288.690887451 -13.047900200
X 2611.932128906 1363.359863281 517.786071777
X 197.305053711 21.803255081 192.507064819
X 290.312652588 -4.737943172 161.877243042
X 240.143951416 -278.572418213 -4.122589111
W 72.493881226 -24.152200699 30.132432938
X 1836.112060547 2983.013916016 -291.138916016
X 257.774688721 -339.730621338 145.343643188
X 73.471466064 -255.385299683 225.300201416
W 128.295989990 4.137174129 223.903396606
X 9393.663085938 -11204.535156250 -1156.247314453
X -1288.506225586 2139.357421875 -410.692504883
W 38.841484070 -64.659301758 233.379150391
X -2002.700683594 85.120903015 -8865.514648438
W 200.076293945 11.609333992 219.583511353
W 349.552215576 -237.905807495 87.763221741
W 245.193176270 2.364460945 213.220092773
X 1090.542358398 -3465.172851562 -2769.793212891
X -13759.344726562 10714.167968750 -15054.632812500
W 68.635253906 -180.160247803 298.193023682
X 237.656402588 -69.068519592 284.030151367
W 7.777302742 -203.783752441 228.812622070
X 178.875137329 37.329441071 108.138465881
X 113.131805420 14.765577316 79.927383423
W 229.719558716 -114.279190063 -51.230819702
X -13776.121093750 6415.670410156 -11947.857421875
W 95.939964294 17.946590424 138.161499023
W 56.505653381 -308.756591797 82.493156433
X 110.642517090 -160.803771973 309.431213379
X 288.069732666 -229.033996582 279.443786621
X -5777.875000000 -2063.445800781 972.259033203
W 214.131790161 33.301799774 131.636016846
W 330.022491455 -257.970916748 64.094268799
X 411.192657471 -2475.683349609 -2525.614257812
X 322.036499023 -256.262237549 219.033752441
X 303.603302002 -22.295434952 186.415176392
W 20.590421677 -154.157135010 254.323257446
W 265.299255371 -200.094955444 -37.675380707
X 301.975799561 -287.293487549 56.415771484
X 20506.220703125 -24912.652343750 31640.941406250
X 6607.386230469 -4713.154785156 3212.010986328
X -14410.447265625 1650.880126953 8556.213867188
X 5347.646484375 -13800.324218750 -3078.284423828
X 272.424255371 -20.813619614 30.366300583
W 253.070159912 -336.287506104 182.406890869
X 7.394659042 -258.752014160 168.933258057
W 120.551467896 -23.477104187 258.261779785
W 350.706207275 -94.872261047 187.449584961
X -1988.825927734 -1910.228637695 2262.178710938
W 126.488464355 -347.421569824 179.915161133
X 42.482166290 -84.799499512 3.408039570
X -1941.520874023 -1276.315551758 -1669.726074219
W 272.364227295 -64.189117432 270.834289551
X -12711.716796875 7979.571289062 -577.004577637
W 111.413055420 -30.043060303 -6.037071228
W 248.533355713 -162.279281616 -50.645385742
X 115.194854736 -126.018760681 175.008163452
X 251.682388306 -326.002563477 65.027549744
X 989.004882812 1728.384155273 5402.220214844
X 224.243026733 -70.413291931 145.304916382
W 288.232513428 -169.140502930 -29.301156998
W 144.901626587 31.125953674 158.288772583
X -644.457946777 6984.672851562 -2025.881713867
X 5138.532714844 6906.091796875 1324.883789062
X 244.234466553 -150.608078003 316.590698242
X 2903.691650391 2113.264160156 -3085.397705078
W 126.280227661 -49.430755615 -27.703708649
X 16705.802734375 32470.990234375 15458.167968750
X 311.872222900 -108.725105286 -2.358169317
W 131.639083862 -274.094482422 -19.505228043
X 161.428039551 -15.527605057 114.111755371
X -5917.285644531 -113.237014771 2221.792480469
X 3924.860107422 -2051.593017578 3623.002929688
X 296.896423340 -284.426147461 207.601715088
X 395.805633545 -3039.513671875 2507.725097656
X 3838.354980469 6582.745117188 -1316.696411133
X 349.630065918 -173.625106812 218.102584839
W 345.591094971 -212.451904297 51.281250000
X -335.274139404 3142.295410156 6471.024414062
X -3454.058349609 3878.106201172 7748.000976562
X 1916.756103516 -1488.542724609 -2633.828369141
W 155.944259644 -82.600616455 -50.849891663
X 28.201232910 -232.622589111 23.272462845
X 22.148010254 -281.401336670 104.739364624
W 245.446777344 19.092592239 167.998016357
X 169.658020020 -182.338302612 74.583244324
X 1408.116455078 1788.333374023 1001.927978516
W 220.859161377 -310.382232666 17.286684036
X 3845.483398438 2136.574951172 -3335.286132812
W 370.679840088 -131.835922241 119.649063110
X -187.337783813 -3435.790283203 -3273.920166016
X -32.790195465 -5088.451171875 2484.968017578
X -1405.216064453 -3008.189208984 -6100.757812500
X -2719.540283203 25009.009765625 -31941.654296875
W 59.847511292 -292.844329834 229.728973389
X -7047.503417969 -12042.724609375 -629.296325684
X 276.374786377 -100.872375488 55.237339020
X 3909.060302734 -2443.100341797 -1637.108276367
X 310.321563721 -200.969955444 267.335235596
X -182.990142822 -863.733154297 1135.552368164
X 16352.965820312 -993.658874512 -4133.128417969
X 416.852416992 210.468093872 425.588012695
W 147.873474121 -187.341720581 327.530456543
W 279.536895752 -279.462738037 24.948490143
X 282.965026855 3.486945152 114.900405884
X 8756.245117188 10039.834960938 19155.546875000
X 81.119522095 -319.894378662 208.405578613
X 368.584869385 -160.346054077 153.555633545
W 277.367156982 -244.642379761 -12.632626534
W 373.006866455 -170.980804443 139.746551514
X -118.883117676 -624.371459961 1026.705322266
W 26.221994400 -33.695659637 142.625091553
X -5606.690429688 5275.582519531 3587.427490234
X 261.867156982 -159.805267334 13.151709557
W 357.455047607 -232.754974365 119.985969543
X -11243.555664062 -4263.016601562 10023.694335938
W 219.869277954 -348.978759766 154.921966553
W 160.411483765 -65.459564209 298.284027100
X -4993.724121094 422.564636230 7873.326660156
X 405.719940186 -364.947174072 -64.668090820
X 201.978027344 -200.336151123 160.946548462
X -21454.888671875 6721.199218750 4252.099609375
W 317.812927246 -58.354686737 217.426010132
W 136.796264648 -190.300216675 -58.722457886
X 241.611312866 -81.592063904 115.904464722
X 1543.295043945 -308.382568359 -492.433898926
X 5089.023437500 1746.704833984 3158.630859375
X 2728.644775391 4005.808593750 814.283203125
X 179.699874878 -178.042587280 127.276992798
X -2.027121305 -252.505752563 137.010375977
W -19.821676254 -207.275665283 130.697982788
X 146.646972656 -17.394868851 235.826629639
X -10878.631835938 9929.755859375 -3058.226562500
W 298.103118896 -133.081207275 -20.444471359
X 125.414039612 -61.114303589 375.012207031
X 1738.215454102 3295.475097656 -114.194099426
X 165.993606567 -99.665733337 66.868377686
X 300.914825439 -269.830688477 239.804000854
X -2.269722223 -74.648124695 113.629112244
W 74.089439392 -243.458190918 281.849121094
W 128.270462036 22.694128036 66.618003845
W 83.576560974 -161.176040649 -44.093288422
X 221.074218750 -185.248336792 322.668579102
X 2648.738525391 -4653.820312500 -1962.759643555
X 166.084762573 -328.337646484 237.834045410
X -0.043540660 -195.483947754 142.350585938
X 6901.035156250 11037.426757812 -3284.468261719
X 185.406005859 -7.648755550 7.622182846
X 267.349029541 -128.007156372 -6.067546368
W 161.821151733 21.899494171 200.093643188
X 163.291259766 -262.663116455 243.579620361
W 236.961273193 -40.548965454 271.987915039
X 109.264823914 -231.019088745 -19.437826157
X 317.200744629 -24.820205688 101.573608398
X -1361.500488281 5229.409179688 1349.498535156
X 210.104583740 -52.236209869 189.675857544
X 87.282203674 -223.824310303 50.742774963
W 109.463424683 -139.146209717 317.421173096
X 194.712051392 -105.203742981 39.718582153
X 20.399829865 -132.871612549 9.250949860
W 172.050292969 25.052104950 54.565933228
X 191.845520020 -111.320106506 -53.621471405
X -14926.507812500 13648.571289062 2994.759277344
W 69.469383240 -69.589767456 267.878845215
X 40.289478302 -164.350433350 -9.922336578
X 16658.746093750 7625.198242188 -321.459167480
X 3730.598144531 6363.356445312 5863.462890625
W 360.357971191 -104.978660583 167.663818359
