533

A 383.743133545 -55.124118805 138.763854980
A 104.626380920 -191.651336670 413.194946289
A 337.856414795 -146.664138794 448.831268311
A 276.156036377 -304.428649902 280.053405762
A 424.318817139 -43.262893677 326.578369141
A 441.339294434 -100.865135193 293.177551270
A 317.425018311 -221.870346069 315.746612549
A 312.110412598 -111.538116455 448.537750244
A 335.994598389 -5044.539550781 -48120.328125000
A 436.565979004 -141.578720093 267.306060791
A 119.386566162 1.331134677 127.393615723
A 320.726013184 -80.097434998 399.295196533
A 314.653686523 -282.556945801 220.572463989
A 395.153625488 -28.805025101 382.369506836
A 69.955947876 -48.862712860 153.367279053
A 3309.959472656 -761.395690918 7304.073242188
A 258.538574219 -135.011749268 475.285186768
A 188.073287964 -281.216613770 368.167083740
A 98.534538269 -174.928955078 285.353271484
A 318.985778809 23.565145493 132.490036011
A 233.758239746 97.604232788 331.721466064
A 433.602020264 -138.420471191 303.323699951
A 221.078231812 -138.543518066 478.884033203
A 6026.589355469 4546.825195312 4.050434589
A 301.550048828 34.606914520 412.472229004
A 308.819152832 -296.307617188 305.609893799
A 342.340850830 -7.933136940 422.161468506
A 433.047821045 -70.277763367 323.106964111
A 412.065429688 -196.086273193 238.505340576
A 193.098220825 -53.696960449 99.405952454
A 212.295654297 89.249176025 190.612686157
A 430.153015137 -104.043220520 331.429656982
A 434.393127441 -59.704319000 235.153945923
A 321.249847412 -268.179779053 361.941162109
A 408.572631836 -195.688812256 330.626098633
A 86.567497253 -189.296768188 151.919860840
A 254.433242798 -3.490339041 456.256652832
A 99.982116699 56.825450897 292.373809814
A 429.263519287 -132.913436890 212.694091797
A 32.946777344 -105.742935181 317.263061523
A 382.003784180 -144.468200684 135.002532959
A 124.266250610 -102.152328491 92.672569275
A 146.087371826 15.355545998 121.921737671
A 283.345489502 -254.714523315 406.666046143
A -1124.941040039 378.996551514 284.451324463
A 300.863555908 -15.302908897 96.416969299
A -46362.714843750 61256.695312500 38934.265625000
A 206.586044312 93.474113464 326.635070801
A 146.551315308 54.575717926 379.087951660
A 141.317993164 -157.381011963 281.609802246
A 64.701896667 21.194099426 264.855316162
A 50.523014069 -60.445926666 179.847229004
A 90.879913330 -149.381378174 122.996315002
A 129.856643677 -210.220336914 418.548614502
A 253.216506958 100.698745728 308.392578125
A 209.434020996 -305.467346191 319.529907227
A 148.496643066 51.048778534 157.550415039
A 93.298171997 -257.318145752 287.693511963
A 77.702857971 -213.052505493 359.306793213
A -63745.062500000 15720.508789062 -49152.769531250
A 118.992698669 -72.098693848 100.107109070
A 231.983230591 -96.947067261 482.348602295
A 122.446884155 -175.302459717 433.077911377
A 173.671386719 -263.544433594 390.247619629
A 73.935600281 -240.589859009 268.899383545
A 326.284637451 -219.678497314 128.878143311
A 250.873336792 106.484939575 281.659149170
A 371.473327637 -255.459426880 238.139846802
A 378.612182617 -240.979858398 315.977325439
A 424.214630127 -183.099182129 273.393005371
A 422.294067383 -82.532363892 185.391448975
A 380.002227783 -169.118469238 216.657791138
A 360.939575195 -230.099563599 171.202148438
A 89.201507568 39.682170868 323.207214355
A 102.601249695 -250.772338867 350.924560547
A 57.412868500 -156.875701904 170.266448975
A 326.111206055 -37.756450653 100.213577271
A 275.587951660 -195.487121582 454.469268799
A 330.411651611 18.848016739 410.719635010
A 207.161544800 14.626794815 99.716293335
A 3927.496093750 -12023.610351562 22606.134765625
A 309.715423584 -12.915996552 443.655700684
A 134.035003662 -227.182937622 138.040664673
A 362.332733154 39.727664948 348.960357666
A 193.616043091 -159.313674927 75.857223511
A 48.789459229 -171.159622192 353.079681396
A 407.845581055 -84.561790466 159.632522583
A 239.873291016 -249.674850464 417.878936768
A 291.948181152 -43.308032990 464.531097412
A 182.202224731 -196.300613403 452.865386963
A 125.460510254 -232.267532349 395.880798340
A 158.387466431 -295.372650146 274.873352051
A 37878.132812500 -12912.562500000 -41146.882812500
A 409.235229492 -135.891021729 378.674011230
A 133.785598755 -259.596221924 182.199111938
A 424.343963623 -149.331848145 332.759521484
A -19016.841796875 -77946.945312500 9961.992187500
A 136.312088013 -147.523391724 91.711860657
A 302.014526367 -183.561584473 454.283081055
A 425.183715820 -163.708145142 223.547164917
A 68.946907043 -116.344032288 404.260131836
A 63.798782349 -85.149566650 155.965301514
A -2539.333740234 5842.681152344 6028.507324219
A 111.565956116 -208.427337646 141.183135986
A 365.348754883 -133.268035889 117.377700806
A 152.207839966 22.025209427 401.158111572
A 338.274780273 -213.812332153 410.920684814
A 214.885894775 -270.742858887 148.144760132
A 70.804916382 -89.635505676 133.791091919
A 210.180740356 -231.284500122 112.991989136
A 43.553741455 -186.377075195 227.578002930
A 347.008117676 -259.739746094 202.000686646
A 53.873256683 -22.517127991 197.697021484
A 280.371368408 -257.167694092 140.092010498
A 222.404800415 -311.434570312 241.676391602
A 385.465362549 -88.084533691 132.598098755
A 203.860305786 -51.511226654 71.408668518
A -1468.105102539 -80047.257812500 -19539.539062500
A 153.083648682 -261.029266357 162.806701660
A 268.572662354 -160.317398071 99.368972778
A 145.521423340 -14.071232796 104.949180603
A 225.862792969 -65.692352295 477.587158203
A 265.465789795 -224.729965210 138.465591431
A 79.290840149 -79.222274780 413.942352295
A -54891.121093750 -42430.515625000 -49124.882812500
A 415.420257568 -17.325349808 332.722076416
A 349.037109375 -269.378570557 230.227600098
A 335.421569824 -181.203826904 436.029602051
A 22.753406525 -95.946533203 288.806701660
A 47.084133148 -11.387578964 269.930755615
A 318.325317383 -77.680473328 462.192535400
A 211.728561401 -7.763763428 457.678161621
A 366.846923828 47.608646393 219.443069458
A 299.629699707 63.829990387 162.742034912
A 368.282836914 -81.769660950 115.265174866
A -805.850708008 -5711.428222656 1997.519531250
A 203.864089966 -191.304840088 83.393089294
A 187.698394775 -297.567504883 332.113952637
A 904.304992676 -728.080932617 104.301559448
A 283.756225586 89.499984741 325.130859375
A 170.497604370 62.181156158 157.012878418
A 108.497634888 -235.940979004 373.956634521
A 283.501220703 -77.582870483 69.190803528
A 255.031173706 -296.482696533 354.618347168
A 41.920360565 -25.376850128 299.578369141
A 28819.509765625 -9805.292968750 -41878.437500000
A 279.217132568 -156.470840454 470.500488281
A 256.381744385 -136.040786743 258.873657227
A -3911.306884766 -1165.110351562 1245.782714844
A 229.707229614 38.303573608 120.670486450
A 88.966682434 -208.209426880 246.382278442
A 78.349838257 -45.930278778 405.938446045
A 295.623199463 78.339416504 193.381790161
A 91.687149048 -249.770385742 246.504974365
A 148.470321655 29.259267807 414.241516113
A 64.339874268 10.856618881 220.056594849
A 384.599670410 -30.580570221 156.437988281
A 207.302368164 -100.538444519 60.951965332
A 375.421722412 -203.456146240 386.518951416
A 39.554100037 -124.313766479 352.631286621
A 71.238380432 -176.629333496 168.665359497
A 82.333892822 -24.680036545 163.684631348
A 244.976547241 103.364852905 230.294586182
A 272.875793457 56.610153198 400.479919434
A 132.463684082 63.473957062 199.786041260
A 81.701110840 -241.186508179 227.980255127
A 72.485122681 23.861070633 239.111724854
A 63.548152924 -220.592391968 299.740631104
A 95.349235535 51.571189880 250.496398926
A 355.270477295 -268.591857910 283.084259033
A 181.912689209 88.210899353 207.933654785
A 322.837371826 -264.640594482 175.618667603
A 31.443685532 -150.048477173 256.404510498
A 251.500335693 12.641213417 98.353523254
A 352.231903076 68.150794983 253.895263672
A 371.073059082 -173.274734497 137.355133057
A 368.145080566 3.280966520 387.940429688
A 308.928100586 -60.247886658 84.073005676
A 158.053085327 -290.358001709 331.561920166
A 168.432067871 92.986289978 265.033142090
A 285.256134033 -44.270431519 81.483764648
A 41.959182739 -127.412689209 187.884399414
A 423.349456787 -19.136552811 286.882202148
A 318.524261475 -210.741516113 429.128051758
A 189.400588989 80.935150146 357.645233154
A 176.286239624 -11.114459038 454.484741211
A 4010.396728516 9352.050781250 12798.937500000
A 252.679916382 103.059249878 256.047271729
A 89.508193970 -210.284088135 169.667709351
A 409.382476807 -211.750885010 272.483276367
A 186.545257568 -82.021057129 477.823547363
A 46.423828125 -18.632114410 235.215042114
A 365.635284424 -242.943984985 197.428787231
A 775.965515137 -1223.200317383 -58.021209717
A -29020.679687500 36948.480468750 30163.640625000
A 45.797477722 -187.499496460 316.467926025
A 310.693389893 -164.817687988 89.046699524
A 243.773376465 -256.992309570 131.021270752
A 76.495964050 33.471130371 290.999694824
A 40.084095001 -51.483875275 207.324218750
A 382.362731934 -178.767700195 396.884063721
A 237.116317749 -133.993820190 66.756599426
A 269.126190186 -214.133453369 97.233047485
A 143.539855957 -275.198852539 356.177612305
A 173.173324585 -183.044082642 91.410491943
A 120.949844360 69.480514526 281.248168945
A 166.031173706 -293.853210449 217.902664185
A 156.954559326 -204.575256348 438.415130615
A 282.891632080 -104.626594543 72.438179016
A 56.154716492 -212.582534790 235.565917969
A 272.085449219 -12.492197990 88.180725098
A 300.458496094 45.106025696 140.301544189
A 87.932899475 -103.908279419 119.047630310
A 162.830413818 -1319.271728516 -276.966003418
A 62.759773254 -154.099624634 385.715576172
A 386.077972412 39.866287231 251.033172607
A 253.469406128 -53.217735291 474.770477295
A 86.515922546 -129.727188110 129.493225098
A 265.556823730 -110.334312439 478.916961670
A 249.464523315 -33.285594940 74.384773254
A 328.338897705 -95.763580322 90.222885132
A 394.580749512 -17.421855927 263.097839355
A 191.617065430 -55.793308258 472.944519043
A 270.043853760 74.925468445 168.519439697
A 110.246376038 1.953777432 406.558166504
A 318.196380615 76.935218811 210.495864868
A 305.439056396 -291.454498291 250.055465698
A 232.281677246 -58.962600708 68.405632019
A 212.117218018 -294.992706299 270.422241211
A -6858.164550781 38338.691406250 -91031.898437500
A 54.783424377 -121.198936462 162.002868652
A 153.983535767 -161.011322021 456.297393799
A 161.360610962 -146.753173828 80.216911316
A 209.114608765 -141.320510864 67.061569214
A 205.742736816 102.952323914 275.800079346
A 244.539855957 95.187118530 207.726486206
A 422.210113525 -81.406906128 358.364257812
A 346.147888184 -153.558547974 105.525566101
A 396.999389648 -180.474639893 369.237121582
A 289.046417236 -273.798309326 376.418975830
A 78.494224548 14.726233482 196.112640381
A 374.235168457 -234.814956665 348.812164307
A 386.912536621 25.073110580 217.751602173
A 346.857788086 -117.274978638 99.637565613
A 410.344757080 -171.120666504 189.261917114
A 354.219207764 -43.950363159 113.611877441
A 51.040874481 -142.250595093 370.141387939
A 194.867874146 -252.264282227 413.878631592
A 258.582580566 32.086589813 428.543823242
A 409.895477295 -167.360855103 360.810943604
A 54025.355468750 24903.566406250 6479.480468750
A 686.717041016 -1623.378295898 -1079.898803711
A 415.777954102 -129.104705811 178.775222778
A 242.150634766 -310.020599365 266.008239746
A 182.477951050 78.331230164 180.600936890
A 320.352050781 -243.726791382 395.951446533
A 62.713310242 -33.148101807 375.794799805
A 168.402557373 -45.726757050 79.504974365
A 390.241210938 -64.934349060 403.531188965
A 353.596008301 -259.752838135 336.936859131
A 285.421051025 80.561325073 355.240722656
A 196.618179321 61.268703461 144.123916626
A 55.947864532 -96.072196960 385.223358154
A 391.899078369 22.014636993 322.560607910
A 33.672023773 -77.788261414 332.060943604
A 368.092010498 -41.421398163 419.935882568
A 298.178436279 -199.635894775 99.610656738
A 43.958404541 -195.531646729 285.040832520
A 310.898437500 58.682044983 379.232574463
A 366.039337158 -123.819549561 431.388336182
A 239.544631958 -19.478849411 465.346557617
A 315.128479004 85.893325806 300.533355713
A 314.695709229 73.749938965 345.083984375
A 356.005828857 -226.514465332 391.405914307
A 39.368404388 -184.308349609 263.348937988
A -3069.762695312 -15667.334960938 8225.526367188
A 326.720611572 -185.922073364 108.209693909
A 384.398620605 -1.910997033 171.696563721
A 125.575126648 -254.101150513 317.359436035
A 28.192451477 -133.321090698 308.606628418
A 1632.810302734 6365.612304688 4432.716796875
A 232.456451416 40.217628479 208.567260742
A 412.561370850 -28.940568924 197.016601562
A 154.769378662 -235.743911743 412.748138428
A 134.868316650 -29.263195038 446.403381348
A 406.103607178 -203.655715942 214.022567749
A 264.471801758 -143.788833618 70.930603027
A 127.830627441 -180.008941650 109.343521118
A 172.569503784 -142.342498779 469.708984375
A 36.624790192 -86.139259338 257.419952393
A 349.159118652 68.565788269 296.242156982
A 339.797790527 -280.847564697 259.739440918
A 376.466217041 12.099642754 368.395843506
A 245.151275635 -164.412841797 471.384643555
A 180.663650513 -100.666183472 188.166580200
A 368.805267334 52.392890930 281.694488525
A 177.203033447 33.104282379 124.595497131
A 269.669891357 51.180889130 135.902267456
A 143.386535645 -110.845939636 464.384460449
A 230.718109131 -217.228958130 446.063140869
A 423.843658447 -60.619403839 211.404067993
A 390.750457764 -232.655868530 236.902557373
A 425.892120361 -79.012153625 295.560791016
A 113.055488586 -66.636833191 441.683624268
A 408.829467773 -85.100173950 383.921630859
A 439.836395264 -112.773368835 269.499847412
A -27008.355468750 -39657.687500000 30642.027343750
A 191.683227539 -2.031907558 96.907661438
A 103.670867920 51.926555634 217.661682129
A 240.954315186 -279.184020996 381.515533447
A -1094.120605469 -3317.256591797 -2085.302978516
A 132.213211060 33.827709198 151.856735229
A 365.155181885 -146.807067871 425.272583008
A 393.450988770 6.045744896 196.486007690
A 35.121479034 -52.059513092 235.855514526
A 434.593933105 -105.074783325 233.590484619
A 30.553531647 -93.898506165 211.757034302
A 200.227005005 19.966995239 439.153015137
A 353.886108398 -59.638347626 437.256835938
A 116.378631592 -140.462829590 103.183486938
A 31.029239655 -58.286952972 306.317016602
A 289.912078857 97.228027344 251.219284058
A 171.415344238 -6.037198544 94.492820740
A 220.322052002 76.492904663 373.142913818
A 59.683799744 -73.255981445 386.834747314
A 287.219543457 95.757629395 284.526794434
A 334.899139404 -278.597717285 317.662841797
A 63.505435944 -207.073318481 337.570587158
A 244.891937256 -287.548248291 181.017623901
A 137.348114014 66.215461731 346.482696533
A 226.876922607 -10.369444847 81.037673950
A 61.915073395 -201.542022705 200.863281250
A 217.957138062 50.666664124 132.779922485
A 340.453582764 44.018688202 374.354888916
A 143.617752075 86.275878906 294.159179688
A 207.228775024 -104.797309875 479.133148193
A 310.735229492 -146.509948730 462.603118896
A 422.489257812 -122.598556519 352.031829834
A 430.204986572 -155.487960815 249.758331299
A 168.069900513 -252.691589355 144.353668213
A 110.922477722 43.875080109 361.141204834
A 347.388946533 53.841995239 204.105712891
A 399.530822754 -104.631294250 394.962738037
A 243.416915894 90.062904358 352.552398682
A -315.918273926 681.011047363 1685.142578125
A 257.417724609 -238.359130859 113.901870728
A -18356.326171875 51503.902343750 -4467.448730469
A 163.163330078 -43.815490723 459.262390137
A 422.707733154 -168.854553223 310.048675537
A 374.967987061 -249.488235474 287.660797119
A 60.492160797 6.605886459 301.464202881
A 223.867904663 -97.921424866 70.387672424
A 181.912979126 -232.514663696 429.424194336
A 402.211090088 -149.767211914 160.313293457
A 8582.521484375 3043.622070312 -5022.235351562
A 208.510696411 103.791107178 252.496612549
A 347.497619629 -85.565162659 448.482818604
A 141.704208374 -54.357994080 89.783752441
A 37.342628479 -160.594909668 315.560668945
A 115.327293396 -238.341674805 170.669418335
A 280.719299316 -297.300415039 220.059204102
A 282.888549805 -10.003009796 453.267639160
A 286.772949219 -273.866668701 174.713577271
A 258.369415283 71.091537476 378.580780029
A 234.659729004 63.499401093 394.077941895
A 234.169525146 45.759178162 418.646636963
A 408.277832031 6.666435719 306.669464111
A 211.666503906 -301.489624023 213.449066162
A 115.863883972 -275.302703857 245.681152344
A 158.219741821 11.115294456 433.683441162
A 345.454528809 -251.696884155 370.475555420
A 152.738418579 -294.858917236 305.325408936
A 141.909988403 83.285545349 249.480895996
A 354.221954346 20.476222992 157.664718628
A 292.765441895 -287.840698242 191.261459351
A 1933.927856445 -2172.239746094 1.444511294
A 118.628387451 66.653884888 239.286010742
A 364.816741943 -206.167633057 154.061492920
A 178.231567383 -111.203826904 71.688644409
A 214.907165527 -289.338287354 182.840606689
A 46.684860229 -28.505355835 331.154235840
A 172.419906616 -283.159301758 191.479904175
A 190.343521118 54.585277557 403.602111816
A -14761.686523438 11515.045898438 -16048.592773438
A 348.043670654 -77.322242737 99.309173584
A 167.030548096 -204.680877686 103.380920410
A 405.048309326 -49.102268219 171.025939941
A 229.408020020 -310.826538086 301.021240234
A 308.554382324 -290.581848145 330.449768066
A 187.998901367 -164.004791260 469.047698975
A -10734.115234375 5047.111816406 -9193.532226562
A 313.071777344 -295.337738037 269.802154541
A 367.498657227 48.897521973 319.977996826
A 313.596099854 -114.145248413 79.651847839
A 118.479530334 -29.386175156 113.264717102
A 425.705261230 -28.300268173 243.327026367
A 193.150177002 -308.247680664 277.049285889
A 60.407566071 -7.379392147 343.357513428
A 206.865707397 37.392723083 423.435272217
A 73.729232788 -4.850746632 170.868820190
A 105.031890869 -256.189697266 209.897994995
A 395.475585938 -113.011558533 143.236770630
A 146.648239136 -74.547134399 462.005920410
A 77.359748840 18.960346222 344.957763672
A 38070.332031250 -46258.882812500 58755.382812500
A 390.080383301 -214.514297485 344.619140625
A -7139.317871094 821.531799316 4519.657226562
A 1586.573730469 -3639.377441406 -575.070068359
A 146.058883667 -259.244750977 381.613372803
A 151.510803223 80.529045105 208.946807861
A 411.169982910 -2.564058065 225.281265259
A 304.168304443 -237.424377441 131.708602905
A 42.125026703 -160.336959839 205.954620361
A 354.310058594 5.135544777 139.144531250
A 285.362396240 93.137046814 216.748535156
A 360.832061768 -177.564300537 417.541992188
A 88.155853271 -167.250518799 133.731231689
A 141.585479736 -208.194366455 116.849449158
A -3465.238769531 2219.785888672 97.572570801
A 297.622222900 -237.294815063 418.433807373
A 175.652191162 -113.702323914 474.512268066
A 388.084716797 -186.686538696 163.653381348
A 161.792327881 80.435958862 332.446563721
A 227.497817993 -26.738338470 456.516052246
A 143.352203369 -291.994903564 248.184402466
A 112.731674194 -99.852546692 450.599395752
A 264.124816895 -306.552551270 244.248550415
A 254.895568848 -285.775970459 344.325988770
A 317.767578125 0.838186026 274.367645264
A 147.802536011 -107.227447510 78.399864197
A 364.288482666 -19.198623657 135.890411377
A 281.768157959 -220.086486816 440.850982666
A 29041.882812500 56428.621093750 26927.130859375
A 85.812088013 -150.396469116 414.719024658
A 291.146697998 19.350378036 435.033081055
A 263.439025879 -307.632293701 306.454498291
A 424.680236816 -101.695281982 199.760879517
A 92.426208496 -32.695693970 132.778778076
A 102.046745300 38.238990784 192.912887573
A 252.823104858 -266.275115967 398.660003662
A 334.197906494 74.509567261 232.970230103
A 41.669063568 -91.137687683 185.499740601
A 49.065277100 -48.203590393 351.444183350
A 247.381210327 -189.488204956 83.821586609
A 158.375549316 -24.878452301 429.663970947
A 110.207885742 -40.453239441 430.986816406
A 247.713134766 -195.465911865 459.310791016
A 409.052612305 -49.044609070 367.812866211
A 394.660034180 28.296712875 285.130981445
A 179.069671631 -301.760101318 244.111297607
A 289.137145996 -65.674369812 470.902130127
A 135.648254395 -276.625610352 209.499603271
A 176.310043335 66.727333069 380.419189453
A 82.775756836 -181.678085327 395.266235352
A 26.283416748 -138.244293213 277.703399658
A 199.472427368 -249.833236694 131.403457642
A 236.702301025 85.790473938 177.917190552
A 185.792282104 -34.824447632 306.842529297
A -4804.811035156 44153.898437500 -56423.355468750
A 353.937103271 36.588375092 177.472671509
A -494.996307373 -1334.830688477 186.359695435
A 84.787025452 -205.043487549 383.364501953
A 389.834838867 -214.702545166 196.020294189
A 95.646614075 -66.174705505 117.461761475
A 296.347869873 14.887922287 112.042602539
A 8254.921875000 -531.082946777 -1839.105712891
A 400.988128662 -8.577661514 352.600250244
A 257.285858154 -82.810386658 65.278884888
A 110.976150513 23.226663589 384.707611084
A 123.327049255 -282.763977051 287.680725098
A 9467.508789062 10808.281250000 20679.580078125
A 329.478820801 51.549964905 171.185012817
A 24.105680466 -108.467681885 236.125091553
A 101.286666870 -20.423151016 416.138549805
A 20.228250504 -77.168411255 265.227661133
A 336.756683350 -239.215881348 153.847991943
A 390.783905029 -235.525756836 273.823242188
A 108.273185730 8.673418045 338.666259766
A 92.653175354 -110.179138184 428.783905029
A 33.999954224 -41.796752930 272.226654053
A -3770.270996094 -1518.420166016 3710.687988281
A 183.716690063 95.946525574 235.395568848
A 225.602355957 -209.395080566 90.778404236
A 131.059982300 -102.842147827 423.263305664
A 80.648223877 -7.945563316 376.906738281
A 116.711097717 38.645950317 170.053909302
A -22567.669921875 7150.184570312 4635.950195312
A 88.696800232 -227.923110962 193.400955200
A 277.772155762 -94.408432007 478.166870117
A 115.100524902 -269.683898926 322.787658691
A 39.229358673 -95.962715149 355.563293457
A 343.022247314 21.952514648 357.788757324
A 335.855987549 70.564834595 322.725769043
A 194.873886108 97.028633118 302.652893066
A 412.455780029 7.387519836 259.770141602
A 435.597900391 -49.938591003 283.286682129
A 261.099884033 -274.672821045 157.294448853
A -3027.261718750 2813.956542969 -601.051269531
A 104.914520264 -140.706130981 434.167663574
A 268.328338623 -171.502456665 75.135803223
A 320.595489502 88.964546204 265.342468262
A 249.470855713 -235.087509155 434.369354248
A 97.487388611 5.787686825 153.016662598
A 408.929534912 -206.759750366 303.680023193
A 332.588653564 -7.294629574 118.481292725
A 280.791900635 -293.905181885 342.406066895
A 324.751373291 -114.667648315 466.459075928
A 168.504486084 -78.358238220 74.508323669
A 113.793060303 57.892700195 327.595397949
A 238.106796265 67.905403137 150.943298340
A 438.510040283 -74.031036377 257.850067139
A 292.229736328 -1.569933295 243.098999023
A 211.472961426 -267.996673584 398.271148682
A 131.088241577 -156.552581787 448.214172363
A 247.704071045 -300.622467041 211.580520630
A 262.293579102 31.308959961 113.086776733
A 171.312545776 -230.557815552 121.067108154
A 329.387451172 -36.972126007 445.161285400
A 80.923202515 -244.532394409 320.943664551
A 162.521484375 85.765922546 309.722869873
A 188.376296997 -277.959442139 171.585540771
A 371.364044189 -21.099174500 408.501861572
A 303.558929443 -139.352020264 78.751815796
A 201.029205322 -215.502853394 444.686859131
A 393.114196777 -138.182312012 401.711822510
A 216.316360474 -294.251831055 353.337097168
A 216.392364502 -176.460144043 465.631622314
A -12972.223632812 11905.536132812 2800.516601562
A 346.584197998 -196.677658081 125.726524353
A 375.777709961 -92.869697571 425.367218018
A 11053.373046875 4952.890136719 -25.979354858
A 304.444458008 36.788913727 391.080688477
A 31.724954605 -142.902816772 228.788589478
