533

A 302.730224609 -42.806632996 109.178298950
A 82.459365845 -150.689910889 326.179382324
A 266.564178467 -115.958541870 354.989898682
A 218.523529053 -240.273681641 221.833511353
A 335.594696045 -34.280658722 258.685546875
A 348.150177002 -78.310264587 232.307632446
A 250.679138184 -175.696350098 249.394180298
A 246.166870117 -88.289421082 353.204193115
A 265.245605469 -3982.023681641 -37978.402343750
A 345.402862549 -110.638206482 211.133880615
A 94.536560059 1.009444714 101.409324646
A 253.457015991 -62.733684540 314.703887939
A 248.679321289 -223.666152954 173.134185791
A 311.071380615 -22.775819778 301.301300049
A 54.912849426 -38.360466003 121.389686584
A 2612.120361328 -601.219360352 5763.767089844
A 204.077728271 -106.779335022 376.330871582
A 149.632217407 -222.114929199 291.331359863
A 76.867149353 -137.488113403 225.732147217
A 251.941024780 18.447586060 103.650161743
A 185.499710083 75.585266113 261.601623535
A 342.174316406 -109.158538818 238.994125366
A 174.224731445 -109.865837097 378.101348877
A 4756.637207031 3588.270751953 3.810278177
A 237.167861938 27.632892609 325.884674072
A 243.604415894 -233.326202393 240.712600708
A 269.975311279 -5.923738003 334.358978271
A 342.799133301 -56.291736603 255.352111816
A 325.691894531 -155.538986206 188.831405640
A 151.311889648 -43.118896484 78.013542175
A 167.447525024 71.141387939 150.600585938
A 340.725494385 -82.235336304 262.029998779
A 341.943542480 -46.422653198 185.709060669
A 253.126831055 -211.832290649 285.654571533
A 322.149322510 -154.714050293 260.999450684
A 68.768379211 -149.857101440 118.955970764
A 200.567077637 -3.245062113 358.758941650
A 79.943328857 44.558448792 231.623138428
A 338.842163086 -104.464271545 166.765258789
A 26.055778503 -83.588844299 250.020309448
A 301.713989258 -114.267158508 106.613311768
A 97.138832092 -79.962203979 73.723434448
A 115.875610352 12.187196732 95.166580200
A 222.914505005 -201.300216675 321.565032959
A -888.281433105 298.483947754 224.968261719
A 236.570083618 -11.839626312 76.829353333
A -36591.316406250 48346.054687500 30727.980468750
A 162.614974976 74.082572937 257.403259277
A 115.859130859 42.961872101 299.524017334
A 112.093833923 -123.825218201 221.792907715
A 51.490188599 16.698644638 209.766067505
A 39.320541382 -47.528694153 141.839706421
A 72.728866577 -117.816833496 95.904876709
A 102.547866821 -166.450378418 330.521423340
A 199.247940063 79.791191101 242.595703125
A 165.037643433 -240.811630249 252.386627197
A 117.830078125 39.990371704 125.309532166
A 72.902900696 -203.501663208 227.095809937
A 60.980751038 -168.410690308 283.584197998
A -50309.949218750 12406.996093750 -38793.218750000
A 93.547973633 -57.163822174 77.912788391
A 183.672286987 -77.109680176 380.566192627
A 97.182647705 -138.733459473 341.251770020
A 138.044860840 -209.151123047 308.438842773
A 57.946228027 -190.084442139 211.703704834
A 256.909820557 -173.153503418 102.190124512
A 198.457824707 84.229072571 222.544509888
A 292.293365479 -201.602935791 188.208023071
A 299.290893555 -190.282989502 249.397705078
A 334.608489990 -143.389083862 215.792129517
A 333.146118164 -66.237495422 146.186111450
A 300.547363281 -133.196655273 170.649871826
A 284.993865967 -181.847488403 135.796951294
A 70.319618225 31.752439499 254.726028442
A 81.399993896 -197.637619019 277.020843506
A 44.464515686 -123.547706604 135.956207275
A 258.407684326 -29.524816513 79.699356079
A 216.985946655 -153.435089111 358.728607178
A 261.202880859 15.572556496 324.368041992
A 163.890380859 11.211361885 77.784698486
A 3099.729003906 -9489.672851562 17841.126953125
A 245.473510742 -9.842148781 349.312133789
A 106.736122131 -177.950088501 108.448211670
A 287.466308594 31.917741776 276.136657715
A 152.771926880 -126.103134155 59.597007751
A 38.606849670 -134.320281982 277.350830078
A 320.970306396 -67.642219543 125.531776428
A 188.825729370 -197.158126831 330.813934326
A 231.268844604 -33.415504456 366.827453613
A 143.647109985 -155.215728760 357.093139648
A 99.371757507 -184.422103882 312.365753174
A 123.919448853 -232.756088257 217.067947388
A 29894.832031250 -10191.291992188 -32473.552734375
A 322.475006104 -107.102149963 298.113647461
A 104.704193115 -204.611221313 143.492080688
A 335.956176758 -118.127113342 262.072357178
A -15008.583007812 -61517.914062500 7863.270019531
A 107.649711609 -116.218612671 72.278617859
A 238.538833618 -144.518829346 357.901763916
A 335.501953125 -128.233230591 177.124984741
A 55.052909851 -91.903465271 318.251403809
A 50.022567749 -66.941398621 123.825073242
A -2004.136718750 4610.866210938 4758.168457031
A 87.051078796 -164.535842896 111.036979675
A 288.106414795 -103.972976685 92.700393677
A 120.218528748 17.860582352 317.288330078
A 267.435974121 -169.282348633 324.383361816
A 168.995086670 -212.378692627 117.078643799
A 56.792667389 -69.869308472 105.470001221
A 166.055191040 -183.308166504 88.515228271
A 35.363193512 -146.588287354 178.812271118
A 273.082061768 -205.906738281 159.152984619
A 42.457122803 -17.778367996 156.115875244
A 221.904769897 -203.018966675 111.033432007
A 174.275726318 -246.317626953 189.943649292
A 303.551818848 -69.165931702 105.111312866
A 161.061874390 -39.694988251 56.004322052
A -1157.937866211 -63175.941406250 -15421.541015625
A 120.930801392 -205.771087646 128.619827271
A 210.881927490 -125.975929260 79.067337036
A 114.848503113 -10.729583740 82.725440979
A 179.201431274 -51.902687073 377.456939697
A 208.597030640 -177.065643311 109.964797974
A 62.952362061 -61.877254486 327.832183838
A -43320.488281250 -33487.308593750 -38769.515625000
A 326.897827148 -13.520479202 262.407287598
A 274.209777832 -212.640823364 180.066192627
A 264.618011475 -143.424896240 344.046661377
A 18.514431000 -75.967018127 228.920150757
A 35.900428772 -8.806827545 213.472183228
A 251.521682739 -61.307949066 364.679840088
A 167.505340576 -6.206382751 360.396026611
A 289.304534912 36.845844269 174.640716553
A 236.168243408 49.746753693 129.167098999
A 289.907928467 -64.569900513 91.539398193
A -636.965087891 -4506.925292969 1577.298583984
A 160.962707520 -151.187011719 65.242469788
A 148.273651123 -236.213195801 262.201232910
A 712.351928711 -574.476562500 82.003135681
A 224.499633789 71.072769165 255.255355835
A 134.197143555 48.428707123 123.795898438
A 85.831909180 -186.144882202 294.480316162
A 222.910476685 -62.090675354 54.994556427
A 200.528015137 -234.721221924 279.618469238
A 33.316444397 -19.067153931 235.633316040
A 22744.171875000 -7738.990234375 -33051.488281250
A 220.626800537 -122.549209595 369.916992188
A 201.934509277 -107.519935608 204.307022095
A -3087.638916016 -919.923645020 982.914794922
A 180.767913818 29.880912781 94.271583557
A 69.796875000 -163.489532471 194.880676270
A 61.233951569 -37.382568359 319.483215332
A 232.642517090 61.767360687 152.988235474
A 72.643379211 -197.244918823 194.407882690
A 118.502700806 23.629302979 325.638885498
A 50.434062958 7.941373825 174.933471680
A 304.959777832 -23.729246140 123.019470215
A 163.982345581 -78.933937073 48.318271637
A 295.856445312 -161.702316284 304.486389160
A 30.820396423 -98.673088074 278.194244385
A 54.677215576 -138.454040527 133.152191162
A 65.239715576 -19.319761276 129.807113647
A 193.693344116 81.044853210 181.672348022
A 215.923446655 44.636108398 316.612823486
A 104.789382935 49.910602570 157.445785522
A 63.943618774 -190.301086426 180.025650024
A 56.752334595 19.480352402 189.333847046
A 49.125770569 -174.303817749 236.931564331
A 75.210174561 40.892726898 197.406265259
A 280.530395508 -211.984344482 223.428344727
A 144.194900513 69.855697632 165.173980713
A 253.688247681 -208.865814209 138.502975464
A 24.369441986 -117.915245056 202.606369019
A 199.235336304 10.050340652 78.084640503
A 277.420410156 53.289886475 200.998367310
A 293.390258789 -137.235977173 107.511878967
A 290.988372803 2.663463593 306.698760986
A 244.511383057 -48.005836487 66.317710876
A 125.256813049 -228.019653320 261.630676270
A 131.917404175 73.230773926 208.625961304
A 226.067840576 -33.907253265 64.981559753
A 32.463584900 -100.843498230 148.813156128
A 333.632781982 -15.139206886 226.007232666
A 251.633987427 -166.141281128 338.516387939
A 148.952407837 63.633167267 281.935577393
A 138.863555908 -9.593524933 358.415252686
A 3164.991699219 7380.030273438 10101.465820312
A 198.019210815 81.488838196 201.128784180
A 71.052764893 -167.022979736 134.133071899
A 323.400024414 -166.407882690 216.509857178
A 147.318878174 -63.954647064 376.303375244
A 35.986339569 -14.107857704 185.241928101
A 287.823852539 -191.420791626 155.917907715
A 611.550476074 -965.906005859 -45.761077881
A -22904.009765625 29161.302734375 23806.607421875
A 36.846206665 -147.553482056 250.233474731
A 245.464233398 -130.096008301 69.690185547
A 193.044677734 -202.556701660 103.472785950
A 61.197349548 26.470975876 229.744369507
A 31.997251511 -40.233261108 163.708892822
A 302.271911621 -141.428237915 312.358123779
A 186.807708740 -104.848854065 52.703598022
A 212.586013794 -168.384704590 76.822006226
A 113.854850769 -215.866271973 280.102386475
A 137.007843018 -143.575607300 71.939247131
A 96.026649475 55.647907257 221.321365356
A 131.370773315 -231.940689087 171.886322021
A 124.366844177 -161.007034302 345.982757568
A 222.851547241 -83.040351868 57.017723083
A 44.833854675 -167.871963501 186.117004395
A 213.456741333 -10.162405014 69.577445984
A 237.354446411 34.556446075 110.347465515
A 69.375984192 -82.877243042 94.418701172
A 128.960006714 -1040.448852539 -218.796188354
A 50.646686554 -122.196998596 304.988006592
A 304.644500732 30.724710464 197.612533569
A 200.029541016 -42.614177704 374.441314697
A 67.594284058 -102.189605713 102.701370239
A 209.782180786 -87.788436890 376.905273438
A 195.842285156 -25.513353348 58.402534485
A 259.104156494 -75.950599670 70.454597473
A 311.777832031 -13.805224419 208.196563721
A 151.687347412 -43.864299774 373.557922363
A 213.238845825 58.597938538 132.662826538
A 87.035118103 1.112807870 320.765441895
A 251.668502808 61.743305206 166.079849243
A 241.064392090 -229.485671997 197.747711182
A 183.732254028 -46.698757172 53.937568665
A 167.399765015 -233.022094727 214.800064087
A -5412.261718750 30258.443359375 -71844.773437500
A 43.677528381 -95.663314819 127.312080383
A 121.053855896 -126.962265015 361.735137939
A 127.386070251 -115.234390259 63.316444397
A 164.103317261 -112.096130371 53.204971313
A 163.068679810 81.393524170 218.096511841
A 193.102218628 75.532867432 163.551513672
A 332.645141602 -64.321868896 282.315765381
A 271.455841064 -121.293945312 83.538391113
A 312.408050537 -143.040756226 291.493804932
A 229.213378906 -215.805816650 297.913452148
A 60.874656677 12.061595917 154.588607788
A 295.603271484 -185.712707520 275.884674072
A 306.050781250 20.132310867 171.380142212
A 274.005065918 -93.022781372 78.714286804
A 324.412384033 -134.749496460 149.773193359
A 280.028137207 -35.840774536 89.682067871
A 39.974330902 -112.558448792 291.157684326
A 153.452606201 -198.573898315 326.352600098
A 203.448547363 25.620553970 338.236083984
A 323.672332764 -132.346313477 284.477508545
A 42638.472656250 19654.785156250 5114.440429688
A 542.498901367 -1281.300781250 -852.179016113
A 327.671508789 -102.295516968 141.196929932
A 191.100570679 -245.331192017 210.460662842
A 142.898178101 61.218807220 143.263702393
A 253.321197510 -192.919235229 312.861907959
A 50.267784119 -26.456058502 296.037872314
A 133.384048462 -35.330528259 61.931819916
A 307.328979492 -51.529609680 318.272766113
A 278.129333496 -205.915039062 265.915496826
A 225.529571533 63.685615540 280.499664307
A 154.420501709 47.523418427 113.902885437
A 43.908905029 -75.887779236 303.406890869
A 308.594238281 17.233753204 255.212112427
A 25.774608612 -61.315582275 260.819915771
A 290.624114990 -33.279399872 331.110137939
A 235.395126343 -158.041183472 78.964302063
A 34.790985107 -154.068893433 224.951812744
A 245.924163818 46.948005676 298.905334473
A 288.896301270 -97.065864563 341.438049316
A 189.284164429 -15.545882225 367.878631592
A 248.240203857 68.011009216 237.596725464
A 248.767822266 59.125522614 271.718627930
A 280.487152100 -178.505874634 308.019287109
A 31.753063202 -145.504226685 207.094512939
A -2422.177246094 -12364.666992188 6491.241210938
A 257.953338623 -146.670608521 85.520584106
A 303.844207764 -1.732378960 136.049468994
A 97.793907166 -200.257476807 250.177688599
A 22.191314697 -105.902458191 242.657104492
A 1288.683593750 5023.367675781 3499.413085938
A 184.042266846 32.173587799 165.317901611
A 325.363433838 -22.422300339 155.578445435
A 121.594917297 -186.619308472 325.154388428
A 107.176353455 -23.338258743 352.003997803
A 319.461944580 -160.212844849 169.044006348
A 208.132431030 -113.148956299 54.883144379
A 100.606727600 -141.578720093 86.634353638
A 135.621948242 -112.345367432 370.297637939
A 28.870025635 -67.698745728 202.585815430
A 276.209899902 55.316650391 233.706390381
A 267.696075439 -220.967422485 205.444091797
A 297.454345703 10.304839134 291.366333008
A 192.914611816 -129.978469849 370.951446533
A 143.685653687 -79.322151184 148.395812988
A 291.272796631 41.613689423 221.941925049
A 139.575988770 25.793979645 98.017921448
A 213.200958252 39.300537109 106.740295410
A 113.888916016 -86.857711792 365.148956299
A 181.319961548 -171.783462524 352.164855957
A 334.747161865 -47.006637573 166.251296997
A 307.705444336 -183.562225342 187.136215210
A 335.769561768 -61.834373474 233.096832275
A 89.223854065 -52.256385803 348.273895264
A 322.519500732 -67.191711426 301.607238770
A 348.163665771 -88.493659973 212.225616455
A -21314.417968750 -31299.291015625 24182.378906250
A 151.516891479 -2.056206942 77.486862183
A 81.764648438 40.289466858 172.103012085
A 190.652252197 -220.578689575 300.916290283
A -862.845825195 -2618.166259766 -1645.350463867
A 104.935272217 27.114408493 119.715988159
A 288.491577148 -116.181465149 335.737609863
A 310.415924072 3.709673882 155.051712036
A 26.446693420 -40.955940247 185.672744751
A 344.595153809 -82.845268250 184.561706543
A 23.880094528 -73.962913513 167.324066162
A 158.890853882 14.430891037 347.264984131
A 280.011016846 -48.234828949 345.422454834
A 91.673095703 -110.001968384 81.189140320
A 24.751724243 -46.826599121 242.502532959
A 229.283493042 75.918655396 199.045989990
A 136.453155518 -5.849113941 74.450996399
A 172.688354492 60.828437805 294.512481689
A 46.971668243 -57.964073181 304.548736572
A 227.020507812 76.416076660 225.231384277
A 265.683898926 -219.655151367 250.222320557
A 51.561714172 -163.041412354 266.410491943
A 193.641220093 -226.634140015 143.211791992
A 107.810668945 52.809391022 273.692932129
A 179.541397095 -8.080974579 64.696136475
A 49.689777374 -158.913787842 157.839950562
A 171.495834351 39.818511963 104.697113037
A 268.994964600 34.725654602 296.391082764
A 113.702529907 68.135856628 232.630325317
A 163.937759399 -83.858078003 379.267303467
A 245.676269531 -116.819824219 364.957366943
A 334.443267822 -96.151390076 277.686553955
A 339.129333496 -122.573348999 197.026489258
A 132.248214722 -198.757080078 114.179252625
A 87.283653259 33.967170715 286.291839600
A 273.770446777 42.894962311 160.098236084
A 315.345977783 -82.895721436 312.439025879
A 191.253433228 71.527305603 278.185455322
A -248.819778442 538.133789062 1329.436035156
A 202.392608643 -186.817840576 88.881599426
A -14487.866210938 40648.144531250 -3525.250000000
A 127.806442261 -35.107620239 363.479003906
A 334.674316406 -133.190505981 245.881942749
A 296.740692139 -197.506072998 227.597351074
A 46.964931488 6.132044315 237.773040771
A 177.950851440 -77.070823669 54.922206879
A 143.970275879 -182.476333618 339.562194824
A 317.335693359 -117.788108826 127.272598267
A 6773.392578125 2402.895019531 -3964.094970703
A 165.265548706 82.117095947 199.257720947
A 274.451721191 -67.508712769 353.517517090
A 110.632804871 -44.098484039 71.263023376
A 27.923017502 -125.740913391 248.725311279
A 90.999099731 -188.251388550 134.665130615
A 222.640716553 -234.511627197 172.504150391
A 223.028686523 -7.765182495 357.708831787
A 227.488098145 -216.584625244 137.612960815
A 204.564651489 56.883918762 298.819671631
A 185.143325806 50.354019165 311.613555908
A 185.103820801 36.081268311 330.111846924
A 322.040496826 4.831942081 240.961654663
A 167.560562134 -237.947921753 169.068176270
A 92.857772827 -216.948806763 194.514480591
A 125.302955627 9.309531212 342.412322998
A 271.965698242 -198.700027466 291.047668457
A 120.362724304 -231.641876221 240.556640625
A 111.699691772 66.022377014 196.499816895
A 279.628265381 16.085689545 124.400367737
A 231.601867676 -225.557693481 151.071395874
A 1525.965332031 -1715.036865234 1.106748104
A 94.820037842 53.624179840 189.561889648
A 288.280975342 -161.961853027 121.483146667
A 141.331176758 -89.020538330 56.904136658
A 168.823837280 -228.807479858 144.438964844
A 35.734203339 -22.640577316 260.872985840
A 135.344589233 -224.556594849 151.192581177
A 149.971954346 41.911190033 318.622192383
A -11650.406250000 9088.495117188 -12666.649414062
A 274.073303223 -61.489475250 78.237045288
A 132.377197266 -162.097229004 80.869125366
A 320.200714111 -39.904830933 134.837356567
A 180.646759033 -245.216339111 236.902481079
A 242.799499512 -228.625167847 261.332336426
A 148.454132080 -128.948303223 370.135894775
A -8472.415039062 3982.498046875 -7256.274902344
A 247.175216675 -233.419387817 212.920440674
A 290.318450928 38.045711517 252.412216187
A 246.274520874 -90.427810669 63.739799500
A 92.722946167 -23.741352081 89.410316467
A 336.096466064 -22.768543243 191.841125488
A 151.395935059 -243.598846436 218.329467773
A 47.868717194 -5.821238518 270.888061523
A 163.271575928 29.220342636 334.396636963
A 58.199737549 -3.373363495 137.295791626
A 83.177627563 -202.193252563 165.713516235
A 312.724151611 -89.842163086 112.399879456
A 115.478889465 -59.350528717 364.499572754
A 60.937000275 13.578217506 272.697753906
A 30046.394531250 -36508.656250000 46371.785156250
A 307.522674561 -169.828567505 271.889953613
A -5634.517578125 648.273681641 3566.921386719
A 1251.632080078 -2870.676757812 -453.813903809
A 116.177162170 -204.556579590 299.930664062
A 119.511497498 62.870376587 164.460449219
A 324.482849121 -2.475832939 178.255187988
A 239.798675537 -187.973220825 104.051086426
A 33.407032013 -126.492202759 162.322265625
A 279.368377686 3.695544004 109.791877747
A 224.790908813 73.345024109 171.891052246
A 286.495300293 -139.872009277 330.746154785
A 70.694602966 -132.703857422 106.509033203
A 111.540435791 -163.865615845 92.279960632
A -2735.124267578 1752.066406250 78.087486267
A 235.455520630 -187.638732910 329.820251465
A 138.290374756 -89.818511963 374.213470459
A 305.487457275 -146.815551758 129.481521606
A 127.329971313 63.530864716 264.121520996
A 180.492294312 -20.998216629 359.745025635
A 113.693298340 -230.282257080 194.313186646
A 89.168769836 -78.862503052 355.005554199
A 207.829986572 -241.386947632 192.272399902
A 200.877471924 -223.809387207 271.315704346
A 251.649887085 2.076904535 215.956420898
A 116.739242554 -84.967781067 63.057022095
A 286.640167236 -14.486436844 107.651191711
A 222.485137939 -172.855087280 346.381530762
A 22921.470703125 44534.968750000 21250.945312500
A 68.579803467 -119.962333679 327.088684082
A 229.732681274 14.602897644 342.923980713
A 206.140243530 -242.228347778 241.809005737
A 335.752990723 -80.463783264 158.385772705
A 73.319976807 -25.700031281 104.899848938
A 80.203926086 30.022140503 152.774307251
A 199.402755737 -209.611129761 314.614074707
A 263.472503662 59.348426819 185.604751587
A 32.543636322 -72.520828247 146.555572510
A 37.817565918 -38.831588745 278.692443848
A 194.350814819 -149.723281860 65.747779846
A 123.818824768 -20.231454849 339.944366455
A 87.517051697 -31.802253723 340.100463867
A 195.259109497 -154.063308716 362.321197510
A 322.919036865 -37.718208313 290.954467773
A 312.062255859 22.225019455 224.247711182
A 140.992736816 -237.647857666 192.454193115
A 227.656524658 -52.769207001 371.122528076
A 107.036422729 -217.563598633 164.759231567
A 140.046676636 51.766963959 300.728332520
A 65.576896667 -143.827117920 311.256835938
A 20.496486664 -108.635948181 219.844604492
A 155.754959106 -196.841247559 103.638870239
A 186.580810547 68.440872192 140.151687622
A 147.725997925 -27.027368546 242.234054565
A -3790.959472656 34847.726562500 -44531.644531250
A 278.480895996 28.380643845 140.048675537
A -390.304595947 -1053.383422852 147.547348022
A 68.237136841 -162.517211914 301.613555908
A 308.155517578 -169.978195190 154.882400513
A 75.525154114 -51.450622559 92.001663208
A 234.210159302 11.803004265 88.461853027
A 6514.873046875 -419.074340820 -1450.939697266
A 316.258850098 -6.838905811 278.840606689
A 202.187179565 -65.312248230 51.762413025
A 87.675315857 18.442358017 303.552032471
A 97.984519958 -222.855072021 226.770599365
A 7471.668457031 8530.713867188 16322.880859375
A 259.446350098 40.136276245 135.411209106
A 19.409088135 -84.807853699 186.785339355
A 79.274147034 -16.413030624 327.736541748
A 15.997200966 -60.495532990 209.200378418
A 264.736114502 -188.739044189 122.789688110
A 308.186401367 -185.834762573 215.159103394
A 86.104713440 6.639643192 266.739715576
A 73.222404480 -87.531143188 338.657073975
A 26.389936447 -33.333568573 214.635696411
A -2975.098144531 -1198.527954102 2928.290527344
A 144.893493652 75.441162109 185.642776489
A 177.793304443 -165.064346313 71.759941101
A 103.068954468 -80.833282471 334.515777588
A 63.543209076 -5.518817902 297.684020996
A 91.186531067 29.582538605 133.378128052
A -17810.171875000 5642.575683594 3658.984863281
A 69.165534973 -179.785079956 151.421356201
A 220.157043457 -74.136306763 377.059234619
A 90.429801941 -213.962448120 254.704147339
A 31.119522095 -75.594474792 281.167968750
A 270.365753174 17.308069229 282.138977051
A 263.785949707 56.297096252 254.558151245
A 153.581115723 76.475303650 238.391433716
A 325.134490967 5.398006439 204.664337158
A 344.312469482 -39.937561035 224.082916260
A 206.708496094 -217.157089233 124.133460999
A -2388.830322266 2221.478271484 -474.265930176
A 83.091812134 -110.282989502 343.568878174
A 211.356735229 -135.002166748 59.748382568
A 252.700927734 68.411178589 209.052368164
A 195.955062866 -185.465698242 342.632812500
A 77.171958923 2.934545994 119.515678406
A 322.547119141 -162.219970703 239.626510620
A 262.038848877 -6.066478252 91.794326782
A 222.302932739 -231.665237427 269.726501465
A 256.749908447 -90.303421021 367.730224609
A 131.837142944 -62.632923126 57.741973877
A 89.594932556 46.250690460 259.081787109
A 187.641403198 54.426609039 120.335800171
A 347.038787842 -59.631977081 203.994003296
A 230.601211548 -1.297935843 192.404418945
A 167.390258789 -211.376159668 314.176422119
A 104.880752563 -124.585166931 353.943847656
A 195.722549438 -236.735244751 166.555480957
A 207.348342896 24.420553207 89.865417480
A 135.593994141 -182.244857788 95.536071777
A 260.472351074 -28.417787552 351.671051025
A 64.504554749 -191.507919312 253.153900146
A 128.243408203 67.829772949 245.234405518
A 150.083343506 -220.836273193 134.557052612
A 292.873199463 -16.434923172 322.406250000
A 238.302947998 -110.701271057 62.303726196
A 158.554153442 -170.736312866 351.450103760
A 309.607360840 -109.375640869 318.072357178
A 172.000610352 -231.908355713 278.721679688
A 169.128448486 -139.157821655 368.042938232
A -10237.999023438 9395.490234375 2210.344970703
A 273.281524658 -154.955764771 99.788902283
A 297.252960205 -73.549621582 335.463592529
A 8723.782226562 3908.909423828 -21.293552399
A 239.568893433 29.168819427 308.562622070
A 25.180948257 -112.378517151 180.364639282
