533

A 271.607727051 -38.475387573 97.857528687
A 73.445312500 -135.407196045 292.148254395
A 239.240112305 -104.027137756 317.671722412
A 195.985015869 -215.441009521 198.908309937
A 301.413787842 -30.331462860 231.768798828
A 312.283294678 -70.719139099 208.737335205
A 225.555709839 -157.595626831 223.479431152
A 221.577133179 -78.878410339 316.897735596
A 238.330871582 -3572.170654297 -34061.730468750
A 308.923278809 -99.712417603 189.647918701
A 85.393165588 0.758907259 90.896690369
A 227.674026489 -56.335289001 281.760192871
A 223.051986694 -200.764053345 155.353515625
A 279.449493408 -19.751995087 270.092498779
A 49.225368500 -33.745632172 108.517204285
A 2342.843750000 -539.867553711 5169.639160156
A 183.139099121 -95.965965271 337.909515381
A 134.108398438 -199.673995972 261.329345703
A 69.017585754 -124.030174255 201.883010864
A 226.315979004 15.992346764 92.989677429
A 166.822509766 68.190048218 234.715698242
A 307.016143799 -98.468109131 213.961730957
A 156.409271240 -98.602569580 339.018859863
A 4266.258300781 3218.175048828 3.065939665
A 212.907180786 25.439628601 292.575897217
A 218.528549194 -208.376846313 215.343704224
A 241.836471558 -5.106445312 299.481231689
A 307.051757812 -50.855861664 229.138076782
A 292.018829346 -139.687622070 169.170669556
A 135.451980591 -38.823684692 70.132179260
A 149.245941162 63.537185669 134.662796021
A 305.586517334 -73.883079529 234.846069336
A 306.238189697 -40.554847717 166.376815796
A 226.332244873 -189.954666138 256.504455566
A 288.573028564 -139.089202881 233.775314331
A 61.872901917 -134.916778564 106.015525818
A 179.839736938 -2.513152122 321.805969238
A 72.100112915 39.674739838 207.233200073
A 303.738616943 -93.138793945 149.427215576
A 23.817316055 -74.995529175 224.235366821
A 270.776550293 -102.078033447 94.828804016
A 87.652793884 -71.848274231 66.223068237
A 104.394889832 10.859930038 85.462905884
A 200.040054321 -180.892333984 288.787597656
A -796.492370605 267.590209961 201.378479004
A 212.327377319 -10.117914200 68.380233765
A -32818.480468750 43361.101562500 27558.292968750
A 145.494400024 67.227180481 230.971725464
A 103.734886169 38.110507965 268.349029541
A 100.406684875 -110.178520203 198.616317749
A 46.193450928 15.151685715 189.030960083
A 36.183044434 -43.183399200 126.823608398
A 65.398185730 -105.934547424 85.821868896
A 91.384368896 -148.705856323 296.982910156
A 178.556396484 71.023307800 217.685226440
A 148.039169312 -215.240509033 226.201553345
A 106.010665894 36.287876129 112.387687683
A 65.425331116 -182.552886963 203.713882446
A 55.067462921 -150.898040771 254.466934204
A -45121.664062500 11127.769531250 -34792.996093750
A 83.561759949 -51.202762604 69.773315430
A 164.669677734 -69.261657715 341.618377686
A 86.433448792 -124.733489990 306.198547363
A 123.298248291 -187.470062256 276.456085205
A 52.336147308 -170.481658936 189.900604248
A 230.815155029 -156.400192261 91.477172852
A 177.994506836 74.296096802 199.655868530
A 262.541290283 -180.506973267 169.135482788
A 268.711364746 -171.501419067 224.582504272
A 299.642700195 -128.686538696 193.754684448
A 297.768737793 -59.206562042 132.188644409
A 269.011688232 -119.086616516 152.060791016
A 256.100341797 -162.652923584 122.097518921
A 63.516349792 28.445304871 228.945175171
A 73.927909851 -177.555816650 248.355682373
A 40.124713898 -110.215011597 121.988479614
A 231.265777588 -25.767778397 71.051300049
A 195.124938965 -138.179092407 322.246490479
A 234.496704102 13.962688446 290.671936035
A 146.717742920 9.780590057 69.798286438
A 2780.216552734 -8510.651367188 16001.142578125
A 221.021545410 -8.568118095 312.838928223
A 95.060836792 -159.896575928 97.128181458
A 258.429779053 28.594793320 247.272628784
A 137.541137695 -113.569091797 53.365428925
A 35.367237091 -120.538040161 247.815109253
A 288.019744873 -60.421016693 113.017875671
A 169.231765747 -177.304107666 296.494567871
A 206.565628052 -29.981601715 329.123748779
A 129.258224487 -138.960388184 320.906158447
A 89.209327698 -164.977493286 279.945404053
A 110.668037415 -209.085433960 195.158493042
A 26811.154296875 -9140.503906250 -29125.712890625
A 288.879150391 -96.162704468 267.652252197
A 93.720176697 -184.617889404 127.931602478
A 300.870941162 -105.804519653 234.875869751
A -13461.372070312 -55174.882812500 7052.732910156
A 96.558647156 -104.938980103 64.429672241
A 213.912399292 -129.679611206 320.376647949
A 301.324554443 -115.781303406 158.923263550
A 49.215427399 -82.610794067 285.177886963
A 44.343597412 -59.643604279 110.313629150
A -1796.904418945 4135.278320312 4267.599609375
A 78.617927551 -148.842620850 99.722389221
A 258.347381592 -93.692199707 82.957931519
A 107.842613220 15.588234901 284.467041016
A 239.608520508 -151.403671265 290.665496826
A 151.542343140 -190.199890137 105.147949219
A 51.036087036 -63.114444733 94.592849731
A 149.636276245 -164.751770020 78.958343506
A 31.680166245 -131.435043335 159.817153931
A 245.137832642 -184.426834106 142.214309692
A 37.933029175 -15.794367790 140.257675171
A 199.068817139 -181.763122559 99.249114990
A 156.510482788 -219.884643555 170.405715942
A 272.243743896 -62.133773804 94.319999695
A 144.269546509 -35.930534363 49.950691223
A -1038.916503906 -56662.179687500 -13831.627929688
A 108.510887146 -184.325378418 116.011779785
A 189.142074585 -112.683891296 70.874595642
A 103.111778259 -9.466228485 73.681762695
A 161.498168945 -46.293861389 338.779449463
A 187.256317139 -158.955474854 98.500946045
A 56.487655640 -55.060890198 293.943237305
A -38852.914062500 -30033.761718750 -34771.648437500
A 293.339141846 -12.798862457 235.581146240
A 245.064453125 -190.734176636 162.199554443
A 236.634796143 -128.732330322 308.978820801
A 16.836286545 -68.336502075 205.141830444
A 32.456832886 -7.483097553 190.201217651
A 225.692672729 -54.799407959 326.948181152
A 150.805511475 -4.898709297 323.039947510
A 259.665802002 33.217277527 155.944854736
A 211.520050049 43.882286072 115.405326843
A 260.209350586 -58.170848846 81.985824585
A -571.690063477 -4041.743652344 1414.174194336
A 144.196166992 -135.228378296 59.233871460
A 132.282318115 -211.910568237 235.698822021
A 639.216552734 -514.446594238 72.983177185
A 201.137237549 63.451324463 229.125152588
A 120.378707886 43.458103180 110.890480042
A 76.553092957 -167.437652588 263.921997070
A 200.439971924 -55.473598480 49.520687103
A 180.082733154 -211.010757446 250.441116333
A 29.647861481 -17.266267776 211.569030762
A 20399.007812500 -6940.722167969 -29643.513671875
A 197.878250122 -109.932975769 331.507629395
A 181.060775757 -96.418495178 183.821929932
A -2769.626708984 -825.262084961 881.141113281
A 162.568054199 27.035760880 84.332847595
A 62.456016541 -146.596832275 174.919845581
A 55.915126801 -33.988929749 286.595153809
A 209.055541992 56.082447052 137.242950439
A 64.936264038 -176.548507690 174.186111450
A 106.045135498 21.325452805 292.468322754
A 45.654022217 6.778790474 156.568023682
A 273.900390625 -21.214271545 110.254768372
A 147.199295044 -70.199249268 44.252418518
A 265.748901367 -144.764724731 273.315277100
A 28.581539154 -88.684257507 249.184906006
A 48.318687439 -124.329109192 119.580726624
A 59.102218628 -17.429582596 116.209167480
A 173.245788574 71.865272522 163.217926025
A 194.169219971 39.500438690 283.728607178
A 93.753753662 44.695663452 141.303100586
A 57.054576874 -170.722961426 160.981430054
A 50.793346405 17.813610077 170.470657349
A 43.387924194 -156.474502563 212.491271973
A 67.257148743 36.621723175 177.558883667
A 250.919754028 -190.801940918 200.505462646
A 129.635314941 62.681747437 148.569732666
A 226.895370483 -187.138290405 123.963706970
A 20.742631912 -106.281524658 181.735229492
A 177.715759277 8.668107033 70.029579163
A 248.754455566 47.783275604 180.188156128
A 263.205993652 -123.440612793 96.395797729
A 260.944244385 2.365655661 274.669494629
A 219.510223389 -43.716918945 59.298053741
A 112.069107056 -204.614318848 234.910430908
A 118.193138123 66.050994873 188.430450439
A 203.424667358 -31.117418289 58.348739624
A 30.049978256 -90.716148376 134.220169067
A 299.380340576 -12.812765121 203.114089966
A 226.499649048 -148.344131470 303.079650879
A 133.307800293 57.091678619 252.705551147
A 125.296737671 -8.913818359 321.533630371
A 2838.401855469 6619.308593750 9060.135742188
A 177.921234131 73.320686340 179.486312866
A 62.984523773 -149.830551147 120.862564087
A 289.933105469 -148.964630127 193.996871948
A 132.712127686 -57.061550140 337.323303223
A 31.991981506 -12.857254028 166.333145142
A 258.201812744 -171.244064331 139.514068604
A 548.167541504 -865.710021973 -41.407726288
A -20542.828125000 26154.083984375 21351.093750000
A 33.079105377 -132.646560669 223.729568481
A 219.674850464 -117.005775452 62.291061401
A 173.886917114 -181.490325928 93.381172180
A 54.697063446 24.772146225 205.504501343
A 29.097249985 -36.006946564 146.396194458
A 270.882476807 -126.158760071 280.164794922
A 167.559524536 -94.271293640 46.968631744
A 190.395736694 -150.519775391 68.636726379
A 102.208511353 -193.197555542 251.690383911
A 121.647636414 -128.822326660 64.126106262
A 86.236610413 50.126010895 198.102508545
A 119.185050964 -207.910156250 153.903823853
A 111.116928101 -144.028137207 310.266082764
A 200.285812378 -74.754608154 50.603889465
A 39.921379089 -150.899154663 167.701416016
A 192.155990601 -8.699499130 62.197917938
A 212.525802612 31.321084976 98.816177368
A 62.808551788 -74.582260132 84.012138367
A 116.200263977 -932.925537109 -196.386199951
A 45.057323456 -109.663642883 274.006713867
A 273.144500732 27.291107178 176.960159302
A 179.647598267 -38.406360626 336.326019287
A 60.593448639 -91.241378784 91.143783569
A 189.590698242 -78.607048035 337.592010498
A 175.409561157 -22.988540649 52.753570557
A 232.177810669 -68.256774902 63.456962585
A 279.190093994 -13.022982597 186.666534424
A 135.945449829 -39.120143890 335.084381104
A 191.386672974 52.483825684 118.957252502
A 77.857116699 2.008674860 287.866577148
A 225.600311279 55.583801270 149.461074829
A 216.561843872 -205.986770630 177.505126953
A 165.285003662 -42.314815521 48.313625336
A 150.028900146 -209.109756470 192.540573120
A -4854.187011719 27139.439453125 -64436.046875000
A 39.709125519 -85.816230774 113.485267639
A 108.446350098 -114.354286194 324.291748047
A 113.608543396 -103.064079285 57.245361328
A 147.147232056 -100.283653259 48.514678955
A 146.874130249 73.351135254 195.367431641
A 173.322463989 67.526054382 146.868759155
A 298.983642578 -57.340476990 253.713775635
A 243.704193115 -109.207344055 75.115081787
A 280.495269775 -128.108489990 261.586517334
A 205.965545654 -193.083557129 266.991363525
A 54.540359497 10.686416626 139.292343140
A 264.854553223 -166.841629028 247.411911011
A 275.072875977 17.800838470 153.492782593
A 245.803359985 -83.543037415 70.981124878
A 290.029418945 -120.903221130 134.694122314
A 251.184600830 -31.915164948 80.768180847
A 36.538356781 -100.887214661 260.639465332
A 137.368545532 -178.760955811 293.218261719
A 182.049194336 22.442399979 303.565490723
A 289.915985107 -118.031219482 254.383270264
A 38241.648437500 17628.306640625 4586.890625000
A 486.768676758 -1148.918090820 -763.945922852
A 294.076141357 -91.893325806 126.684310913
A 171.428298950 -219.924545288 189.191436768
A 127.759315491 55.087066650 128.360702515
A 227.216079712 -173.049758911 280.594940186
A 45.463813782 -23.621658325 266.269073486
A 120.106750488 -31.511581421 55.979366302
A 276.130004883 -46.309219360 284.891540527
A 249.593139648 -185.070663452 238.194869995
A 201.555526733 56.292636871 251.687103271
A 138.735931396 42.637424469 102.717552185
A 39.871200562 -68.457176208 272.034271240
A 276.333953857 16.355337143 228.586257935
A 23.283067703 -55.369647980 234.010284424
A 260.657501221 -30.148471832 297.580596924
A 211.755187988 -141.969970703 71.193061829
A 31.371501923 -137.633193970 202.352508545
A 220.760467529 42.808013916 267.749694824
A 259.114654541 -87.012123108 306.237609863
A 169.832077026 -14.462458611 330.204742432
A 223.019546509 61.415641785 213.100982666
A 223.507080078 52.514019012 243.947158813
A 251.963134766 -159.731613159 275.222351074
A 28.465997696 -130.403533936 185.599746704
A -2172.852294922 -11089.863281250 5822.012207031
A 231.617813110 -131.431793213 76.171279907
A 272.958648682 -1.252934575 122.718330383
A 88.185607910 -179.192687988 224.375671387
A 19.566289902 -95.286102295 217.796157837
A 1155.991699219 4505.167968750 3138.408691406
A 165.657623291 28.120231628 147.851837158
A 291.818481445 -20.034166336 139.931152344
A 108.524887085 -167.388717651 292.347900391
A 95.886817932 -20.846483231 316.017456055
A 286.612609863 -143.857238770 151.647064209
A 185.981735229 -101.344642639 49.215320587
A 90.885589600 -127.051696777 77.373016357
A 121.009689331 -99.902473450 332.087036133
A 25.199642181 -60.297386169 181.985794067
A 247.155654907 49.510692596 209.551605225
A 240.234100342 -197.776901245 184.343154907
A 266.843841553 9.668600082 261.125305176
A 173.079544067 -117.177925110 332.713348389
A 128.006866455 -71.252677917 132.898437500
A 261.164459229 37.432563782 198.429733276
A 125.231994629 22.856351852 87.607147217
A 190.864852905 34.765338898 94.856880188
A 102.756233215 -78.480537415 327.444824219
A 161.839920044 -154.805053711 315.894531250
A 300.716644287 -42.806026459 148.430496216
A 276.121643066 -164.599014282 167.675201416
A 301.348327637 -55.443183899 208.869873047
A 79.419006348 -46.918651581 311.751525879
A 289.136810303 -59.804721832 270.311279297
A 312.178070068 -79.210952759 190.240417480
A -19116.574218750 -28072.115234375 21688.189453125
A 135.444091797 -2.388458490 69.872192383
A 73.126342773 36.412811279 155.200363159
A 170.224670410 -198.375930786 270.079742432
A -773.542541504 -2348.084716797 -1476.063476562
A 93.785545349 23.860713959 106.613693237
A 258.089874268 -104.404609680 301.712158203
A 279.228759766 3.550361872 139.333236694
A 23.276182175 -37.363430023 167.312515259
A 308.502838135 -74.442695618 166.250381470
A 21.908386230 -66.203651428 150.816284180
A 142.383529663 12.493947029 311.092742920
A 251.614883423 -43.349338531 309.734710693
A 81.841186523 -98.197853088 72.488754272
A 22.096517563 -41.860851288 217.638076782
A 205.244094849 68.173179626 179.240921021
A 122.578704834 -4.671779156 66.622833252
A 154.274581909 54.800785065 263.852539062
A 42.165195465 -51.914916992 272.893096924
A 203.578521729 68.298942566 201.941757202
A 239.231903076 -196.115203857 224.457534790
A 45.472797394 -146.701385498 238.661758423
A 173.154418945 -203.651657104 128.406417847
A 96.883003235 47.478610992 245.768066406
A 161.120742798 -8.106153488 58.020328522
A 44.266933441 -141.552337646 141.198364258
A 153.389770508 36.029937744 94.022262573
A 242.097213745 31.159872055 265.381164551
A 102.085250854 60.678459167 207.975936890
A 147.518417358 -76.024978638 340.569610596
A 220.036666870 -105.633148193 327.255279541
A 299.680725098 -85.749008179 250.083236694
A 303.823089600 -110.283920288 177.114959717
A 119.048812866 -177.907028198 102.198265076
A 78.061599731 30.099636078 256.729888916
A 245.842926025 39.504352570 144.460723877
A 282.765930176 -74.328628540 280.459075928
A 171.928146362 63.235836029 250.067840576
A -223.059646606 483.303253174 1192.093139648
A 181.356689453 -167.574203491 79.359428406
A -12993.752929688 36456.390625000 -3161.286376953
A 115.267753601 -31.157819748 326.498992920
A 300.461151123 -119.980316162 221.071533203
A 266.783294678 -177.787078857 203.834152222
A 41.500789642 5.900958061 213.343093872
A 158.786575317 -68.982467651 48.331600189
A 129.061538696 -163.286270142 304.426391602
A 285.218322754 -105.344779968 114.217979431
A 6075.254882812 2154.925781250 -3554.763671875
A 148.738220215 73.433250427 179.016540527
A 246.566192627 -60.947689056 316.875000000
A 98.576301575 -39.083045959 63.445030212
A 25.066034317 -113.333221436 223.053405762
A 80.568550110 -169.740295410 121.105186462
A 198.933242798 -210.810623169 155.438079834
A 200.223495483 -7.110105038 320.961364746
A 204.160308838 -193.965545654 124.127937317
A 183.764633179 51.335502625 267.921936035
A 165.906539917 45.135986328 279.743865967
A 166.057312012 32.291336060 296.552276611
A 289.527160645 4.112148762 217.084136963
A 149.684539795 -213.640869141 151.782867432
A 82.886589050 -194.613891602 174.615280151
A 112.527572632 7.881857395 306.981750488
A 244.025588989 -177.899673462 260.639282227
A 108.443885803 -206.645568848 216.071044922
A 100.466888428 58.696418762 176.788269043
A 251.807785034 14.289320946 111.728057861
A 207.024154663 -202.479064941 135.978347778
A 1368.082885742 -1538.210205078 0.784300208
A 85.282691956 48.343376160 170.554565430
A 258.561431885 -146.089385986 108.757530212
A 126.852172852 -79.648277283 50.341030121
A 151.246276855 -204.960006714 129.993667603
A 31.955783844 -20.111614227 233.260345459
A 121.306022644 -201.158340454 135.348068237
A 133.831939697 37.711017609 285.681640625
A -10448.645507812 8150.339843750 -11360.343750000
A 245.248062134 -54.012351990 70.960739136
A 118.428543091 -145.846481323 72.568695068
A 287.496246338 -35.289745331 121.067550659
A 161.565063477 -219.561676025 212.590347290
A 217.731018066 -204.644424438 234.751571655
A 133.817001343 -115.656814575 331.907135010
A -7598.627441406 3571.125488281 -6507.993652344
A 221.084686279 -209.656631470 191.548263550
A 260.711517334 33.784408569 226.346710205
A 221.155548096 -81.629043579 57.490451813
A 82.315963745 -22.178216934 79.994026184
A 301.428131104 -20.189105988 171.370376587
A 135.635253906 -218.240493774 196.435928345
A 42.063240051 -5.325495243 242.930648804
A 146.261367798 26.448995590 300.068084717
A 52.455146790 -3.482860804 123.228340149
A 74.009536743 -182.118072510 148.647491455
A 279.898925781 -81.321083069 101.186553955
A 103.569702148 -52.971534729 326.587463379
A 54.827507019 11.966620445 244.278640747
A 26947.695312500 -32744.257812500 41590.257812500
A 276.340728760 -152.221832275 243.650299072
A -5052.839843750 581.342712402 3199.041015625
A 1123.198486328 -2573.989990234 -406.758270264
A 103.519119263 -182.803756714 269.265106201
A 107.109390259 56.373058319 148.348587036
A 290.516571045 -2.199004650 159.231369019
A 214.840209961 -169.007110596 93.590484619
A 29.755142212 -114.144477844 145.243484497
A 249.396957397 3.183368921 98.619277954
A 201.396026611 65.796066284 154.028152466
A 256.662048340 -125.542770386 296.334533691
A 63.983131409 -119.388542175 94.977523804
A 100.193649292 -146.296478271 82.504165649
A -2452.651367188 1571.384155273 70.272109985
A 211.952972412 -168.800918579 295.465606689
A 124.117858887 -80.373542786 335.887512207
A 274.494140625 -131.900268555 116.093727112
A 113.491615295 57.341106415 237.220489502
A 162.029129028 -18.406600952 322.512268066
A 101.597946167 -205.126953125 175.004226685
A 81.388137817 -70.490348816 318.834228516
A 186.542083740 -216.042480469 172.505416870
A 180.271667480 -200.386367798 242.713806152
A 224.800994873 1.656098843 195.195541382
A 105.176116943 -76.441345215 55.939193726
A 257.289062500 -13.441428185 95.432113647
A 198.812118530 -155.437911987 311.260162354
A 20557.812500000 39942.269531250 19059.195312500
A 62.534858704 -107.015594482 293.601623535
A 205.879653931 13.451656342 307.549102783
A 184.121658325 -217.110595703 216.926025391
A 301.623840332 -71.909698486 142.189956665
A 65.527595520 -22.755826950 94.624938965
A 72.576019287 27.184974670 137.147857666
A 179.355682373 -188.252075195 282.339813232
A 236.213943481 53.205665588 167.169738770
A 29.947750092 -65.212051392 130.506973267
A 33.880161285 -35.264110565 250.091140747
A 173.916519165 -134.090881348 59.331699371
A 110.714790344 -18.136344910 305.214538574
A 77.517379761 -28.425872803 304.655853271
A 175.211868286 -138.249588013 324.630981445
A 289.472778320 -34.227684021 261.011566162
A 280.007934570 20.226043701 201.479003906
A 126.380645752 -212.954360962 172.395141602
A 204.614608765 -47.142936707 333.368225098
A 96.102439880 -195.252502441 147.692031860
A 125.741470337 45.917423248 270.308105469
A 59.215942383 -128.583480835 278.752990723
A 18.368545532 -96.903404236 196.965805054
A 139.797805786 -177.057647705 92.880676270
A 167.615814209 60.808822632 126.167732239
A 132.731781006 -24.295230865 217.130416870
A -3399.817871094 31255.039062500 -39939.019531250
A 250.007614136 25.183378220 124.992561340
A -350.139007568 -945.144592285 132.377349854
A 60.813747406 -145.982910156 270.360565186
A 276.176757812 -151.919296265 138.616653442
A 68.090446472 -46.527050018 82.668869019
A 209.947631836 10.726023674 78.370811462
A 5843.421875000 -375.446777344 -1301.055175781
A 283.787353516 -5.567103386 249.960952759
A 180.865905762 -58.325740814 46.138221741
A 79.174438477 17.188194275 272.630981445
A 88.173820496 -199.387161255 203.237930298
A 6701.645507812 7651.504394531 14639.175781250
A 232.873046875 36.651218414 121.695930481
A 17.604644775 -75.712005615 167.106521606
A 71.174552917 -14.370833397 293.209503174
A 15.056971550 -54.624946594 186.660247803
A 236.449752808 -168.866989136 109.324966431
A 276.920013428 -166.917175293 193.012435913
A 76.027160645 6.460981369 238.946899414
A 65.843170166 -78.121704102 303.511077881
A 23.266122818 -29.287569046 192.389938354
A -2668.156250000 -1074.587524414 2626.611572266
A 129.556976318 67.438064575 166.983322144
A 158.978256226 -147.609313965 64.546760559
A 91.478996277 -72.537544250 300.653259277
A 56.974235535 -5.114782810 267.142730713
A 81.701438904 26.293218613 120.040321350
A -15974.328125000 5060.799316406 3281.569091797
A 61.382404327 -161.419189453 135.257019043
A 197.455291748 -66.978477478 338.121398926
A 81.138046265 -191.649353027 229.136367798
A 28.439079285 -66.972984314 251.636184692
A 242.688674927 14.908778191 253.718856812
A 237.589416504 50.478610992 228.933227539
A 137.702941895 68.750022888 213.648147583
A 290.682556152 4.181240559 183.687011719
A 307.958435059 -35.505668640 201.243881226
A 185.034149170 -194.059234619 112.071670532
A -2142.571289062 1992.975830078 -425.072631836
A 74.895423889 -98.458625793 308.209197998
A 189.472076416 -120.943382263 54.095542908
A 226.221054077 61.058391571 187.557708740
A 176.619079590 -166.293060303 307.481689453
A 68.987892151 2.857857704 107.267005920
A 289.949035645 -145.380264282 215.544128418
A 234.570983887 -5.689596176 82.360839844
A 199.319290161 -207.749099731 241.489807129
A 229.486801147 -81.226425171 328.973083496
A 117.862800598 -55.623397827 52.173339844
A 80.401290894 40.868000031 232.195739746
A 168.768402100 48.907035828 107.746528625
A 311.475585938 -52.595508575 183.349243164
A 207.156585693 -1.652050495 172.895278931
A 150.186279297 -189.213958740 281.712982178
A 93.761833191 -111.304595947 317.355773926
A 174.892150879 -212.125778198 149.065139771
A 185.253845215 21.584186554 80.352195740
A 121.054565430 -163.773681641 85.330810547
A 232.901702881 -25.398923874 315.310211182
A 56.991615295 -171.482131958 226.932601929
A 116.014747620 60.599784851 219.341445923
A 134.526687622 -198.244018555 120.366729736
A 262.252593994 -14.982789040 288.011627197
A 213.400238037 -98.929893494 56.309226990
A 142.243072510 -153.311737061 315.281005859
A 277.122253418 -97.992469788 286.145446777
A 154.202239990 -207.679138184 250.255493164
A 152.476470947 -125.175567627 329.788055420
A -9182.255859375 8426.189453125 1982.217407227
A 244.935516357 -139.215194702 89.991409302
A 266.603729248 -66.342514038 301.047668457
A 7823.712890625 3505.186035156 -18.456203461
A 214.913055420 26.716646194 277.645355225
A 22.878429413 -99.812423706 161.450515747
