533

A 281.092620850 -39.782993317 100.906822205
A 76.083084106 -140.080154419 302.306671143
A 247.293869019 -107.554977417 328.756256104
A 202.696823120 -222.941131592 205.755905151
A 311.311218262 -31.582025528 239.699661255
A 322.564056396 -72.993972778 215.762008667
A 232.866333008 -162.888992310 231.016357422
A 228.802780151 -81.588546753 327.761566162
A 246.104217529 -3694.572265625 -35232.000000000
A 319.825561523 -103.136772156 196.293991089
A 88.531997681 0.755474329 94.181983948
A 235.449707031 -58.322219849 291.508758545
A 230.556488037 -207.661651611 160.307067871
A 288.822662354 -20.523405075 279.676574707
A 51.006927490 -35.024982452 112.346183777
A 2422.909667969 -558.422424316 5347.336914062
A 189.393310547 -99.487335205 349.387176514
A 139.163940430 -206.201599121 270.275451660
A 71.520111084 -127.690010071 208.924987793
A 234.401397705 16.728340149 96.549171448
A 172.525115967 70.505516052 242.540283203
A 317.477539062 -102.123291016 221.338043213
A 161.497665405 -102.106094360 350.591949463
A 4412.823242188 3328.883544922 2.989329576
A 220.094055176 26.246904373 302.410247803
A 226.159500122 -215.497863770 222.924850464
A 250.323760986 -5.487977028 309.812225342
A 317.809570312 -52.577999115 236.743118286
A 302.058563232 -144.700881958 175.024673462
A 140.057250977 -40.113353729 72.447990417
A 154.906188965 65.785911560 139.119705200
A 316.243499756 -76.463058472 242.964843750
A 316.587310791 -42.542537689 172.096710205
A 234.001159668 -196.704864502 264.803466797
A 298.155303955 -143.872924805 241.950424194
A 63.606220245 -139.117462158 109.981895447
A 186.223052979 -3.078224659 332.940643311
A 74.996551514 41.255786896 214.135116577
A 314.130584717 -96.220100403 154.943496704
A 24.688259125 -77.583618164 232.062744141
A 280.044219971 -105.759460449 98.512359619
A 90.319946289 -74.644485474 68.321716309
A 107.208526611 11.336492538 88.601295471
A 206.507461548 -186.939270020 298.667358398
A -823.734252930 276.723907471 208.684295654
A 219.709854126 -10.401193619 70.931564331
A -33945.933593750 44850.628906250 28505.804687500
A 150.468338013 69.338325500 238.725524902
A 107.289871216 39.562301636 277.798278809
A 103.929756165 -114.551101685 205.542663574
A 48.110858917 15.734480858 195.498947144
A 36.942428589 -44.529235840 131.309234619
A 67.331489563 -109.266197205 88.708175659
A 94.861427307 -154.279937744 307.109893799
A 185.248428345 73.627746582 225.441879272
A 153.066848755 -223.101730347 234.147430420
A 109.595222473 37.555248260 116.159515381
A 67.495750427 -188.773422241 210.347518921
A 56.922084808 -155.709487915 263.603790283
A -46671.890625000 11510.205078125 -35987.945312500
A 86.408088684 -52.966598511 72.502754211
A 170.270278931 -71.583236694 353.253570557
A 89.350395203 -129.026336670 316.523376465
A 127.715774536 -194.038833618 285.981048584
A 53.922813416 -176.181091309 196.608154297
A 238.779434204 -161.776535034 94.787452698
A 184.230468750 77.509361267 206.739288330
A 271.140045166 -186.812240601 174.931137085
A 277.909118652 -177.083068848 231.687744141
A 310.470581055 -133.150054932 200.237655640
A 308.478973389 -61.544757843 136.682815552
A 278.210113525 -123.420227051 157.847091675
A 265.053680420 -168.366744995 126.446121216
A 65.347778320 29.856197357 236.768951416
A 75.790336609 -183.541595459 256.891326904
A 41.402317047 -114.111007690 126.016464233
A 239.625930786 -27.066921234 73.527351379
A 202.059326172 -142.543121338 333.289489746
A 242.565643311 14.939456940 300.644348145
A 151.822952271 10.156879425 72.621147156
A 2875.815917969 -8803.059570312 16551.023437500
A 228.567596436 -9.284052849 323.950408936
A 98.587181091 -165.204956055 100.793708801
A 267.017608643 29.933738708 255.780883789
A 141.840164185 -117.215675354 55.263751984
A 36.523902893 -124.456443787 256.534454346
A 297.684692383 -62.849449158 116.729751587
A 174.957733154 -183.438919067 307.106567383
A 214.238525391 -31.242107391 340.102416992
A 133.762374878 -143.668151855 331.613067627
A 92.007400513 -170.658508301 289.546875000
A 114.598182678 -215.949920654 201.633560181
A 27732.648437500 -9454.527343750 -30126.357421875
A 298.734191895 -99.192192078 277.144317627
A 96.899871826 -190.744079590 132.939880371
A 311.315277100 -109.647666931 242.862182617
A -13923.320312500 -57070.230468750 7294.959960938
A 99.927040100 -108.085197449 66.888534546
A 221.483001709 -134.247497559 331.682159424
A 311.776702881 -119.592613220 164.623336792
A 50.912998199 -85.464843750 295.294219971
A 46.065563202 -61.857204437 114.532081604
A -1858.857666016 4277.704101562 4414.384765625
A 81.434318542 -153.653869629 102.909843445
A 267.322357178 -96.600219727 85.690879822
A 111.603363037 16.105903625 294.037322998
A 248.325561523 -156.373016357 300.610534668
A 156.602935791 -196.766738892 108.845832825
A 52.586982727 -65.049926758 97.995788574
A 154.681808472 -170.200576782 81.976150513
A 32.344314575 -135.976150513 165.362762451
A 253.257278442 -190.706939697 147.067916870
A 39.036643982 -16.291551590 144.754150391
A 205.995086670 -188.098159790 102.979675293
A 161.869796753 -228.264434814 175.872711182
A 281.721679688 -64.127090454 97.377792358
A 149.541915894 -36.856761932 51.688564301
A -1074.251342773 -58608.441406250 -14306.861328125
A 112.464500427 -190.716979980 119.651329041
A 195.929519653 -116.691833496 73.313667297
A 106.542510986 -9.775218010 76.333389282
A 166.487014771 -48.135128021 350.307647705
A 193.882034302 -164.621322632 102.046569824
A 58.300487518 -57.226520538 304.289276123
A -40188.078125000 -31065.492187500 -35966.179687500
A 303.639801025 -12.548251152 243.333343506
A 253.691329956 -197.271606445 167.216400146
A 244.679779053 -132.722763062 319.410827637
A 17.335338593 -70.959175110 212.119628906
A 33.103267670 -8.061658859 197.065475464
A 233.419296265 -56.155403137 338.096557617
A 155.603210449 -5.205226421 334.269409180
A 268.774963379 33.877231598 161.692459106
A 218.805450439 45.742465973 119.423362732
A 268.571685791 -60.478443146 84.939193726
A -591.070007324 -4180.844238281 1462.972167969
A 149.290191650 -140.226654053 61.001880646
A 137.207366943 -219.180526733 243.637252808
A 660.821105957 -532.063293457 75.962432861
A 207.653198242 65.680267334 237.137191772
A 124.404884338 45.082607269 114.993194580
A 79.405609131 -173.462570190 273.258575439
A 206.959243774 -57.652297974 50.898223877
A 186.285934448 -217.983108521 259.277709961
A 31.071344376 -17.212604523 218.799850464
A 21099.929687500 -7179.441894531 -30662.085937500
A 204.843811035 -113.865791321 343.127593994
A 187.262710571 -99.788276672 189.639648438
A -2864.425781250 -853.570617676 911.904968262
A 167.516662598 27.671327591 87.477172852
A 64.436843872 -151.902221680 180.878433228
A 57.663002014 -35.129329681 296.662719727
A 216.297424316 57.926147461 142.067886353
A 67.291152954 -182.844009399 179.957412720
A 109.472618103 22.226621628 302.340484619
A 47.226551056 7.442750454 162.194869995
A 283.374908447 -22.153223038 114.284858704
A 152.510406494 -72.961929321 45.891162872
A 274.557769775 -150.119628906 282.539581299
A 29.089733124 -91.443374634 257.614837646
A 50.175758362 -128.299102783 123.633171082
A 60.913822174 -18.122421265 120.187103271
A 179.320785522 74.900360107 168.344421387
A 200.714569092 40.518611908 293.427154541
A 97.080223083 46.308856964 146.385299683
A 58.890106201 -176.344833374 166.633956909
A 52.838993073 18.112518311 175.837188721
A 45.109722137 -162.004440308 219.901382446
A 69.497718811 38.122211456 183.832687378
A 260.005462646 -197.093765259 207.334960938
A 133.792388916 65.054908752 153.579849243
A 234.812072754 -193.592239380 128.165817261
A 21.954992294 -109.586235046 188.398132324
A 184.070144653 8.952641487 72.543518066
A 257.407623291 49.086112976 186.458526611
A 272.016784668 -127.544914246 99.623687744
A 269.918945312 2.246341705 284.151336670
A 226.868362427 -44.662143707 61.363079071
A 115.901779175 -211.867095947 242.533416748
A 122.324745178 68.204208374 194.697433472
A 210.329101562 -32.303844452 60.743377686
A 30.953474045 -93.567337036 138.416122437
A 309.295104980 -13.713637352 210.472656250
A 234.204223633 -153.494735718 313.571228027
A 137.710754395 58.738262177 261.446289062
A 129.120666504 -9.066624641 332.545867920
A 2936.072753906 6846.639648438 9371.291015625
A 183.980484009 75.845207214 185.911117554
A 65.068328857 -154.984054565 124.948448181
A 299.933807373 -154.631408691 200.882278442
A 137.227783203 -59.125274658 348.901000977
A 33.016979218 -13.257709503 171.606552124
A 267.075683594 -177.110488892 144.772674561
A 567.612670898 -895.385986328 -42.451000214
A -21248.548828125 27052.210937500 22084.691406250
A 34.532554626 -137.028137207 231.797866821
A 227.304092407 -121.164115906 64.502006531
A 179.594818115 -187.705169678 96.303695679
A 56.631622314 25.526163101 212.899108887
A 30.058588028 -37.345729828 151.593414307
A 280.608886719 -130.668945312 289.748260498
A 173.703903198 -97.474128723 48.911575317
A 196.945053101 -155.965988159 71.134269714
A 105.511550903 -199.901260376 260.158508301
A 126.153091431 -132.983795166 66.395904541
A 88.888488770 51.574234009 205.161056519
A 122.831916809 -215.118164062 159.492538452
A 115.128707886 -149.206344604 320.965240479
A 207.386108398 -76.853904724 52.728740692
A 41.278102875 -155.852584839 172.895339966
A 198.309661865 -8.798653603 64.130325317
A 219.361663818 32.208065033 102.135620117
A 64.448844910 -77.226638794 87.262084961
A 119.819892883 -965.224914551 -203.161621094
A 46.509395599 -113.217140198 283.433166504
A 282.445587158 28.277584076 183.377716064
A 186.181686401 -39.609355927 347.616119385
A 62.699295044 -94.644371033 94.903816223
A 195.739608765 -81.294937134 349.531860352
A 181.518249512 -23.544752121 54.064296722
A 240.456436157 -70.303665161 65.606925964
A 288.843017578 -13.667825699 193.330505371
A 140.781021118 -40.243885040 346.416748047
A 197.949432373 54.353427887 122.636466980
A 80.411376953 1.474307418 297.593200684
A 232.862121582 57.497230530 154.347061157
A 224.032226562 -213.264083862 183.678710938
A 170.957077026 -43.717605591 50.228206635
A 155.675247192 -216.399765015 199.099441528
A -5021.095703125 28071.755859375 -66650.109375000
A 40.768314362 -88.540885925 117.227302551
A 112.078170776 -118.230049133 335.783264160
A 117.519561768 -106.857490540 58.885322571
A 152.214385986 -103.858711243 49.979843140
A 151.890869141 75.576515198 202.379806519
A 179.399154663 69.974304199 152.187561035
A 308.839691162 -59.605495453 262.573608398
A 252.123977661 -112.788551331 77.426605225
A 289.885162354 -132.759582520 270.755615234
A 213.265930176 -199.829055786 276.036041260
A 56.230312347 11.411620140 143.599990845
A 274.152008057 -172.494750977 255.983917236
A 284.276885986 18.978122711 158.809432983
A 253.998764038 -85.894905090 73.121963501
A 300.258911133 -124.805999756 138.731292725
A 259.980712891 -32.863094330 83.466857910
A 37.407546997 -104.203033447 269.849151611
A 142.388702393 -184.962081909 303.257965088
A 188.345748901 23.354915619 313.289001465
A 299.992462158 -122.216552734 262.894805908
A 39555.289062500 18233.527343750 4744.317382812
A 503.418975830 -1188.500244141 -790.312255859
A 304.492401123 -95.125534058 130.610321045
A 177.437088013 -227.261001587 195.662170410
A 132.579132080 56.849613190 133.108489990
A 235.240646362 -179.026351929 290.089416504
A 46.815162659 -24.206508636 274.929016113
A 123.945251465 -32.245594025 57.890060425
A 285.543701172 -48.021072388 294.768493652
A 257.841491699 -191.284347534 246.345611572
A 208.373855591 58.278587341 260.074859619
A 143.895568848 44.244876862 105.781471252
A 41.091720581 -70.717666626 281.117645264
A 286.125091553 16.637924194 236.552688599
A 24.431072235 -57.234596252 241.996246338
A 269.500579834 -30.753505707 307.277252197
A 218.389999390 -146.919113159 73.705398560
A 32.696334839 -142.603744507 208.952239990
A 228.200622559 44.317634583 277.236541748
A 267.861114502 -89.971145630 316.743041992
A 175.731185913 -14.812504768 341.617126465
A 230.755630493 63.396617889 220.741943359
A 231.080413818 54.263824463 252.268280029
A 260.695526123 -165.253067017 285.269317627
A 29.246862411 -135.022705078 192.135101318
A -2247.500488281 -11471.085937500 6022.153808594
A 239.553405762 -135.772079468 79.468025208
A 282.337097168 -1.486344814 126.796081543
A 91.305061340 -185.826751709 232.061141968
A 20.145181656 -98.884872437 225.071762085
A 1195.726928711 4659.478515625 3246.354980469
A 171.141082764 29.480468750 153.465728760
A 302.061004639 -20.919198990 144.401031494
A 112.730422974 -173.362258911 302.256164551
A 99.337615967 -21.878530502 326.769653320
A 296.373504639 -148.791015625 157.012863159
A 192.351943970 -104.537139893 50.876724243
A 93.624458313 -131.387466431 80.144081116
A 125.224021912 -103.664627075 343.754516602
A 26.032667160 -62.677303314 188.364898682
A 255.793365479 50.941669464 216.546112061
A 248.725555420 -204.626068115 190.691894531
A 276.148162842 9.314759254 270.117492676
A 178.930679321 -120.821060181 344.249694824
A 132.838745117 -73.291046143 137.687622070
A 270.358184814 38.456161499 205.267608643
A 129.636856079 23.616115570 90.698905945
A 197.645828247 36.158683777 98.605903625
A 106.307609558 -81.175651550 338.544464111
A 168.071151733 -159.651565552 326.628234863
A 310.751403809 -43.687702179 153.709823608
A 285.356994629 -169.794387817 173.331832886
A 311.484741211 -57.437625885 215.898864746
A 82.192581177 -48.477081299 322.722290039
A 299.226501465 -61.739418030 279.683258057
A 322.868347168 -82.364166260 196.693237305
A -19772.947265625 -29036.298828125 22433.564453125
A 140.172912598 -2.459224463 72.355186462
A 75.956184387 37.473403931 160.065444946
A 176.151062012 -205.015472412 278.878784180
A -800.069030762 -2428.602050781 -1526.645874023
A 97.287734985 24.774337769 110.341316223
A 267.150390625 -107.940361023 311.558502197
A 288.748840332 3.740513802 143.700317383
A 24.430116653 -38.243499756 172.835952759
A 319.000183105 -77.031021118 171.238342285
A 22.280874252 -68.218711853 155.801574707
A 147.676269531 13.224353790 322.158538818
A 259.852111816 -44.550991058 320.344055176
A 84.946640015 -101.550300598 75.492454529
A 22.999063492 -43.614715576 224.738052368
A 212.364944458 70.266906738 185.331512451
A 126.948364258 -4.779659748 69.080841064
A 159.852615356 56.655525208 272.748474121
A 43.594581604 -53.841094971 282.494750977
A 210.543121338 70.789253235 208.802383423
A 247.107208252 -203.468719482 231.594650269
A 47.253078461 -151.427093506 246.695144653
A 179.569076538 -210.595245361 132.635162354
A 100.027030945 48.989051819 254.146560669
A 166.760040283 -8.306084633 59.720901489
A 45.802967072 -146.892929077 146.114028931
A 158.813247681 37.232601166 97.013565063
A 250.104888916 32.149669647 274.321136475
A 105.411819458 63.053714752 215.287689209
A 152.546234131 -77.903709412 352.305114746
A 227.429199219 -109.028022766 338.762634277
A 310.215576172 -88.937049866 258.132904053
A 314.079803467 -113.979545593 183.068084717
A 122.746131897 -183.908050537 106.201408386
A 80.937698364 31.501493454 265.417053223
A 254.462570190 40.807350159 149.367813110
A 292.835937500 -76.821578979 290.164184570
A 177.814727783 65.685470581 258.189483643
A -231.029861450 499.757324219 1233.125610352
A 187.502502441 -173.311614990 81.893058777
A -13440.325195312 37708.742187500 -3269.910400391
A 118.763961792 -32.202301025 337.813903809
A 310.515106201 -124.047012329 228.378646851
A 276.222625732 -183.670959473 211.215820312
A 43.352447510 6.222651482 220.614608765
A 164.553085327 -71.162918091 49.889389038
A 133.098815918 -168.936996460 314.851959229
A 294.510925293 -108.881675720 118.160820007
A 6283.797851562 2228.677001953 -3677.367431641
A 153.480484009 75.963973999 184.847015381
A 254.444656372 -62.593017578 327.927520752
A 102.377380371 -40.425045013 66.040534973
A 25.774896622 -116.955474854 230.510055542
A 83.917663574 -175.611694336 124.978424072
A 206.332061768 -218.333084106 159.822067261
A 206.520965576 -7.621430874 332.027160645
A 211.080383301 -200.726974487 128.501571655
A 189.886703491 52.942535400 277.148529053
A 171.388061523 46.849487305 289.261779785
A 171.493301392 33.479507446 306.582092285
A 298.821228027 4.495423317 223.830108643
A 155.080886841 -221.385574341 156.622680664
A 85.976440430 -201.462020874 180.679153442
A 116.505149841 8.230875015 317.274291992
A 252.348266602 -184.225952148 269.731719971
A 111.976768494 -213.688888550 223.563156128
A 103.812194824 60.935764313 182.872299194
A 260.085723877 14.635705948 115.783569336
A 214.535644531 -209.420684814 140.397338867
A 1415.271362305 -1591.157226562 1.095196247
A 88.455802917 49.816051483 176.292816162
A 267.209472656 -150.684661865 112.320175171
A 131.007080078 -82.298255920 52.314418793
A 156.613586426 -212.526031494 134.261993408
A 33.156288147 -21.049428940 241.291992188
A 125.419136047 -208.323303223 139.878906250
A 138.978942871 39.109523773 295.309600830
A -10807.790039062 8430.513671875 -11750.550781250
A 254.037704468 -56.455760956 73.123382568
A 122.355567932 -150.658035278 74.623489380
A 297.246429443 -36.514854431 125.156623840
A 167.286270142 -226.953872681 219.957778931
A 225.188705444 -211.655792236 242.651809692
A 138.170959473 -119.174522400 343.560516357
A -7859.996582031 3694.013183594 -6731.865234375
A 229.050384521 -216.581283569 197.795104980
A 269.731109619 35.171581268 234.656387329
A 228.692840576 -84.279457092 59.215251923
A 85.496208191 -22.750968933 82.493247986
A 311.645538330 -20.560169220 177.537002563
A 140.314193726 -226.018020630 202.815292358
A 43.678897858 -5.150654316 251.185760498
A 151.468826294 27.344949722 310.607879639
A 53.950683594 -2.788808346 127.470870972
A 76.944427490 -187.921264648 153.898056030
A 289.793609619 -84.108566284 104.907928467
A 107.206268311 -55.121704102 338.055633545
A 56.845863342 12.765956879 252.949707031
A 27873.960937500 -33869.429687500 43019.453125000
A 285.705535889 -157.577194214 252.070526123
A -5226.819824219 601.305908203 3308.936523438
A 1161.490966797 -2662.554199219 -420.566558838
A 107.145759583 -188.943450928 278.078033447
A 111.211326599 58.486495972 153.535415649
A 300.757080078 -2.233388901 164.831405640
A 222.038864136 -174.635467529 96.703666687
A 30.645570755 -117.949295044 150.115280151
A 258.214782715 3.227098942 102.026420593
A 207.855911255 68.121620178 159.604690552
A 265.579742432 -129.975311279 306.629272461
A 65.424972534 -123.468704224 98.500297546
A 103.948898315 -151.736358643 85.440498352
A -2537.104736328 1625.621215820 72.659545898
A 218.742858887 -174.507644653 305.514404297
A 128.225784302 -83.228309631 347.072967529
A 283.982971191 -136.319183350 120.000389099
A 117.858383179 59.229263306 245.096237183
A 167.681015015 -19.681142807 334.165222168
A 105.158485413 -212.365036011 181.118865967
A 83.966979980 -72.859962463 329.627502441
A 193.015502930 -223.641662598 178.580230713
A 186.300018311 -207.227874756 251.294631958
A 232.464279175 2.075304508 201.376129150
A 108.671134949 -79.014762878 58.090934753
A 265.698516846 -13.668696404 98.973510742
A 206.106338501 -160.617919922 321.653259277
A 21264.136718750 41314.441406250 19713.951171875
A 64.238601685 -110.827697754 303.508575439
A 213.097579956 14.075969696 318.296997070
A 190.754623413 -224.525985718 224.583419800
A 312.172088623 -74.784698486 146.879302979
A 68.153999329 -23.130617142 97.718490601
A 74.910217285 27.860160828 141.689849854
A 185.509002686 -195.139343262 291.815307617
A 244.455337524 54.918102264 173.046585083
A 30.624502182 -67.200225830 135.174804688
A 35.367820740 -36.026039124 258.828277588
A 180.034973145 -138.701110840 61.122753143
A 114.779556274 -18.931648254 315.325408936
A 80.871627808 -29.693489075 315.265808105
A 181.373001099 -143.200073242 336.086975098
A 299.741973877 -35.216037750 269.896148682
A 289.566955566 21.075792313 208.292999268
A 131.029190063 -220.564483643 178.574310303
A 211.547927856 -48.863544464 344.313201904
A 99.039390564 -201.845214844 152.655487061
A 129.844070435 47.333778381 279.796783447
A 61.192169189 -132.841796875 288.783874512
A 18.867078781 -99.997528076 203.765213013
A 144.837127686 -182.900985718 95.966438293
A 173.328536987 63.307792664 130.562667847
A 137.242095947 -25.256534576 224.409759521
A -3517.024902344 32328.802734375 -41311.542968750
A 258.774780273 26.000787735 129.693695068
A -362.159729004 -977.408325195 136.959228516
A 62.341461182 -151.315338135 279.532440186
A 286.057312012 -157.144744873 143.671218872
A 70.280784607 -48.232624054 85.382904053
A 217.133651733 10.785678864 81.504737854
A 6044.277343750 -388.545532227 -1345.736938477
A 293.605987549 -5.993505001 258.497192383
A 187.262130737 -60.532295227 47.789485931
A 81.895843506 17.863716125 282.166717529
A 91.152526855 -206.524002075 210.273193359
A 6931.470703125 7914.168457031 15142.107421875
A 241.056900024 37.411674500 125.744880676
A 18.212734222 -78.888198853 173.030471802
A 73.448471069 -14.961648941 303.489593506
A 15.465838432 -56.198463440 193.304901123
A 244.971893311 -174.842422485 113.606048584
A 286.192138672 -172.652023315 199.649810791
A 78.926208496 6.611010551 247.055603027
A 68.283119202 -80.834434509 313.809631348
A 23.871189117 -30.481468201 199.050048828
A -2760.197998047 -1111.794921875 2716.572753906
A 133.882019043 69.384437561 172.388961792
A 164.776519775 -152.693496704 66.539375305
A 94.766914368 -74.989974976 310.651947021
A 58.726490021 -5.263972282 276.220642090
A 84.545333862 27.499721527 124.084342957
A -16522.765625000 5234.863769531 3394.285400391
A 63.759494781 -166.970352173 139.858688354
A 204.570495605 -69.249824524 349.789428711
A 83.967208862 -198.232208252 236.788101196
A 29.176942825 -69.644912720 260.282653809
A 251.001388550 15.707679749 262.425415039
A 245.253494263 52.259586334 236.352416992
A 142.731994629 71.062805176 221.243255615
A 300.587219238 4.466800213 189.883087158
A 319.219055176 -36.723522186 208.087341309
A 191.366378784 -201.170486450 115.628967285
A -2216.181640625 2061.563232422 -439.970062256
A 77.345573425 -102.096237183 318.948608398
A 196.381027222 -125.250846863 55.788658142
A 234.125671387 63.410873413 194.254806519
A 181.969024658 -171.869033813 318.223052979
A 71.366661072 2.726832867 111.186256409
A 299.800445557 -150.659530640 222.489959717
A 242.672424316 -5.599503994 85.050277710
A 206.312652588 -214.956420898 249.851394653
A 237.913574219 -83.951171875 340.645050049
A 121.865303040 -57.840084076 53.624435425
A 83.107040405 42.252182007 240.421691895
A 174.486648560 50.638183594 111.505668640
A 322.094573975 -54.672317505 189.837951660
A 213.881546021 -1.737636685 178.759399414
A 154.877777100 -195.950973511 291.145935059
A 97.426322937 -115.355140686 328.394775391
A 180.652145386 -219.713195801 154.482955933
A 192.138198853 22.574851990 83.335426331
A 125.251098633 -169.324752808 88.253852844
A 240.655532837 -26.266304016 326.209899902
A 59.562808990 -177.404937744 234.858795166
A 119.957504272 62.586612701 227.175659180
A 139.313980103 -205.237792969 124.778221130
A 271.390563965 -15.376625061 298.267028809
A 220.878128052 -102.384963989 58.241672516
A 147.140945435 -158.103897095 326.172332764
A 287.011901855 -101.959831238 295.594696045
A 159.418777466 -214.933410645 258.766387939
A 157.305908203 -129.036041260 341.408569336
A -9497.808593750 8715.981445312 2050.584472656
A 253.215072632 -143.612335205 92.735778809
A 275.607757568 -68.841522217 311.290802002
A 8092.351562500 3625.781005859 -19.668493271
A 222.008728027 27.140686035 286.903869629
A 24.013761520 -103.592658997 166.959091187
