533

A 369.727386475 -52.918594360 133.783828735
A 100.754058838 -184.403320312 398.589630127
A 325.718231201 -141.438003540 433.249725342
A 266.610595703 -293.822662354 270.257232666
A 409.287506104 -41.785072327 314.979614258
A 425.731140137 -96.979545593 282.566741943
A 306.161956787 -213.937820435 304.321228027
A 300.763244629 -107.787887573 432.218261719
A 323.811462402 -4864.135253906 -46395.222656250
A 421.070617676 -136.446075439 258.177215576
A 115.312629700 1.002321482 122.935379028
A 309.575927734 -77.005805969 384.724700928
A 303.394012451 -272.632598877 212.075698853
A 380.710052490 -28.359554291 368.095825195
A 67.645248413 -47.351383209 147.667388916
A 3191.524902344 -734.292846680 7042.383300781
A 249.174133301 -130.128601074 458.290649414
A 181.497879028 -271.342712402 355.011291504
A 94.931312561 -168.546783447 275.319183350
A 307.611480713 22.695598602 127.789360046
A 225.281600952 93.927581787 319.656982422
A 418.130584717 -133.375259399 292.172271729
A 212.794326782 -133.401565552 462.092132568
A 5810.502929688 4383.736816406 4.012646675
A 290.908172607 33.443374634 397.809173584
A 297.808227539 -285.875091553 294.003417969
A 330.105651855 -7.543527126 407.030944824
A 417.317840576 -67.511459351 311.450531006
A 397.278503418 -188.740447998 229.784042358
A 186.191894531 -51.732292175 95.879249573
A 204.661483765 86.305648804 183.935699463
A 415.114562988 -100.375907898 319.346130371
A 418.800445557 -57.473354340 226.921829224
A 309.573699951 -258.801208496 348.841857910
A 393.801239014 -188.450607300 318.690887451
A 83.881546021 -182.523101807 146.288436890
A 245.037033081 -3.319251299 439.600128174
A 96.939384460 54.705486298 281.861938477
A 413.777252197 -127.570487976 204.724502563
A 31.824609756 -101.465629578 305.562774658
A 368.976989746 -139.029052734 130.069763184
A 119.809608459 -98.295661926 89.574249268
A 140.944519043 14.650362015 117.151245117
A 273.322113037 -245.693817139 392.224395752
A -1085.232666016 365.529754639 274.138977051
A 290.035400391 -14.540686607 92.981506348
A -44701.210937500 59061.039062500 37538.722656250
A 199.034103394 90.102714539 314.847503662
A 141.777053833 52.530033112 365.521667480
A 136.322830200 -151.419494629 271.348388672
A 62.519187927 20.126581192 255.329772949
A 48.412425995 -58.368488312 173.103775024
A 87.868339539 -144.052871704 118.136177063
A 124.896804810 -203.145339966 403.499511719
A 244.194717407 96.861808777 297.051696777
A 202.086212158 -294.620239258 308.196014404
A 142.933227539 48.797634125 152.148239136
A 89.977066040 -247.971878052 276.881317139
A 74.934333801 -205.658493042 345.984802246
A -61461.250000000 15157.285156250 -47391.000000000
A 114.445426941 -69.459594727 96.206596375
A 223.765304565 -93.648864746 464.987274170
A 117.960014343 -169.024734497 417.605377197
A 167.619918823 -254.427566528 376.300750732
A 70.928237915 -232.349990845 259.389495850
A 314.903717041 -211.798889160 124.057136536
A 241.936218262 102.830169678 271.796051025
A 357.887451172 -246.097198486 229.435073853
A 364.710205078 -232.354675293 304.546264648
A 409.134796143 -176.224548340 263.367370605
A 407.119812012 -79.495704651 178.747253418
A 366.644714355 -162.746978760 208.824584961
A 348.109069824 -221.752456665 165.308914185
A 85.697044373 38.611534119 311.203002930
A 99.093086243 -241.609741211 338.262603760
A 54.828273773 -151.278259277 164.138076782
A 314.798431396 -36.208644867 96.919143677
A 265.209014893 -188.230667114 438.296295166
A 318.783752441 18.320373535 396.302886963
A 199.468429565 14.328472137 95.915985107
A 3786.546386719 -11592.465820312 21795.916015625
A 298.534576416 -11.710090637 427.705078125
A 128.971572876 -218.714935303 133.043060303
A 349.755767822 37.769371033 336.597442627
A 186.863052368 -153.342468262 73.144393921
A 46.991596222 -164.347167969 340.547210693
A 392.781646729 -81.987968445 153.863143921
A 231.069992065 -240.677322388 403.230010986
A 281.332672119 -41.684745789 448.330780029
A 175.783386230 -189.405441284 436.513488770
A 120.901229858 -224.255203247 381.858734131
A 152.729064941 -284.563354492 265.409545898
A 36521.066406250 -12449.486328125 -39672.027343750
A 394.901214600 -130.966201782 365.166320801
A 128.620376587 -250.170471191 175.481430054
A 409.007995605 -143.719680786 320.631561279
A -18335.005859375 -75153.039062500 9604.994140625
A 131.773864746 -142.176788330 88.367622375
A 291.512603760 -176.607955933 437.937438965
A 409.897613525 -157.891830444 215.414382935
A 66.479919434 -112.040290833 390.367492676
A 61.606155396 -82.374389648 150.548950195
A -2448.367431641 5633.436035156 5812.319824219
A 107.349365234 -201.120788574 136.188278198
A 352.537872314 -128.722869873 113.362396240
A 146.816055298 21.465543747 386.637878418
A 326.124481201 -205.667007446 396.052490234
A 207.055511475 -260.982330322 142.841354370
A 68.241546631 -86.454612732 129.016860962
A 202.817489624 -222.922241211 108.825874329
A 42.244930267 -179.643737793 218.740966797
A 334.750457764 -250.570709229 195.244689941
A 51.936332703 -21.522623062 190.171508789
A 270.140991211 -247.982757568 135.173721313
A 213.985229492 -300.569335938 233.344238281
A 371.602416992 -85.217041016 127.848754883
A 196.627593994 -49.854591370 68.739135742
A -1415.364990234 -77178.351562500 -18839.453125000
A 147.902084351 -252.039581299 157.251342773
A 258.953948975 -153.997924805 95.949798584
A 140.719833374 -13.186285973 101.300888062
A 217.986602783 -63.088546753 460.834045410
A 255.746017456 -216.514648438 133.707199097
A 76.703498840 -76.453109741 398.892059326
A -52923.613281250 -40910.152343750 -47364.382812500
A 400.473297119 -16.682138443 320.728912354
A 336.145233154 -259.942474365 222.162628174
A 323.272705078 -175.201614380 420.164093018
A 22.419311523 -92.680221558 278.463378906
A 45.344413757 -10.971365929 259.708007812
A 306.848571777 -75.076187134 445.411834717
A 204.629837036 -7.456442833 441.013000488
A 353.733856201 45.591827393 212.367492676
A 288.916046143 61.337326050 156.819519043
A 354.886688232 -79.049072266 111.479362488
A -776.701904297 -5506.578125000 1926.761352539
A 196.443359375 -184.140579224 80.247352600
A 181.102371216 -287.065643311 320.507873535
A 871.858642578 -702.039306641 100.471603394
A 273.270599365 86.594230652 313.637695312
A 164.051223755 59.233005524 151.402633667
A 104.750801086 -227.548690796 360.581085205
A 272.705535889 -75.297134399 66.441238403
A 245.585540771 -285.719879150 342.419677734
A 40.765289307 -24.587814331 289.035125732
A 27786.292968750 -9453.927734375 -40377.492187500
A 269.264282227 -150.815444946 453.435607910
A 247.016983032 -131.248519897 249.511947632
A -3771.269042969 -1123.091552734 1201.151367188
A 221.368026733 36.545593262 116.465583801
A 85.581016541 -200.725997925 237.805389404
A 75.172103882 -44.366600037 391.520385742
A 284.717224121 75.138221741 186.212554932
A 88.514572144 -241.001281738 237.540023804
A 143.414535522 27.993715286 399.439392090
A 61.878482819 10.313028336 212.169204712
A 371.209167480 -29.266099930 150.780746460
A 200.138839722 -96.753646851 59.078578949
A 362.302062988 -196.191543579 372.878417969
A 38.621364594 -120.353912354 339.944885254
A 68.080200195 -170.203720093 162.595840454
A 78.956619263 -24.108322144 157.890884399
A 236.153549194 99.348861694 221.724548340
A 263.065368652 54.490795135 386.141387939
A 127.853424072 61.530742645 192.294769287
A 78.596221924 -232.701126099 219.881607056
A 69.805084229 23.486009598 230.790527344
A 61.000083923 -212.708267212 289.329315186
A 92.040443420 50.037731171 241.521423340
A 342.384735107 -258.896392822 272.851715088
A 175.192550659 84.668609619 200.703414917
A 311.485565186 -255.301483154 169.356430054
A 30.498222351 -144.062164307 247.342391968
A 242.319259644 12.127750397 94.637138367
A 339.858184814 65.453811646 245.311508179
A 358.291076660 -167.051437378 132.812393188
A 354.997344971 2.710757017 374.044921875
A 298.087310791 -58.194431305 81.345268250
A 152.371551514 -279.978759766 319.886474609
A 162.092773438 89.609062195 255.427139282
A 274.884338379 -42.161235809 79.080276489
A 40.554851532 -122.980224609 181.419982910
A 408.255798340 -18.213325500 276.089385986
A 307.007720947 -203.335464478 413.623809814
A 182.446609497 78.158126831 344.745239258
A 170.060043335 -10.832862854 438.778656006
A 3866.906250000 9016.561523438 12340.190429688
A 243.645202637 99.254898071 246.933792114
A 86.083236694 -203.159622192 163.628112793
A 394.782165527 -204.206634521 262.837646484
A 179.901275635 -78.992095947 460.737792969
A 44.349185944 -18.246669769 226.723190308
A 352.402130127 -234.206024170 190.609115601
A 748.096008301 -1179.567626953 -55.951057434
A -27980.535156250 35624.632812500 29082.507812500
A 44.090599060 -180.482147217 305.136962891
A 299.889190674 -159.004470825 85.858566284
A 234.854766846 -247.781127930 126.427047729
A 74.241607666 32.388980865 280.791625977
A 38.883148193 -49.789585114 199.585357666
A 368.524902344 -172.755813599 382.965667725
A 228.412460327 -128.938522339 64.747322083
A 259.655334473 -206.177032471 93.471740723
A 138.218887329 -264.809173584 343.581024170
A 167.124572754 -176.440032959 88.362449646
A 116.526481628 67.248298645 270.979553223
A 159.962539673 -283.166351318 209.827835083
A 151.191528320 -197.096405029 422.922119141
A 272.658782959 -100.886573792 70.067115784
A 54.251239777 -205.087463379 227.253540039
A 262.406036377 -12.382705688 85.317047119
A 289.598510742 43.210136414 135.105178833
A 84.235748291 -100.548095703 115.327812195
A 157.165878296 -1271.783935547 -267.488311768
A 60.760231018 -148.649429321 371.991516113
A 372.399078369 38.462314606 242.418045044
A 243.895065308 -51.513935089 457.888366699
A 83.014610291 -125.515785217 125.081726074
A 256.111663818 -106.075355530 461.336303711
A 240.143814087 -31.524536133 71.692176819
A 316.155212402 -92.490333557 86.860588074
A 380.615417480 -16.889686584 253.884567261
A 184.908142090 -53.821548462 455.789123535
A 260.408477783 72.131446838 162.516250610
A 106.308822632 2.035688162 391.784729004
A 307.372039795 74.129241943 202.858673096
A 294.414581299 -280.782623291 240.943542480
A 223.791900635 -56.545585632 65.844329834
A 204.113632202 -284.395599365 261.003540039
A -6612.399414062 36964.902343750 -87769.218750000
A 52.893531799 -116.576522827 155.689773560
A 148.432556152 -155.314514160 439.997802734
A 155.457046509 -141.472702026 77.532485962
A 201.617401123 -136.471176147 64.765457153
A 198.540679932 99.292449951 266.170684814
A 235.554611206 91.662612915 200.102279663
A 406.601623535 -78.391647339 345.045379639
A 333.450958252 -147.984542847 102.206718445
A 382.959716797 -174.409851074 355.699432373
A 279.125885010 -263.657714844 362.801239014
A 75.339881897 14.470952988 188.784515381
A 361.106689453 -226.275955200 336.555694580
A 373.020751953 24.072896957 209.934127808
A 334.075073242 -113.202285767 95.659652710
A 395.789489746 -165.061660767 182.506347656
A 341.524444580 -42.514514923 109.567680359
A 48.996738434 -137.218322754 356.924743652
A 187.850662231 -243.279571533 399.273071289
A 249.425003052 30.772710800 413.049713135
A 395.288574219 -160.958587646 348.047637939
A 52089.406250000 24011.332031250 6247.576660156
A 662.357604980 -1565.598144531 -1041.472656250
A 400.999877930 -124.647819519 172.224136353
A 233.377197266 -299.160827637 256.448913574
A 175.808105469 75.498176575 174.624267578
A 309.495971680 -235.228439331 381.760620117
A 60.668518066 -31.965017319 362.354187012
A 162.448272705 -43.715869904 76.632102966
A 376.486541748 -62.933242798 388.801605225
A 341.410705566 -250.851181030 324.522857666
A 275.037994385 77.706291199 342.265136719
A 189.387847900 58.981178284 139.351821899
A 53.964569092 -92.891983032 371.204010010
A 378.036499023 21.182369232 311.542358398
A 32.039955139 -74.915710449 319.893218994
A 354.484283447 -40.122028351 404.700439453
A 287.432525635 -192.315887451 96.395416260
A 42.311943054 -188.449676514 274.478820801
A 300.125091553 56.707099915 365.549682617
A 352.596496582 -119.401634216 415.672576904
A 231.200942993 -18.784881592 448.698059082
A 303.537353516 83.322418213 289.640258789
A 303.572479248 71.722457886 333.008911133
A 343.239624023 -218.462188721 377.180389404
A 37.823505402 -177.562927246 253.733413696
A -2959.291015625 -15106.059570312 7930.528320312
A 315.256500244 -179.169815063 104.480033875
A 370.979431152 -1.914810896 165.350540161
A 121.184494019 -245.057968140 306.008087158
A 27.215854645 -128.941284180 297.384979248
A 1574.050415039 6137.573730469 4273.914062500
A 224.327545166 38.277496338 201.552810669
A 397.845184326 -27.911048889 190.053848267
A 149.226562500 -227.682876587 397.916381836
A 130.346206665 -28.255691528 430.440826416
A 391.397827148 -195.558502197 206.234130859
A 254.649475098 -138.809265137 68.137908936
A 123.131141663 -172.990783691 105.296493530
A 166.388290405 -136.883804321 452.843078613
A 35.532314301 -82.882759094 248.343368530
A 337.029022217 66.484375000 285.273193359
A 327.375091553 -270.709045410 250.291534424
A 362.865173340 11.624883652 355.548370361
A 236.219039917 -158.240570068 454.364593506
A 174.345657349 -97.168144226 181.220748901
A 355.265563965 50.702655792 271.805114746
A 170.692535400 31.922401428 120.154624939
A 259.996185303 48.986343384 131.141723633
A 138.465866089 -106.641143799 447.528625488
A 222.177490234 -209.368545532 430.147552490
A 408.996917725 -58.665061951 203.901626587
A 376.628265381 -224.184890747 228.313568115
A 410.478271484 -76.105819702 284.948669434
A 109.321121216 -63.915584564 425.672851562
A 393.953460693 -82.147598267 369.511962891
A 423.905853271 -108.753807068 259.461242676
A -26039.757812500 -38236.343750000 29543.525390625
A 184.616149902 -2.531226397 93.634239197
A 99.856010437 49.922695160 209.693298340
A 232.517013550 -269.425750732 367.841247559
A -1054.802124023 -3199.025634766 -2010.382690430
A 127.874404907 32.797855377 146.726974487
A 352.530761719 -141.695220947 409.928314209
A 379.644165039 5.633712292 189.397872925
A 33.499389648 -50.117355347 227.579711914
A 419.642852783 -101.286567688 225.048126221
A 29.244367599 -90.017440796 204.292083740
A 193.000991821 18.921316147 423.508728027
A 341.834533691 -57.268329620 421.472625732
A 112.456687927 -135.607406616 99.685989380
A 29.459281921 -55.820598602 295.082397461
A 279.829437256 93.549301147 242.455474854
A 165.420776367 -5.849013805 91.248237610
A 212.168533325 73.990303040 359.789428711
A 57.471252441 -70.012550354 372.765167236
A 277.093872070 92.614364624 274.404815674
A 322.964538574 -268.697326660 306.153350830
A 61.248538971 -199.933364868 326.045318604
A 235.913482666 -276.982940674 174.372406006
A 132.360412598 64.094535828 334.070587158
A 218.851303101 -9.869458199 78.424270630
A 59.584083557 -194.376007080 193.596160889
A 209.955154419 48.748321533 128.130416870
A 328.472625732 42.550052643 361.406433105
A 138.637145996 82.787368774 283.434814453
A 199.538742065 -101.661888123 461.969207764
A 299.164062500 -141.555770874 446.128479004
A 407.878448486 -118.626602173 339.609832764
A 414.744018555 -149.917633057 240.829589844
A 161.611770630 -243.452865601 139.110076904
A 107.127517700 42.470474243 348.245971680
A 334.842834473 51.908870697 196.551818848
A 385.199615479 -100.509628296 381.054840088
A 234.803741455 86.773406982 339.857727051
A -304.333160400 656.880126953 1624.325561523
A 248.291992188 -229.800201416 109.370864868
A -17698.072265625 49657.816406250 -4307.168457031
A 157.220199585 -42.441337585 442.747650146
A 407.777221680 -162.875854492 299.445281982
A 361.359222412 -240.960052490 276.893432617
A 58.252708435 6.612428665 290.688110352
A 216.298934937 -94.115074158 68.015853882
A 175.543731689 -223.769592285 414.150848389
A 387.754669189 -144.557144165 154.325195312
A 8274.973632812 2934.793701172 -4842.535644531
A 201.085205078 100.368896484 243.556381226
A 335.305541992 -82.628173828 432.824371338
A 136.355072021 -52.925666809 86.257377625
A 35.819366455 -154.437728882 303.938232422
A 110.884590149 -230.053512573 164.582412720
A 270.332824707 -286.742980957 212.106292725
A 272.374633789 -9.089732170 436.977722168
A 277.122283936 -264.241149902 169.034362793
A 249.347000122 68.564323425 364.584808350
A 226.175216675 61.315589905 379.539520264
A 225.982223511 43.727527618 403.231750488
A 393.794586182 6.303413868 295.532012939
A 203.825180054 -290.982391357 205.802703857
A 112.085365295 -265.374786377 237.197875977
A 152.727447510 10.530367851 418.384979248
A 332.891571045 -242.230758667 356.765563965
A 147.485153198 -284.063110352 294.134033203
A 136.926239014 80.595069885 240.692337036
A 341.644653320 19.176662445 152.246414185
A 282.381225586 -277.117156982 184.217041016
A 1864.477416992 -2094.644287109 1.187187672
A 114.325675964 64.228866577 230.868667603
A 351.880737305 -198.544967651 148.218353271
A 171.846099854 -107.576141357 68.866783142
A 206.997817993 -279.211212158 176.476654053
A 45.350997925 -27.846372604 319.398651123
A 166.140594482 -272.999603271 184.548385620
A 183.433151245 52.242103577 389.096313477
A -14233.167968750 11102.414062500 -15473.548828125
A 335.254486084 -74.671043396 95.775131226
A 160.883651733 -197.547729492 99.832771301
A 390.548706055 -47.216209412 164.981338501
A 220.992874146 -299.446624756 290.272460938
A 297.535339355 -280.265136719 318.692504883
A 180.842361450 -158.754074097 452.179199219
A -10349.699218750 4866.195800781 -8863.754882812
A 301.470458984 -284.715789795 259.501800537
A 354.391632080 46.878646851 308.552154541
A 302.363739014 -109.943916321 76.913543701
A 113.839477539 -28.316602707 109.181816101
A 411.006805420 -27.488992691 234.519256592
A 186.092407227 -297.368621826 267.091430664
A 58.386646271 -7.055006981 331.165893555
A 199.337219238 36.163013458 407.936798096
A 70.652023315 -4.190392017 165.335647583
A 101.230674744 -247.060623169 202.894470215
A 381.448913574 -108.931457520 138.442565918
A 141.323226929 -71.354293823 445.586517334
A 74.523559570 18.294857025 332.757934570
A 36705.546875000 -44601.367187500 56649.539062500
A 376.159423828 -207.420089722 332.386444092
A -6883.253906250 792.264343262 4357.852539062
A 1529.733398438 -3508.592529297 -554.574401855
A 140.944885254 -249.752883911 367.542053223
A 145.880630493 77.209304810 201.715896606
A 396.127807617 -2.586689711 217.644134521
A 293.075927734 -229.120529175 126.991058350
A 40.105796814 -154.207473755 198.938034058
A 341.549530029 4.981626987 134.313278198
A 275.139404297 89.265487671 209.336181641
A 348.117279053 -170.959884644 403.217987061
A 85.432289124 -161.242431641 128.967849731
A 136.456466675 -200.688873291 112.454627991
A -3341.061279297 2140.449218750 94.679130554
A 286.926605225 -229.091659546 403.067504883
A 169.410339355 -109.850959778 457.579803467
A 373.990081787 -180.037490845 157.348999023
A 156.031829834 77.474754333 321.113494873
A 219.493469238 -25.872976303 439.999847412
A 138.327178955 -281.188476562 238.969940186
A 109.293052673 -96.294624329 434.113220215
A 254.625656128 -295.669158936 235.059600830
A 245.516769409 -275.151794434 331.742553711
A 306.507995605 0.981676996 264.767028809
A 142.447555542 -103.089019775 75.598289490
A 351.119567871 -18.678607941 131.288421631
A 271.363952637 -212.228240967 424.646636963
A 28001.882812500 54406.484375000 25961.832031250
A 83.214172363 -145.212600708 399.771942139
A 280.791046143 18.589721680 419.221221924
A 254.054092407 -296.605499268 296.023925781
A 409.217926025 -98.356040955 193.076416016
A 89.235748291 -31.206516266 128.025527954
A 98.188865662 36.600437164 185.994750977
A 243.726531982 -256.451538086 384.547241211
A 322.459259033 72.266479492 224.681869507
A 40.089756012 -88.224174500 178.670135498
A 47.654212952 -46.887054443 339.200256348
A 238.602416992 -182.952667236 80.482101440
A 152.254241943 -23.769487381 414.589660645
A 106.459709167 -39.184875488 415.583679199
A 238.914382935 -188.841476440 442.890106201
A 394.223876953 -46.899951935 354.771636963
A 380.731994629 27.457538605 274.564697266
A 172.306442261 -290.817230225 235.635177612
A 278.706359863 -63.236618042 454.061706543
A 130.637176514 -266.755767822 201.865142822
A 169.866867065 64.200889587 366.766448975
A 80.289535522 -174.961898804 381.228179932
A 25.466316223 -133.190856934 267.906219482
A 192.581741333 -240.717437744 126.655525208
A 228.371719360 82.535026550 171.526473999
A 179.374328613 -32.718017578 295.610870361
A -4632.191894531 42570.863281250 -54401.031250000
A 341.226989746 35.678981781 171.083221436
A -477.519073486 -1287.581542969 179.530776978
A 82.167022705 -197.865142822 369.490753174
A 375.647552490 -207.171508789 189.115158081
A 92.208602905 -63.602001190 113.199707031
A 285.738037109 14.805276871 108.656890869
A 7958.890136719 -512.340454102 -1772.549316406
A 386.611663818 -8.385198593 339.911376953
A 248.109649658 -79.530830383 62.886489868
A 107.096069336 22.445028305 370.912200928
A 119.139251709 -272.563232422 277.198120117
A 9128.234375000 10420.738281250 19938.539062500
A 317.536132812 49.293968201 164.933853149
A 23.234920502 -104.485511780 227.688888550
A 97.564041138 -20.152101517 400.862640381
A 19.662328720 -73.811836243 255.798034668
A 324.356475830 -230.489456177 148.234771729
A 376.639923096 -226.936447144 263.971160889
A 104.376426697 8.455584526 326.516998291
A 89.082870483 -106.312126160 412.899017334
A 32.343742371 -40.709087372 262.552276611
A -3635.379638672 -1463.767578125 3577.595214844
A 176.810867310 92.246932983 226.926773071
A 216.934310913 -202.142227173 87.871788025
A 125.916275024 -98.824043274 408.375335693
A 78.033256531 -7.920308590 363.193542480
A 112.476310730 37.459747314 163.749267578
A -21758.632812500 6893.723632812 4469.723632812
A 85.306289673 -220.064163208 186.495147705
A 267.359924316 -90.417686462 460.842834473
A 110.953590393 -259.973602295 310.800872803
A 38.024677277 -92.581214905 342.461151123
A 330.632385254 21.216362000 345.179992676
A 323.362884521 68.650505066 310.967651367
A 187.513259888 93.601837158 291.797760010
A 397.511077881 7.354518890 250.409622192
A 420.172973633 -48.363994598 273.142669678
A 251.557327271 -264.880249023 151.350250244
A -2918.296142578 2713.063720703 -579.213928223
A 101.175010681 -135.910552979 418.734161377
A 258.636352539 -165.388458252 72.293769836
A 308.948730469 85.544265747 255.602233887
A 240.599807739 -226.093627930 418.722717285
A 93.920494080 5.545938492 147.070785522
A 394.737243652 -199.331695557 292.692291260
A 320.846893311 -6.610863209 113.766517639
A 271.123748779 -283.330810547 329.939361572
A 313.046417236 -110.650856018 449.301849365
A 162.284484863 -75.759704590 71.245162964
A 109.578681946 56.022167206 315.839782715
A 229.380676270 65.396186829 145.540786743
A 423.297821045 -71.779205322 248.553894043
A 281.677215576 -1.746053934 234.951446533
A 203.873153687 -258.530517578 384.063568115
A 127.009918213 -151.195999146 432.238128662
A 239.191009521 -289.385772705 203.773773193
A 252.498809814 30.052736282 109.007934570
A 165.339523315 -222.511444092 116.772392273
A 317.862792969 -35.734394073 429.245697021
A 77.924331665 -235.462249756 309.866760254
A 156.505920410 82.668708801 298.478118896
A 181.669479370 -268.288024902 165.318145752
A 357.812774658 -20.131938934 393.722717285
A 292.401245117 -134.413055420 76.157402039
A 193.775436401 -208.271209717 428.664733887
A 379.247985840 -133.124359131 387.378692627
A 208.640350342 -283.359527588 340.811096191
A 208.411727905 -170.094177246 448.601684570
A -12507.635742188 11478.703125000 2700.382568359
A 334.082885742 -189.432266235 121.109184265
A 362.500366211 -89.415702820 410.194671631
A 10657.132812500 4775.598144531 -24.750431061
A 293.440368652 35.521663666 376.735778809
A 30.496053696 -137.690872192 220.962646484
