533

W 4242.167480469 1175.573608398 -3780.540771484
W 298.691680908 -88.523437500 13.280591965
W 96.679901123 -131.382202148 -22.327207565
W 138.911529541 1.323223352 118.749435425
X 1.672434330 -209.522094727 82.750022888
X -9.740670204 -175.844696045 98.728691101
W -4093.683593750 3331.736572266 -85.611686707
W -3635.142822266 211.901199341 -7777.538574219
W 179.561767578 -3323.359863281 -31750.158203125
W 17.396875381 -116.428459167 135.227325439
X 277.784881592 -259.968811035 245.957855225
W 2427.548583984 -2044.531372070 -743.914367676
W 90.809768677 6.883512974 166.515563965
W 3791.618164062 1720.312622070 2591.053955078
X 326.127014160 -201.849472046 226.655609131
X 6461.288574219 -1516.433471680 14577.629882812
X 152.768676758 -158.023971558 -63.951240540
W 216.451965332 13.812747002 39.416900635
W 437.835327148 -1223.608276367 -4347.138183594
W 94.015991211 -266.736083984 255.457122803
W 312.951263428 4493.329101562 1433.713500977
W -0.378100157 -121.677307129 105.459045410
W 186.812622070 -141.290802002 -65.602073669
W 12376.422851562 9800.579101562 -461.953063965
X -348.548004150 -1427.358154297 -1458.041992188
W 105.044052124 20.314188004 98.662330627
W 74.305397034 -246.502090454 -4.964280605
W 5612.520996094 627.861450195 1399.715454102
W -5048.702148438 2828.085693359 1282.964843750
W -1662.171020508 2079.531250000 -6975.274902344
W 187.131408691 -329.474365234 202.218338013
W 2.935451508 -161.952575684 69.947441101
W -4062.960693359 -1029.941772461 736.436645508
W 108.949371338 -54.803886414 61.766784668
X 20.199045181 -71.502983093 57.723243713
W -1960.244628906 -1264.221801758 -1483.467895508
W 892.763000488 2036.708496094 4169.269042969
W 310.316162109 -297.549835205 90.937767029
W -2.879419565 -126.168937683 171.572769165
W 4637.374023438 -438.363098145 -688.340332031
W 65.686698914 -124.856399536 210.766128540
W 275.463378906 -156.217025757 283.059326172
W 235.487472534 -230.468597412 206.848159790
W 133.665390015 -28.070224762 -5.429583073
W -12294.701171875 4196.796386719 105.482589722
W 118.829284668 -235.031417847 287.076446533
W -25109.984375000 33143.882812500 21056.966796875
W 190.147964478 -312.806976318 75.515068054
W -1225.983764648 3005.531738281 2064.992919922
W 8850.541015625 4697.394531250 -520.174804688
W -4375.339355469 3495.464355469 -194.930175781
W 337.371582031 -199.409927368 215.620864868
W 305.246215820 -99.656753540 247.886566162
W 289.258209229 -67.129013062 -2.759968281
W 170.393722534 -336.971405029 85.032737732
W 195.093505859 28.967758179 90.245582581
W 257.998229980 -286.467559814 235.938385010
W 305.445281982 -31.785703659 110.545440674
W 3984.157470703 2724.659667969 -2366.886962891
W -34973.980468750 8611.483398438 -26956.707031250
W 279.538909912 -182.956787109 278.578979492
W 252.419265747 -286.726135254 -3111.754638672
W 2078.854248047 799.096069336 -2713.980957031
W 238.614776611 -10.364824295 13.895073891
W 319.154357910 -28.791984558 140.372085571
W 90.862976074 -40.094371796 243.438858032
W 166.736587524 -343.594207764 98.126396179
W 110.240036011 -81.982925415 137.556121826
W 46.277462006 -25.364002228 81.270881653
X 5.635122299 -79.916061401 137.947143555
W 105.910537720 -163.411132812 153.170989990
W -4686.770996094 3298.574707031 1152.415039062
W 57.923480988 -33.804748535 205.215957642
W 300.786621094 -288.798278809 76.134590149
W 302.964569092 -24.712152481 59.799236298
X 321.353118896 -85.118553162 219.577514648
W 96.165275574 -219.906326294 283.564758301
W 140.231735229 -74.049041748 -36.512413025
W 100.178779602 -267.767395020 -4.955090046
W 201.584106445 -247.897979736 289.134796143
W 3452.876220703 -10788.220703125 20227.265625000
W -3091.096435547 -3660.544189453 -7090.471191406
W -1930.984497070 -2025.881958008 -2257.314697266
W 61.346874237 -275.736450195 37.849155426
W 207.056015015 -107.223838806 301.541839600
W 342.784545898 -97.873504639 47.391574860
W 18.429231644 -171.604003906 226.383758545
W 159.256057739 -17.537511826 -11.142230988
W -1474.444458008 -1653.456665039 -5646.958984375
W 224.974792480 -77.933868408 -44.808891296
W 201.156433105 -141.369445801 101.968589783
W 261.098510742 17.100927353 128.956024170
W 23407.505859375 -7977.553222656 -25435.511718750
W 50.514026642 -132.900833130 48.759815216
W 268.157623291 -10.687305450 206.370864868
W -0.560871959 -123.070907593 64.432754517
W -10503.351562500 -42950.605468750 5482.566406250
X 267.917419434 -115.992835999 282.983520508
W 106.285148621 -95.419998169 -44.031585693
W -5683.618652344 1694.922607422 1058.108520508
W 328.891540527 -144.009140015 9.664001465
W 6417.839355469 -856.756164551 4799.991210938
X -5019.385253906 10987.927734375 10876.393554688
W 298.135437012 -66.982704163 235.245010376
W 53.795913696 -134.071472168 266.004028320
W 3481.360839844 -4772.091796875 -5395.487792969
X -1231.029052734 1047.376342773 -1570.274658203
W 189.928985596 -4.011535168 235.546432495
X 319.449523926 -166.610504150 241.570678711
W 193.312332153 -30.269702911 262.418518066
X -1417.084106445 -1123.329589844 -575.406433105
W 65.332916260 -26.577848434 190.830123901
W 334.200988770 -231.045455933 197.023056030
X -436.488098145 2283.319580078 2499.178466797
Q 192.417968750 31.419376373 161.739242554
W -2971.969238281 -768.927856445 3092.544189453
W 174.576705933 -203.452194214 296.119537354
W -805.227539062 -43854.070312500 -10739.028320312
W 247.007202148 -27.182001114 197.923095703
X 68.478614807 1615.160156250 3131.996093750
W 250.916015625 -245.836929321 274.162872314
W 167.139633179 -210.810440063 -55.826629639
W -922.923400879 5006.188964844 5900.985839844
W 311.152099609 -183.720718384 -8.731871605
W -29804.812500000 -23019.542968750 -26667.511718750
W 22.033447266 -238.837036133 58.053726196
W 67.981369019 -7.437332153 162.087371826
X 76.520507812 -89.643928528 -25.388235092
X 359.702270508 -151.066299438 100.310745239
W 374.302520752 -255.263259888 111.034561157
W 113.245552063 -202.811157227 -47.582061768
W 177.388595581 -251.313232422 -36.957397461
W 56.856399536 -300.181549072 151.848968506
W 120.184753418 -308.884490967 224.197967529
W 47.588443756 -176.553222656 259.363311768
W -2508.281982422 -14254.375000000 4569.084960938
W 204.976821899 -79.060218811 291.757171631
W 230.190765381 25.105367661 82.355079651
W 9635.965820312 -8585.928710938 -2129.746337891
W 139.275115967 -328.812408447 60.132003784
W 225.658264160 -300.419921875 238.068679810
W 299.734313965 -40.584434509 31.267414093
W 132.204452515 -170.301055908 307.441284180
W 153.659515381 12.996044159 55.190345764
W 1447.356445312 -848.080932617 -241.756210327
W 18469.921875000 -6282.090820312 -26939.582031250
W 128.957351685 -119.238929749 -57.228630066
W 259.676086426 478.376251221 -7174.236328125
W -13498.594726562 -3705.176757812 3274.681884766
W 180.902847290 -220.421966553 182.517730713
W -9607.305664062 -7108.442871094 -1686.735473633
W 308.077148438 -217.041534424 2.048815727
W 108.835884094 -319.812103271 176.113449097
W 5159.218261719 4728.917968750 936.680541992
W 201.551803589 -201.379959106 74.580245972
X 324.974395752 -266.587890625 168.613006592
W 42.210990906 -224.037292480 238.991149902
W 186.517242432 -164.286239624 312.171203613
W 34.261966705 -77.735549927 22.134336472
X 351.710052490 -147.302627563 49.907566071
W 183.159088135 -158.483520508 121.143424988
W -2599.530517578 2081.268066406 -2892.971679688
W 166.312301636 -301.203002930 141.703872681
W 148.937026978 -293.667266846 1.653245091
W 273.307159424 -311.064605713 175.501922607
W -2679.005126953 -2649.642333984 -344.392059326
W 320.634399414 -280.278076172 131.614883423
W 331.960998535 -43.242103577 108.416839600
X 313.172393799 -284.004058838 123.804519653
W 55.756500244 -11.976267815 126.670310974
W 223.739868164 -324.685882568 171.114318848
W 100.189575195 -9.680428505 213.850723267
W 362.048431396 -112.029060364 133.656997681
W 159.511077881 -264.325775146 280.729492188
W 149.975799561 -208.803863525 123.420982361
W 35.560913086 -93.304016113 232.779418945
W 3027.624023438 2229.052246094 2882.316406250
W 127.878349304 -181.063644409 243.587829590
W 256.230468750 15.932739258 84.627090454
W 232.611709595 -335.697082520 115.016670227
W 350.797943115 73.939941406 -841.490112305
W 343.894683838 -116.632064819 202.785736084
W 13.296839714 -229.082595825 117.376625061
X 78.998031616 -49.723346710 -1.916869164
W 209.802642822 -317.636138916 36.433765411
W 215.839248657 -252.350509644 -32.875083923
W 4655.386718750 11184.864257812 15102.637695312
W 163.501296997 -342.456298828 137.648483276
W -5420.842773438 -3713.349121094 -3407.494628906
W 37.272613525 -84.333045959 135.669555664
W 203.652359009 -186.830856323 -4.163261414
X 345.893890381 -237.842239380 143.969192505
W -3997.922363281 4845.460937500 2826.575195312
W 5664.003417969 -11468.618164062 -3205.635253906
W -18146.201171875 23050.636718750 18814.890625000
X 347.260864258 -80.979682922 81.661628723
W 113.153778076 -97.881896973 283.971130371
W -576.445068359 4627.948242188 4074.319091797
W 308.941986084 -288.781433105 101.278556824
X 347.607086182 -208.586212158 182.698822021
X -882.503051758 373.446228027 -707.186645508
W 159.933288574 -435.065521240 -2825.130615234
W 156.077468872 -64.727111816 263.497985840
W 269.330871582 0.212511510 58.160037994
W 231.855575562 -73.351135254 283.683959961
W 280.270050049 -296.952331543 100.861785889
X -921.646850586 -2732.286376953 -750.163879395
W 261.384399414 -69.540870667 -25.195325851
W 601.488098145 83.638107300 -1455.041015625
W 333.762542725 -55.579502106 162.718658447
W 149.843246460 -235.466461182 295.357849121
W 129.971282959 -294.321197510 242.614913940
W 314.554595947 -142.784133911 250.885696411
W -688.941955566 -11996.719726562 -5306.412109375
W 331.514160156 -107.285415649 23.221857071
W 58.037532806 -288.897308350 137.915420532
X 3.156133652 -881.939697266 -1127.576782227
W -3112.441162109 -863.551269531 -3096.203125000
W -542.493591309 -202.779617310 -4052.249267578
W 170.374710083 -212.653366089 305.968597412
W 106.441001892 -165.455978394 255.368011475
W 7563.980957031 3850.375488281 208.092758179
W 212.231567383 -207.137817383 -55.291412354
X 160.465286255 -319.042785645 221.434799194
W 279.513641357 -268.002746582 12.177902222
W 93.597885132 -320.739624023 176.880523682
W 2523.652832031 -4112.677734375 -96.022842407
W 91.775497437 -1270.008300781 4268.440429688
W -139.632003784 -4649.264648438 982.293579102
W -3573.025878906 19959.746093750 -47407.835937500
X 336.347320557 -136.144866943 220.436569214
W 255.370529175 -115.288597107 -46.943439484
W 242.882186890 -122.115760803 287.462738037
W 192.113098145 -126.718704224 307.920227051
W -186.591186523 3497.845458984 76.333648682
W 162.170288086 -341.472015381 161.371429443
X 6.974255085 -173.906982422 43.217144012
W 75.853614807 -112.689056396 277.479766846
W -1711.919067383 436.803955078 -1481.567016602
W 109.298034668 0.496205717 33.615360260
W 304.235412598 -250.269744873 177.875213623
W 41.117927551 -41.698513031 54.744930267
W 28.466857910 -264.952331543 169.840591431
W 129.362182617 -158.216766357 195.799392700
W 12.296459198 -91.035026550 187.190383911
W 61.904399872 -210.423355103 264.753784180
W 5392.716308594 1285.706054688 -2798.240478516
W 210.678329468 -9.971249580 2.124876976
W 704.198852539 2987.118164062 3575.153320312
W 32.438110352 -86.962287903 32.164646149
W 32906.367187500 15168.232421875 3909.708007812
W 3039.458007812 -9761.065429688 -8783.697265625
W 14.484132767 -120.644966125 216.176971436
W 167.282943726 36.460350037 125.204246521
W 216.648239136 -328.273681641 195.218124390
W 76.427848816 -28.858074188 9.949476242
W 322.883880615 -228.169464111 27.978422165
W 225.554794312 -214.508728027 297.800964355
X 31.272516251 -203.341674805 14.403629303
W 113.817840576 -76.159210205 93.245773315
W 141.439300537 -309.484466553 52.290042877
W 197.762786865 -303.931396484 243.211654663
W -8500.080078125 201.133087158 5763.874023438
W 36.963603973 -269.157318115 73.177795410
W 359.924224854 -165.666625977 70.504432678
W -326.342773438 -695.635437012 -621.036437988
W 127.012268066 -75.670829773 287.467010498
W 347.686737061 -69.712539673 125.868614197
W 112.024993896 -294.040283203 16.895587921
W 51.626029968 -147.454513550 -19.447927475
W 548.311584473 1507.062622070 3559.547851562
W 95.082069397 -320.356475830 95.124351501
W 109.818679810 -316.929046631 56.089672089
W 74.954742432 -56.899402618 25.246864319
W 298.449310303 -96.886947632 127.653793335
X -3567.424072266 -17481.105468750 9063.037109375
W 95.399765015 -85.251876831 279.785461426
W 38.809173584 -252.521759033 212.762664795
W -1417.748901367 -3047.209716797 -2278.223876953
W 325.820770264 -137.893280029 99.875083923
W 3019.548583984 13086.615234375 8535.297851562
W 700.259155273 1811.473266602 4202.254882812
W 9.837780952 -218.939941406 184.788986206
W 262.947601318 -35.486476898 1.372284055
W 262.175537109 -223.949432373 -26.268070221
W 16.701210022 -63.927776337 158.700607300
W 159.290863037 -121.605491638 307.560241699
W 230.741516113 -115.558601379 184.507034302
W 183.128860474 -162.680618286 109.703361511
W 7937.274902344 -640.774475098 260.101837158
W 81.334205627 -314.108154297 91.099678040
W 2775.866455078 -4317.837402344 -318.245758057
X 51.512386322 -250.231750488 21.925394058
W 173.872817993 -103.975463867 -61.265460968
W 5586.124023438 -893.297302246 4913.251464844
W 57.023971558 -301.284332275 119.571426392
X 233.250335693 -279.077819824 257.592224121
W 151.146926880 -289.815368652 259.259216309
W 243.692230225 -165.000411987 -18.476314545
W 177.290908813 -47.176753998 -35.401206970
X -4.906773090 -189.601943970 164.388412476
W 31.227638245 -58.042194366 148.612915039
W -4700.013183594 -504.603942871 -1400.256469727
W 246.040542603 -190.394866943 10.920366287
W 4836.313964844 541.387939453 3211.876953125
W -8.365610123 -142.847000122 134.625198364
W -16792.507812500 -24564.337890625 18979.605468750
W 1387.302001953 -1757.771240234 4193.621093750
X 294.494171143 -297.522247314 168.373779297
W 166.799789429 9.028547287 29.445442200
W -4500.400390625 -11010.054687500 -8005.835937500
X -1007.054870605 1703.839599609 -1405.507690430
W 4086.017578125 -1200.395263672 4366.138183594
W 35.422534943 -250.758377075 183.697296143
X 357.154327393 -205.281417847 146.799575806
X -10.417592049 -156.010009766 150.156066895
W 359.212707520 -162.277740479 172.962326050
W 192.386276245 -246.617523193 3.627777100
X 77.784805298 -208.907165527 -27.087257385
X 289.881134033 -111.756805420 265.499023438
W 357.376525879 -202.389801025 91.499458313
W 125.216567993 -336.605987549 120.754173279
W 222.963623047 -242.200531006 283.645446777
W 217.307968140 -1296.816894531 -522.165710449
W 339.633087158 -172.572540283 26.743610382
X -191.787994385 -1527.419921875 -196.787887573
W 70.146820068 -3.444266796 82.812995911
W 329.462799072 -63.061931610 52.986209869
W 175.851867676 -116.418220520 145.290771484
W 263.899780273 -303.349884033 47.905082703
W 198.452377319 1584.343383789 -3273.678710938
X -1135.158081055 -898.864685059 -436.420166016
W 180.559783936 -257.212402344 215.760131836
W 81.435806274 -276.716888428 31.710109711
W 246.571670532 -326.013366699 85.126876831
W 189.745895386 -173.747970581 -64.343238831
W 91.414962769 -127.939857483 -44.503017426
W 1.332601786 -139.988418579 54.190639496
W -5801.452148438 1788.930175781 822.169921875
W 237.780456543 -15.448093414 234.488784790
W -1945.887573242 2487.803955078 1729.858154297
W 93.100082397 -300.273559570 171.313201904
W 24.640787125 -173.660629272 14.102448463
W 177.029861450 -328.883575439 50.585182190
W -4062.552001953 5899.217773438 11231.940429688
W 154.721740723 -38.704994202 269.376892090
W -11535.502929688 32348.728515625 -2866.343994141
W 238.851150513 -225.830078125 -41.210662842
W -2.158047915 -104.722328186 88.227539062
W 71.821098328 -56.219856262 125.659233093
W 247.028472900 -205.190658569 112.094383240
W 202.686264038 -608.140075684 4198.543457031
W 227.566757202 -44.254978180 -24.159086227
X 24.737871170 -120.161804199 215.132431030
X 13719.511718750 5078.323730469 -8589.549804688
W 191.711425781 -344.190490723 121.128448486
X 84.982017517 -186.295425415 -37.548862457
X 256.920593262 -203.017913818 288.205810547
X 358.896270752 -110.656295776 84.266441345
W 288.478332520 -29.557252884 209.147644043
X 132.388351440 20.082155228 175.054992676
W 140.923339844 -235.817596436 -41.975215912
W 2367.043457031 -7044.105957031 -3775.472412109
W 679.099853516 3790.266601562 2694.002197266
W 174.259399414 -307.065704346 15.049741745
W 184.130081177 -279.085174561 -16.092887878
X 1699.423095703 810.695983887 375.951202393
W 198.059646606 24.498199463 179.989135742
X 286.800628662 -1.754169106 151.127044678
W 238.795623779 -272.542175293 -8.357240677
W 77.943588257 -21.760162354 28.641769409
X 1333.846679688 2042.270874023 -149.497970581
W 258.660552979 -326.395599365 133.733184814
W 66.419570923 -254.723907471 222.225509644
W 130.608337402 5.621789932 210.292846680
W 8890.690429688 -10601.625976562 -1093.964477539
X -721.873535156 1251.107421875 -197.835968018
W 46.725967407 -61.838073730 220.434036255
W -1774.204467773 54.523616791 -7907.911621094
W 199.345581055 13.177585602 207.566711426
W 344.959808350 -230.553070068 80.503364563
W 243.113861084 6.385870457 199.915954590
W 861.607971191 -2657.408203125 -2081.951904297
W -13507.599609375 10515.143554688 -14772.825195312
W 73.691574097 -173.546844482 282.437408447
W 239.732620239 -64.808067322 270.928283691
W 15.980472565 -197.179641724 214.802078247
W 180.566055298 37.856170654 101.368087769
W 112.923889160 17.920476913 73.988311768
W 226.594680786 -110.097427368 -54.320484161
X -13362.371093750 6223.205566406 -11583.073242188
W 99.243560791 18.134210587 130.777145386
W 62.210075378 -294.518035889 74.983940125
X 109.986022949 -156.873947144 298.741729736
W 284.436584473 -220.463500977 264.600097656
W -4789.952148438 -1725.231811523 824.874938965
W 215.928329468 32.784408569 124.296798706
W 327.529602051 -248.226547241 58.778343201
X 330.176879883 -1753.532836914 -1718.568115234
X 318.411315918 -248.836868286 208.255905151
W 300.876342773 -20.485115051 175.256881714
W 27.468093872 -149.675231934 240.131591797
W 262.860504150 -192.769012451 -42.802009583
W 300.642242432 -276.634155273 50.774112701
W 20761.654296875 -25222.882812500 32035.488281250
W 5855.918457031 -4164.558105469 2845.592041016
W -13812.685546875 1587.693115234 8210.145507812
W 5084.319824219 -13094.822265625 -2920.264648438
W 269.034362793 -17.860830307 26.227767944
W 252.473846436 -323.849273682 172.400131226
W 16.114713669 -247.830596924 157.269882202
W 123.177902222 -21.655584335 244.332153320
W 344.636810303 -90.142707825 179.347106934
X -1321.399291992 -1347.666503906 1591.805297852
W 129.383865356 -334.332855225 167.315277100
X 50.385421753 -85.245903015 -1.560404181
X -1172.306518555 -868.689758301 -1029.409057617
W 271.073974609 -62.826892853 256.117065430
W -12069.137695312 7576.411621094 -532.349304199
W 114.537757874 -28.899868011 -8.474216461
W 243.888427734 -156.628936768 -56.065139771
W 89.351676941 -102.719726562 184.139022827
W 249.033554077 -315.809814453 58.823131561
W 832.352478027 1410.321533203 4406.604492188
W 239.057601929 -35.603336334 141.205184937
W 286.917816162 -163.633911133 -33.693508148
W 145.690124512 31.724534988 150.149307251
W -534.728271484 6010.406738281 -1714.136840820
W 4575.307128906 6101.907226562 1198.413940430
X 242.526428223 -146.878860474 299.775726318
W 2293.390625000 1602.115722656 -2358.943359375
W 130.766342163 -49.422145844 -30.860807419
W 16835.847656250 32723.121093750 15581.605468750
W 308.516113281 -102.492820740 -4.694302082
W 134.208984375 -264.346679688 -21.613061905
W 161.594680786 12.753159523 105.277107239
W -4932.891113281 -98.496673584 1877.683959961
W 3200.873291016 -1659.410766602 2941.882080078
W 295.552551270 -280.080505371 198.856277466
X 332.926330566 -2188.206298828 1808.383789062
W 3366.627685547 5706.074707031 -1111.257568359
X 345.488494873 -165.631271362 205.257766724
W 342.596008301 -205.604156494 46.183193207
W -259.550903320 2689.474853516 5550.058105469
W -3074.425781250 3478.662353516 6953.445312500
X 1368.159057617 -1076.516967773 -1787.148681641
W 159.380432129 -80.173530579 -52.236801147
X 35.046852112 -224.185607910 20.891178131
X 29.566045761 -269.045959473 98.291107178
W 242.948928833 21.120038986 157.496566772
W 160.662338257 -189.998367310 34.010452271
W 868.651611328 950.766845703 622.963867188
W 220.277481079 -299.051666260 12.677665710
W 3139.585449219 1697.348632812 -2662.683105469
W 365.343841553 -127.718971252 110.681037903
W -108.393188477 -2675.411132812 -2505.533203125
W 9.454046249 -4117.720703125 2013.153564453
W -1173.451538086 -2579.374755859 -5178.464843750
W -2744.445556641 25230.167968750 -32226.830078125
W 65.479560852 -279.878448486 216.704711914
W -6628.101074219 -11352.405273438 -590.960998535
W 293.898101807 -83.621017456 34.148712158
W 3048.825195312 -1915.464599609 -1238.078857422
X 305.670623779 -193.601119995 255.647415161
W 117.099044800 -264.385986328 288.842041016
X 15681.168945312 -953.649536133 -3952.981201172
W 166.333511353 -174.426330566 106.781837463
W 151.390106201 -180.609634399 310.256225586
W 277.950103760 -272.839721680 21.865131378
W 280.081237793 5.721327305 105.690017700
W 8596.791015625 9859.298828125 18805.636718750
W 82.591056824 -304.375152588 197.927917480
W 363.938293457 -155.575164795 146.754348755
W 276.670654297 -237.809814453 -14.503064156
W 366.934570312 -168.765884399 129.178863525
W 176.223556519 -153.039093018 125.643272400
W 36.357952118 -31.649808884 132.597885132
W -4942.120605469 4659.904296875 3193.176757812
W 277.816894531 -153.900390625 -11.149564743
W 351.683410645 -225.842819214 111.271446228
W -10708.166015625 -4055.097900391 9555.238281250
W 221.023376465 -338.601501465 144.799118042
W 163.826263428 -60.762397766 285.130065918
W -4459.441894531 387.416290283 7065.680175781
W 265.804565430 -233.402069092 51.227069855
W 224.295852661 -216.777099609 166.467590332
W -21040.978515625 6596.954101562 4177.313964844
W 315.151977539 -56.407585144 204.537689209
W 139.557250977 -183.581771851 -59.261970520
W 262.173400879 -50.342449188 100.198280334
W 573.395507812 -199.551559448 -58.437324524
W 4233.745605469 1434.985229492 2637.279785156
W 2171.862548828 3107.232177734 677.576599121
W 183.255020142 -191.882827759 109.043495178
X 9.649906158 -243.794647217 126.390968323
W -7.052204609 -202.867416382 121.070785522
X 147.468246460 -7.859361172 228.597869873
W -10336.186523438 9428.482421875 -2887.172607422
W 296.991363525 -127.651542664 -24.123313904
W 144.535690308 -87.904983521 292.172576904
X 1295.164916992 2317.182373047 -32.073616028
W 164.784240723 -72.313102722 32.584465027
X 296.592987061 -260.115966797 228.493896484
X 10.237609863 -70.461410522 104.123016357
W 77.357551575 -235.456405640 265.308990479
W 131.517349243 22.706817627 60.424983978
W 89.884727478 -156.417480469 -45.216033936
W 221.325592041 -177.707977295 305.017944336
W 2169.601318359 -3780.236328125 -1570.743774414
W 170.226104736 -316.513641357 226.019515991
W 0.660176516 -192.452331543 136.163681030
W 6493.720214844 10348.960937500 -3061.272705078
W 187.657653809 -6.245812416 2.644628525
W 273.861602783 -116.112792969 -24.437362671
W 162.608108521 21.706415176 188.548324585
W 161.849166870 -268.153198242 250.755340576
W 235.923934937 -37.341407776 256.691741943
X 108.847122192 -227.458648682 -29.405218124
W 312.385620117 -21.713808060 92.221145630
W -1077.863159180 4234.971191406 1141.908325195
X 214.170074463 -22.673051834 193.597900391
W 72.927452087 -228.230545044 29.467554092
W 112.389068604 -134.516632080 300.821838379
W 201.257720947 -82.230834961 3.132749081
X 29.753814697 -129.661911011 6.058893204
W 177.140457153 24.352094650 48.652740479
X 193.198104858 -106.108680725 -58.489364624
W -14531.426757812 13286.411132812 2925.340087891
W 72.993141174 -66.698997498 252.576736450
X 46.933452606 -162.596130371 -12.573122978
X 16080.735351562 7356.110351562 -301.648773193
W 3355.244873047 5694.032226562 5272.008789062
W 355.101440430 -100.921226501 159.433959961
