533

W 44.173976898 -90.207420349 255.758163452
W 248.663604736 7.698678493 56.885391235
W 75.489112854 -23.969783783 29.973392487
W 119.690185547 92.749031067 151.533355713
W 11.833261490 -96.734382629 119.629966736
W 2.044541359 -60.095680237 139.784927368
W 100.810592651 17.482425690 131.653137207
W 99.451080322 -50.709537506 43.514541626
W 205.762802124 -3205.260253906 -30548.595703125
W 4.670069695 -24.832023621 164.269149780
W 235.511093140 -131.382766724 261.229583740
W 100.265968323 -69.462989807 79.823135376
W 93.143226624 78.984184265 195.028900146
W 35.668483734 -110.619155884 78.193984985
W 272.226196289 -95.293624878 245.498703003
W 3045.766357422 -698.115600586 6780.377929688
W 132.894653320 -33.124820709 7.842959404
W 185.180862427 76.659111023 88.634895325
W 227.910568237 -13.628176689 151.337722778
W 90.787666321 -147.476196289 259.547821045
W 150.393951416 -200.294265747 115.221694946
W 6.095953941 -27.779268265 136.633010864
W 162.970703125 -27.882259369 8.029777527
W 5675.124023438 4371.957519531 -97.174110413
W 103.651298523 -158.812072754 58.177845001
W 97.303947449 84.209060669 135.227630615
W 73.021430969 -124.939598083 48.053764343
W 7.974492550 -76.942810059 123.915176392
W 25.085021973 12.848482132 183.641571045
W 179.274780273 -85.611778259 269.470642090
W 168.182357788 -194.341354370 215.838623047
W 7.377715588 -55.374588013 115.531097412
W 7.786131382 -87.110565186 184.328704834
W 89.192543030 65.516258240 91.848526001
W 26.079364777 15.530172348 114.720169067
W 261.524169922 8.355018616 245.245315552
W 141.110305786 -122.934822083 24.896554947
W 250.377975464 -170.324615479 141.044311523
W 10.800827980 -32.821666718 203.639251709
W 287.705444336 -53.878379822 126.794616699
W 44.993152618 -23.532712936 257.757812500
W 232.268508911 -55.939418793 288.110198975
W 216.023666382 -140.878982544 267.091400146
W 118.384109497 55.223850250 59.718894958
W -3199.786621094 1107.562866211 172.557479858
W 105.459365845 -119.310554504 286.524108887
W -28212.785156250 37270.320312500 23686.996093750
W 174.647003174 -200.331726074 120.400077820
W 217.439498901 -169.404205322 80.743148804
W 207.869644165 -24.638139725 153.952896118
W 273.972106934 -145.455474854 162.119689941
W 286.201782227 -85.957252502 227.136459351
W 255.771377563 -21.930932999 267.048553467
W 228.896240234 22.686809540 52.045879364
W 141.145416260 -203.731307983 132.263885498
W 171.124923706 92.517814636 122.920654297
W 212.785522461 -167.146469116 242.106643677
W 257.666961670 55.911243439 146.642105103
W 267.023773193 24.370332718 95.616043091
W -38891.640625000 9588.489257812 -29986.300781250
W 235.882629395 -76.324028015 283.975616455
W 155.592086792 -56.919776917 6.137433529
W 233.965835571 -3.675160170 42.000514984
W 197.280975342 62.891201019 73.029441833
W 267.921508789 46.808609009 162.195632935
W 86.202140808 32.352645874 261.305297852
W 139.326797485 -205.462875366 150.848251343
W 53.760917664 55.418140411 181.578384399
W 47.143592834 47.613861084 125.822639465
W 13.600934029 3.438612461 159.068710327
W 14.633078575 -67.675155640 218.558776855
W 59.917652130 -12.621955872 193.991241455
W 58.443214417 39.105602264 229.754333496
W 257.183898926 -159.493591309 119.189018250
W 247.558746338 52.250656128 103.559608459
W 280.956024170 -12.884531021 231.247894287
W 85.698616028 -103.459518433 284.168548584
W 121.021553040 12.448949814 25.436426163
W 83.517868042 -146.587799072 56.737751007
W 174.502944946 -136.555221558 285.838500977
W 2686.583984375 -8270.435546875 15533.858398438
W 95.947967529 -121.032852173 32.925243378
W 225.657730103 32.744800568 256.240966797
W 57.352924347 -158.680328369 100.037513733
W 181.883270264 -12.226333618 301.071624756
W 286.875213623 -7.096722126 101.708923340
W 26.443752289 -67.076568604 238.435592651
W 146.480850220 54.303352356 51.927021027
W 110.917427063 -98.660224915 17.808629990
W 189.099166870 12.584824562 26.537130356
W 231.115112305 40.660793304 69.321701050
W 210.605148315 85.973960876 154.693283081
W 23693.726562500 -8077.918457031 -25740.984375000
W 25.060026169 -30.525514603 80.436897278
W 228.045486450 58.655559540 223.857879639
W 13.047782898 -21.417991638 112.172676086
W -11616.985351562 -47597.523437500 6081.614746094
W 223.043884277 -22.301651001 288.303283691
W 102.214210510 2.619236231 26.010444641
W 11.119699478 -10.695808411 189.134231567
W 273.367980957 -48.016609192 65.735153198
W 271.117675781 -67.834243774 242.339340210
W -2348.530517578 5279.807617188 5342.753417969
W 242.045532227 24.230627060 252.816070557
W 57.481132507 -32.555446625 271.591949463
W 207.974014282 -138.612319946 69.456390381
W 76.327629089 26.614635468 57.342212677
W 167.191757202 65.202651978 248.708648682
W 270.930267334 -65.613098145 256.412414551
W 169.912887573 40.580341339 274.834411621
W 288.094726562 6.749969959 189.823745728
W 69.013160706 58.993743896 210.294555664
W 282.769165039 -112.500961304 213.424453735
W 121.570297241 55.001876831 253.118576050
W 163.530746460 95.097953796 178.829223633
W 43.427669525 -65.637855530 259.207611084
W 174.012588501 -91.433731079 305.362579346
W -894.620666504 -48822.644531250 -11924.303710938
W 211.633987427 60.115768433 236.196334839
W 131.746047974 -16.740249634 268.847320557
W 216.051452637 -120.232902527 280.855651855
W 156.411331177 -82.950279236 7.812685966
W 133.690246582 23.155805588 244.638626099
W 265.172943115 -72.337959290 56.453277588
W -33418.347656250 -25828.978515625 -29906.677734375
W 21.283756256 -115.765747070 114.317375183
W 71.765625000 68.340881348 188.819854736
W 79.672981262 2.838006973 37.775032043
W 305.354217529 -58.641506195 143.605392456
W 289.542419434 -122.314590454 158.965301514
W 91.402969360 -72.234352112 19.005907059
W 166.030044556 -125.016845703 21.563884735
W 55.294853210 -163.948715210 194.345840454
W 106.402221680 -174.712524414 235.964294434
W 53.229324341 -70.040878296 270.166015625
W -944.989562988 -5935.884277344 1970.526733398
W 173.574066162 8.969808578 294.318115234
W 189.085144043 86.598213196 115.163894653
W 2507.307373047 -2212.155517578 -417.775787354
W 116.039245605 -197.042816162 119.546478271
W 196.834960938 -173.923721313 241.516220093
W 244.533645630 42.940357208 85.008460999
W 117.677536011 -69.126800537 305.648437500
W 137.217025757 85.541450500 99.570243835
W 291.897552490 -111.446556091 138.690307617
W 18174.605468750 -6185.298828125 -26430.076171875
W 118.928169250 -16.185953140 14.677946091
W 145.067993164 -38.803035736 165.066741943
W -4870.066406250 -1368.312255859 1326.442382812
W 155.361022949 -159.613922119 268.054779053
W -1584.395874023 -1316.739135742 -161.760742188
W 264.863464355 -95.062713623 63.109432220
W 107.325698853 -188.047790527 214.340393066
W 254.746932983 45.007980347 175.807556152
W 213.857284546 -150.954605103 54.886985779
W 274.725585938 -137.507232666 195.495315552
W 41.481357574 -108.390876770 243.653686523
W 169.160919189 -57.604038239 311.240020752
W 48.650917053 18.100963593 75.780601501
W 292.247863770 -39.974464417 97.722503662
W 270.563598633 -4.589033127 231.066528320
W 252.723831177 -107.560966492 229.610488892
W 142.974777222 -202.674743652 188.737930298
W 120.401977539 -170.164596558 63.132873535
W 226.002395630 -177.639068604 209.913497925
W 264.302947998 47.448314667 184.707397461
W 271.112060547 -147.676803589 180.518661499
W 277.257568359 31.512899399 138.727966309
W 255.038223267 -166.485900879 171.878158569
W 64.718551636 67.374488831 150.249008179
W 189.533630371 -195.167984009 202.354644775
W 90.366119385 62.669200897 229.224502563
W 301.146667480 -20.165044785 169.076354980
W 142.135406494 -138.824203491 284.393554688
W 66.771453857 -179.098709106 170.715774536
W 50.593826294 -3.605943918 254.624008179
W 55.025363922 -131.852142334 76.983345032
W 97.643745422 -86.143280029 295.346710205
W 208.947891235 80.875518799 116.540267944
W 201.735122681 -199.183273315 160.489913940
W 113.094642639 -98.336387634 295.464294434
W 292.366760254 -34.984024048 217.148788452
W 14.508906364 -116.430282593 148.578704834
W 88.889022827 24.028057098 44.664875031
W 185.927795410 -189.827499390 95.258911133
W 194.716705322 -121.242492676 26.092235565
W 2991.344726562 7050.658203125 9598.204101562
W 141.096084595 -205.165039062 171.307357788
W 257.247955322 21.923654556 228.743164062
W 23.194437027 21.840845108 158.255065918
W 186.014617920 -71.025932312 10.111911774
W 289.249176025 -115.875366211 185.211578369
W 59.482532501 45.274234772 214.905944824
W 1604.645751953 -3072.375000000 -728.651245117
W -18201.375000000 23162.355468750 18907.232421875
W 288.169525146 8.504261017 126.305908203
W 98.734024048 -8.859900475 291.618408203
W 141.270126343 57.227584839 259.934326172
W 266.140350342 -155.894927979 144.805313110
W 293.502685547 -92.790374756 204.010223389
W 44.507019043 2.717908859 69.305801392
W 151.035522461 -31.885477066 308.875488281
W 129.694839478 25.845678329 284.935668945
W 217.647445679 69.358207703 98.461135864
W 196.761093140 3.792963028 290.938568115
W 235.523101807 -182.478439331 151.240036011
W 201.569335938 82.709587097 197.103637695
W 210.868759155 19.070363998 37.903388977
W 116.278076172 -54.783615112 304.165222168
W 280.232757568 26.048686981 183.331924438
W 126.452209473 -120.096183777 293.129302979
W 105.887763977 -162.672393799 252.785751343
W 259.992828369 -50.091213226 268.482055664
W -52.474590302 -3235.646240234 -1286.980957031
W 277.223693848 -19.037744522 76.873687744
W 43.044799805 -158.324951172 173.809799194
W 138.554733276 -93.508255005 10.646177292
W 254.635513306 -35.232437134 260.326477051
W 127.519828796 -47.816661835 8.556245804
W 145.490631104 -105.997222900 301.087219238
W 82.786911011 -59.576763153 291.357299805
W 50.979049683 -109.202224731 162.638671875
W 185.277053833 -91.265274048 12.946002007
W 127.639442444 -184.075485229 232.737487793
W 241.928298950 -132.949401855 60.973686218
W 90.918846130 -185.791229248 202.131408691
W 100.168167114 77.984123230 169.073181152
W 153.118667603 -86.231559753 307.462982178
W 167.374542236 74.533615112 157.726013184
W -4142.160156250 23151.724609375 -54973.781250000
W 282.773681641 -43.369941711 238.014236450
W 211.118148804 -13.630021095 23.006902695
W 205.979217529 -22.769050598 297.130676270
W 171.122161865 -28.817279816 306.896789551
W 172.334899902 -201.790344238 158.302734375
W 144.924057007 -198.820632935 204.242294312
W 15.657445908 -70.294105530 94.845565796
W 72.304740906 -15.889956474 279.186859131
W 34.345767975 1.133309484 89.013877869
W 109.081047058 69.778678894 82.959106445
W 267.439727783 -139.658721924 212.257675171
W 49.340888977 40.821914673 103.281578064
W 40.772617340 -147.514648438 197.574401855
W 70.216041565 -43.001895905 283.022064209
W 23.403457642 -4.804620266 216.816436768
W 64.879920959 -98.250793457 272.236053467
W 281.939178467 -27.067811966 89.279067993
W 182.705917358 54.731838226 56.896701813
W 136.565917969 -154.726425171 44.285095215
W 24.317552567 -6.217013836 92.697204590
W 33688.156250000 15528.114257812 4032.871826172
W 1003.104858398 -2923.436279297 -2424.148437500
W 20.425020218 -34.185283661 226.104827881
W 148.018005371 96.824028015 161.142013550
W 190.520294189 -186.797866821 223.328002930
W 87.598937988 48.301372528 68.157752991
W 274.929321289 -104.872253418 82.689140320
W 197.518432617 -99.172218323 298.016113281
W 37.262203217 -80.242919922 62.941246033
W 66.027359009 59.721675873 112.982162476
W 114.430297852 -188.583328247 96.509124756
W 178.733749390 -173.689193726 249.532516479
W 281.081176758 -60.659587860 75.840469360
W 38.127101898 -147.708053589 120.849334717
W 298.982757568 -69.666938782 115.347434998
W 54.914714813 -100.139114380 50.984771729
W 106.345703125 15.386080742 284.498107910
W 289.553802490 11.687329292 148.990371704
W 95.257553101 -172.850036621 79.857772827
W 55.228347778 -38.400360107 40.953613281
W 147.781478882 -119.391883850 16.464305878
W 94.283287048 -193.526123047 137.603713989
W 92.241043091 -183.987335205 105.324531555
W 63.152839661 34.329113007 74.486404419
W 292.508544922 6.601398468 165.163436890
W -2289.919921875 -11537.423828125 6022.170410156
W 84.587211609 5.277113438 278.158172607
W 42.978744507 -129.694702148 228.493286133
W 224.423248291 39.738689423 130.840301514
W 302.600738525 -33.808250427 131.863998413
W 1463.539550781 5990.107910156 4051.881835938
W 151.776107788 -139.379943848 194.458129883
W 22.870899200 -109.181907654 211.814682007
W 211.368240356 42.539997101 56.755565643
W 222.460800171 -108.783271790 31.892770767
W 27.014505386 19.037267685 200.828552246
W 132.865219116 -24.924327850 305.780090332
W 229.064453125 2.665821314 276.076965332
W 198.111831665 -25.926607132 17.797164917
W 284.874114990 -65.362289429 166.745407104
W 69.835113525 -180.306716919 138.636184692
W 76.363662720 73.626243591 164.618942261
W 49.249050140 -141.116455078 84.871078491
W 144.899871826 -9.232576370 13.210348129
W 182.320816040 -56.269283295 201.239746094
W 53.448711395 -169.128067017 153.380523682
W 193.420730591 -152.983840942 267.735382080
W 125.420394897 -164.662246704 258.478149414
W 217.182586670 -50.590351105 19.673233032
W 156.354125977 29.025846481 31.710430145
W 12.997758865 -84.774070740 203.507949829
W 37.261707306 38.311374664 183.835433960
W 24.666448593 -72.509643555 141.423645020
W 239.921859741 -81.169998169 35.337924957
W 28.095317841 -67.381217957 77.563278198
W 2.290477753 -46.854026794 159.314758301
W -16915.777343750 -24822.433593750 19175.941406250
W 182.285003662 -123.273178101 277.778747559
W 247.839843750 -167.159683228 196.579223633
W 147.306655884 76.691680908 80.751365662
W -1507.909545898 -4039.992431641 -2772.788330078
W 226.181381226 -154.243820190 244.707305908
W 60.888980865 -24.307752609 48.013446808
W 36.872817993 -133.262924194 212.695037842
W 299.158782959 -89.477989197 183.536788940
W 4.489426613 -53.934997559 185.352478027
W 299.319091797 -61.585159302 200.923690796
W 178.196243286 -141.071441650 34.343769073
W 64.110328674 -85.530731201 37.439777374
W 239.007598877 -28.348318100 280.998321533
W 300.061614990 -86.061676025 132.078231812
W 111.426330566 -200.369338989 169.095352173
W 195.553909302 -124.986770630 288.843933105
W 162.367050171 -187.918548584 85.386863708
W 280.358520508 -71.771942139 77.028091431
W 113.443901062 -200.096038818 148.139022827
W 76.136077881 71.444313049 124.952491760
W 276.015686035 21.676481247 110.688720703
W 143.488418579 79.711982727 225.901885986
W 222.798721313 -178.628051758 102.582946777
W 157.050598145 -121.411567688 295.136108398
W 277.382415771 17.122560501 209.702987671
W 164.957519531 -167.535797119 259.467926025
W 73.844673157 -163.280258179 84.445976257
W 215.633651733 -193.257644653 139.474060059
W 170.138198853 -52.228469849 6.439244747
W 95.675514221 -22.000770569 20.158327103
W 13.668290138 -39.677803040 100.714500427
W 11.745141983 -15.916101456 173.512145996
W 199.856445312 54.359584808 251.070663452
W 240.770874023 -161.202926636 91.566749573
W 70.725524902 -171.777832031 207.241851807
W 30.071514130 -55.033657074 67.589462280
W 147.095565796 -195.164535522 101.333534241
W -1033.818847656 1627.504150391 3241.763183594
W 134.305908203 41.935726166 274.314849854
W -11528.156250000 32334.105468750 -2814.631103516
W 204.063537598 -99.921371460 20.387948990
W 13.760300636 -5.902114391 128.379257202
W 48.176429749 52.475570679 146.504318237
W 280.183013916 -135.275650024 138.177581787
W 163.617782593 -58.273342133 300.863281250
W 190.580932617 38.024703979 43.880989075
W 29.963136673 -21.284751892 238.434249878
W 7232.931640625 2606.523437500 -4346.301269531
W 170.155609131 -206.729110718 169.194473267
W 70.136985779 -66.502258301 29.958110809
W 219.851776123 -90.461097717 290.630523682
W 296.070556641 -13.334409714 126.023712158
W 240.536972046 45.791908264 230.916259766
W 117.088043213 86.401138306 195.892776489
W 117.100379944 -122.992446899 25.629745483
W 115.465354919 66.206771851 225.444931030
W 133.868331909 -183.614196777 79.507621765
W 150.699249268 -178.264587402 68.980926514
W 154.624938965 -162.570190430 50.346984863
W 25.677045822 -133.836227417 134.300323486
W 169.137100220 89.732505798 198.407333374
W 238.253036499 69.740341187 176.471984863
W 207.765548706 -139.764160156 41.893829346
W 73.254394531 53.523567200 88.505432129
W 212.885330200 81.742523193 133.408721924
W 219.226821899 -190.350051880 174.299560547
W 64.219444275 -144.682769775 240.991088867
W 110.387702942 77.393966675 220.152069092
W 2880.916748047 -3372.830566406 -258.358612061
W 235.292694092 -179.322738647 181.201049805
W 54.896560669 21.274724960 243.027069092
W 192.721282959 -49.868331909 305.154815674
W 166.845642090 81.040122986 221.957656860
W 288.622772217 -109.754219055 117.297470093
W 199.314361572 77.062133789 215.221191406
W 186.920318604 -168.725540161 62.226474762
W -10212.286132812 7956.645507812 -11116.229492188
W 71.119804382 -72.971557617 282.707550049
W 200.368331909 19.424760818 280.934173584
W 26.214054108 -93.173706055 230.434982300
W 158.128860474 95.534713745 137.530242920
W 100.853683472 80.947441101 113.996627808
W 186.867813110 -11.731235504 15.455900192
W -8207.837890625 3846.260986328 -7056.519042969
W 95.479606628 86.258178711 161.742950439
W 55.584789276 -165.752151489 122.265884399
W 97.000022888 -45.818038940 298.204132080
W 238.081985474 -105.805816650 273.813842773
W 13.326728821 -109.364562988 179.103836060
W 183.016830444 94.437973022 155.037338257
W 278.421691895 -123.911964417 105.841857910
W 172.347183228 -157.947799683 47.248020172
W 268.144195557 -125.278114319 230.606201172
W 247.753601074 56.238716125 200.893524170
W 35.528656006 -46.722179413 251.175216675
W 217.690399170 -74.745971680 20.684053421
W 265.721130371 -142.442672729 104.109245300
W 23199.498046875 -28187.306640625 35802.511718750
W 38.749813080 27.130083084 105.730018616
W -6537.740722656 760.699584961 4013.870117188
W 1896.803222656 -4639.746582031 -933.470764160
W 217.303558350 59.047245026 80.441658020
W 211.084945679 -187.357467651 203.172744751
W 25.003965378 -127.662528992 190.874084473
W 102.592346191 45.147960663 260.147460938
W 291.710235596 -11.818562508 204.293991089
W 65.090545654 -132.449264526 253.755020142
W 117.331214905 -196.433074951 197.920883179
W 58.189327240 -2.566939116 50.783084869
W 258.917541504 -8.127743721 257.668579102
W 220.457977295 21.260801315 270.549377441
W -4336.007812500 2743.953125000 -61.163848877
W 105.291397095 44.093162537 53.347957611
W 196.352325439 -47.051044464 11.393630981
W 41.701839447 8.247632980 237.432693481
W 208.603347778 -189.929672241 112.683349609
W 154.801834106 -109.985382080 34.276569366
W 218.920898438 80.539611816 175.057647705
W 239.290786743 -58.108692169 31.901868820
W 130.508331299 93.479446411 178.549194336
W 138.948699951 66.635124207 109.408203125
W 104.581375122 -116.277641296 155.809066772
W 211.989913940 -49.918441772 298.123077393
W 60.492782593 -116.916847229 255.348724365
W 118.036430359 28.830284119 36.439384460
W 17919.603515625 34819.214843750 16608.830078125
W 260.120452881 -19.500705719 55.605648041
W 110.394073486 -143.606109619 40.793815613
W 134.856094360 94.078544617 133.002471924
W 15.817420959 -56.734279633 209.776428223
W 257.187683105 -106.154037476 257.277191162
W 246.260437012 -159.060577393 216.419769287
W 140.433593750 64.894790649 66.253768921
W 80.589134216 -182.355606079 183.754394531
W 291.854827881 -62.069427490 221.340545654
W 286.808959961 -91.697692871 96.268867493
W 142.667907715 8.918706894 292.969818115
W 202.703475952 -105.224670410 56.364593506
W 242.059448242 -101.491233826 42.927867889
W 143.611343384 12.291816711 21.663257599
W 25.023181915 -94.699546814 86.261947632
W 34.668449402 -149.512756348 149.287216187
W 193.712753296 89.814285278 178.735671997
W 110.324058533 -82.394607544 13.942353249
W 224.638427734 70.526412964 204.716430664
W 194.003021240 -177.123703003 76.880996704
W 260.908325195 2.820172071 69.883781433
W 303.315093994 -30.451725006 154.240921021
W 177.740875244 51.561828613 260.626739502
W 150.003631592 -190.912048340 224.502655029
W 179.183837891 -90.064132690 140.135040283
W -2954.750000000 27162.871093750 -34709.332031250
W 66.505584717 -156.518600464 227.958419800
W -1668.079223633 -3112.966552734 -47.890907288
W 260.341003418 20.012395859 79.715171814
W 38.416862488 24.293340683 211.756256104
W 253.478942871 -82.091888428 269.888885498
W 107.219718933 -139.590774536 274.710479736
W 7493.525390625 -467.916076660 -1771.188232422
W 31.215778351 -124.129638672 98.903076172
W 137.771331787 -69.845527649 308.527862549
W 240.849166870 -149.279815674 75.451843262
W 233.380432129 74.275093079 144.294387817
W 6533.034667969 7472.142578125 14274.507812500
W 83.672019958 -168.601318359 229.420700073
W 304.243011475 -51.723609924 182.922515869
W 247.888854980 -115.132225037 54.768852234
W 305.636199951 -70.661979675 165.705535889
W 76.554496765 43.379131317 241.811172485
W 37.283573151 41.547401428 157.488861084
W 232.123519897 -126.230125427 116.087516785
W 253.684143066 -50.089244843 43.637973785
W 299.001953125 -98.938781738 157.930801392
W -4202.597656250 -1621.096435547 3906.249755859
W 189.417221069 -200.474624634 183.885391235
W 156.539184570 20.038963318 290.386627197
W 221.274505615 -55.863315582 61.032047272
W 264.027862549 -126.311561584 82.057449341
W 237.721984863 -157.229644775 232.581924438
W -15691.754882812 4959.459472656 3191.560302734
W 261.161590576 34.692317963 218.240585327
W 117.973060608 -60.144050598 8.814095497
W 240.801651001 65.339752197 122.974388123
W 291.928588867 -60.388233185 96.764801025
W 83.304420471 -133.211013794 103.111022949
W 79.326728821 -182.534332275 121.565139771
W 182.796463013 -202.150375366 135.247817993
W 23.691341400 -133.251419067 167.071701050
W 5.978155136 -93.178749084 148.938156128
W 131.496643066 69.636856079 241.954406738
W -3753.359130859 3435.661376953 -911.566406250
W 246.554489136 -29.717882156 40.075729370
W 129.509887695 -4.713019371 299.951354980
W 89.963447571 -192.899337769 164.047485352
W 142.622222900 41.210395813 41.057533264
W 252.020828247 -133.014984131 244.248107910
W 24.508361816 19.444778442 134.508102417
W 80.944992065 -124.056968689 271.056701660
W 119.447525024 84.785720825 106.517646790
W 86.257522583 -46.305633545 20.197505951
W 199.618850708 -73.410484314 302.269165039
W 239.868957520 -169.345748901 116.054763794
W 150.706726074 -181.259353638 242.498275757
W 3.142547131 -77.330726624 167.361434937
W 1550.321655273 2202.025878906 -514.731872559
W 167.531936646 64.327827454 64.865371704
W 227.153488159 -12.636160851 30.761949539
W 143.235977173 88.334938049 203.560928345
W 135.104888916 -152.473846436 272.856933594
W 197.106765747 38.621700287 268.743103027
W 84.097595215 -106.760734558 32.325302124
W 261.587158203 46.733222961 124.086029053
W 202.735458374 -188.409698486 132.091018677
W 185.485671997 72.977233887 231.302886963
W 52.801795959 -116.803665161 60.838706970
W 104.058456421 -26.268650055 298.541412354
W 176.610076904 27.532653809 32.233963013
W 38.193275452 -29.369113922 61.623828888
W 163.299072266 85.268257141 98.894790649
W 166.655075073 -1.834617496 15.837915421
W -9560.737304688 8758.581054688 2019.295043945
W 71.114471436 12.279740334 265.392883301
W 48.759239197 -59.430854797 46.569713593
W 8957.933593750 4048.137451172 -81.217498779
W 105.557914734 -150.208755493 77.851646423
W 299.283660889 -24.717586517 189.520004272
