533

W 44.283390045 -93.389411926 257.069549561
W 236.688003540 -0.402266324 69.107421875
W 74.278465271 -30.361606598 43.767906189
W 116.291343689 79.064956665 158.741577148
W 14.577758789 -100.361801147 127.710456848
W 4.540795803 -63.811359406 148.056854248
W 91.254508972 17.031791687 136.218887329
W 93.751396179 -55.045967102 48.189506531
W 208.293975830 -3171.177734375 -30231.742187500
W 7.159873962 -33.622489929 169.067169189
W 224.949707031 -132.826202393 262.772796631
W 89.962677002 -75.300773621 82.305747986
W 90.884429932 65.164802551 200.683807373
W 36.439174652 -112.004653931 89.603118896
W 260.055328369 -98.363937378 247.389709473
W 2481.614746094 -570.030883789 5500.240722656
W 129.638107300 -38.554725647 23.765748978
W 177.401702881 63.329700470 98.607131958
W 231.836349487 -14.023056984 157.577194214
W 88.187538147 -147.331222534 261.444305420
W 145.112350464 -197.975662231 124.191162109
W 8.561487198 -34.966953278 144.493362427
W 156.607589722 -34.526390076 23.528779984
W 4574.036621094 3487.725341797 -39.887264252
W 100.804931641 -158.127059937 69.094154358
W 95.098693848 70.508483887 142.891159058
W 72.447120667 -126.714813232 61.057476044
W 9.557446480 -81.401351929 130.909332275
W 24.460468292 4.650736809 188.705718994
W 174.969726562 -92.128799438 279.524230957
W 162.296463013 -192.592361450 219.290008545
W 10.183024406 -59.325778961 123.804382324
W 10.440253258 -91.105247498 190.515487671
W 86.990806580 53.543148041 102.349533081
W 26.988483429 5.074628353 124.450149536
W 248.818222046 -0.719875634 248.234008789
W 134.206817627 -128.413970947 39.712223053
W 238.996887207 -170.436004639 149.915420532
W 12.686179161 -39.762519836 207.752502441
W 281.230468750 -58.782295227 134.193786621
W 45.119682312 -30.987184525 259.223144531
W 222.252014160 -61.291599274 287.808227539
W 206.632064819 -141.744827271 268.061523438
W 114.711853027 44.028610229 71.652366638
W -1756.997680664 606.592590332 176.241729736
W 101.672500610 -121.834861755 285.852539062
W -28606.892578125 37794.230468750 24020.910156250
W 167.557083130 -197.592391968 128.372177124
W 207.167907715 -169.350341797 92.251121521
W 206.514343262 -26.956836700 160.212554932
W 262.327239990 -145.856094360 168.480438232
W 273.014282227 -89.431076050 229.740936279
W 243.610305786 -28.741563797 268.434387207
W 218.724426270 13.491785049 64.318992615
W 135.669281006 -200.648834229 140.581924438
W 164.405532837 78.237869263 131.771270752
W 203.952102661 -166.352203369 243.721069336
W 245.912460327 44.894680023 153.707321167
W 254.977584839 15.051480293 105.876350403
W -39374.632812500 9709.222656250 -30361.210937500
W 225.791397095 -80.936531067 284.240051270
W 148.794967651 -62.907180786 21.057998657
W 223.847610474 -10.378592491 54.510982513
W 188.673797607 50.960292816 84.377304077
W 256.629791260 33.870079041 168.067459106
W 84.039062500 21.349908829 262.761627197
W 134.604476929 -202.828613281 157.928726196
W 52.909896851 43.861862183 186.915588379
W 47.002452850 35.694847107 134.283248901
W 15.602884293 -5.739783287 164.153961182
W 17.783967972 -73.490234375 223.575027466
W 50.813457489 -17.357147217 203.205352783
W 58.781970978 27.242750168 233.475967407
W 246.516998291 -158.493026733 128.639068604
W 236.723220825 40.642040253 112.732879639
W 268.463958740 -23.133417130 233.312515259
W 83.880561829 -106.811439514 283.846069336
W 117.438270569 3.563193798 39.651016235
W 80.864280701 -145.907516479 69.212188721
W 166.136337280 -139.853744507 284.935699463
W 2549.394042969 -7826.076660156 14707.254882812
W 93.794532776 -122.955261230 47.422103882
W 215.527099609 23.768997192 257.363769531
W 56.707775116 -158.722900391 111.541809082
W 174.980545044 -20.552566528 300.001495361
W 273.238525391 -13.937632561 111.339393616
W 28.498052597 -71.997657776 241.381530762
W 142.090881348 41.948608398 64.076194763
W 107.489280701 -102.452232361 32.783763885
W 181.656311035 2.879872799 40.530723572
W 221.271713257 30.076257706 80.914634705
W 201.120147705 72.372337341 162.146804810
W 23646.279296875 -8061.062988281 -25688.099609375
W 26.553249359 -37.368309021 92.391700745
W 218.131271362 46.941963196 227.274093628
W 15.245240211 -29.024784088 122.307968140
W -11752.703125000 -48165.031250000 6155.683105469
W 213.278900146 -29.342105865 288.536590576
W 99.713714600 -5.699433327 40.881874084
W 14.167309761 -19.447511673 196.224716187
W 260.374420166 -51.774349213 76.125205994
W 262.532318115 -72.782081604 245.170089722
W -1909.057861328 4339.796875000 4432.459960938
W 231.337875366 13.594222069 255.294616699
W 56.399253845 -39.801254272 272.866821289
W 201.440185547 -145.217178345 76.797050476
W 74.347785950 16.471185684 69.335769653
W 160.586349487 52.552440643 250.322204590
W 257.830657959 -70.109642029 258.750701904
W 163.706420898 29.122491837 275.869567871
W 275.516113281 -2.489423752 195.304107666
W 69.120986938 47.762077332 214.612625122
W 270.188812256 -114.762245178 216.470138550
W 115.509803772 44.143043518 255.882476807
W 156.448974609 81.139335632 185.606033325
W 42.816883087 -70.495979309 260.333618164
W 167.744003296 -95.616851807 304.501159668
W -906.316650391 -49438.609375000 -12071.053710938
W 202.797439575 47.743770599 239.098022461
W 125.262237549 -22.765684128 278.462371826
W 207.538818359 -121.725677490 280.963531494
W 150.998992920 -86.145446777 23.163101196
W 127.381416321 19.727914810 253.105911255
W 252.423294067 -77.632659912 67.715194702
W -33874.453125000 -26183.283203125 -30315.457031250
W 22.632095337 -117.741378784 123.445114136
W 70.300781250 54.704204559 193.929351807
W 78.468200684 -6.287388325 51.403354645
W 291.761260986 -64.787193298 152.488403320
W 276.033966064 -124.708503723 167.130126953
W 89.342803955 -77.419174194 33.589221954
W 161.203201294 -126.680107117 36.972370148
W 55.025512695 -163.714736938 199.759872437
W 103.354309082 -173.861694336 239.158401489
W 53.848892212 -74.801483154 271.074035645
W -691.642578125 -4571.128417969 1553.376708984
W 167.626159668 -0.406570315 293.703491211
W 181.083663940 72.773307800 123.503364563
W 1382.119506836 -1195.926635742 -140.448684692
W 112.759544373 -194.535827637 128.977569580
W 189.529861450 -172.847030640 243.842590332
W 233.632324219 31.945589066 95.516967773
W 113.240760803 -76.022933960 303.658966064
W 132.745101929 72.854393005 109.534240723
W 279.071075439 -114.209403992 146.512649536
W 18053.238281250 -6143.449707031 -26242.873046875
W 115.551651001 -23.591384888 29.544416428
W 134.793395996 -40.665676117 172.982696533
W -3472.119628906 -998.573242188 1009.964965820
W 149.772842407 -158.528457642 269.673492432
W -336.499755859 -413.256683350 76.567108154
W 252.632171631 -99.462890625 74.741348267
W 104.281295776 -185.709167480 218.966400146
W 245.258224487 37.495101929 182.230102539
W 204.678802490 -152.479888916 67.790756226
W 262.677459717 -138.141571045 200.459350586
W 41.208419800 -110.864784241 245.162841797
W 163.762329102 -63.154685974 309.726501465
W 49.415100098 9.497885704 87.561477661
W 279.488098145 -45.085491180 109.350280762
W 260.390075684 -11.513951302 235.090759277
W 246.673919678 -113.062568665 236.129211426
W 138.150665283 -200.499786377 193.750152588
W 118.320861816 -169.718872070 75.532653809
W 216.255432129 -175.765930176 214.574386597
W 252.368118286 35.162269592 192.448333740
W 258.407897949 -148.233215332 186.294540405
W 265.347473145 21.335584641 146.804992676
W 242.706344604 -166.193740845 178.570388794
W 63.742404938 54.762962341 157.333862305
W 182.068222046 -193.223709106 206.848403931
W 87.822631836 49.644100189 231.494491577
W 287.392913818 -27.379903793 175.127075195
W 136.053955078 -138.721466064 284.312255859
W 66.342765808 -177.850265503 176.509384155
W 51.135852814 -11.927927971 257.755493164
W 53.412734985 -133.981307983 86.165634155
W 94.094284058 -89.418197632 294.352355957
W 199.105789185 67.313232422 124.568588257
W 193.086563110 -196.223648071 168.671218872
W 109.757049561 -100.978401184 295.934906006
W 278.639190674 -42.034355164 220.984100342
W 16.342256546 -118.363113403 155.758468628
W 87.671241760 13.714155197 57.521381378
W 178.130310059 -187.660537720 106.462364197
W 185.859146118 -122.438987732 40.263332367
W 2709.135742188 6350.269531250 8669.700195312
W 135.945846558 -202.732772827 176.894729614
W 247.117050171 13.809225082 233.328247070
W 24.931329727 12.766536713 165.073883057
W 178.771301270 -75.312133789 25.251594543
W 275.549438477 -118.465309143 190.058853149
W 57.333152771 34.704879761 217.195053101
W 956.960693359 -1737.955688477 -329.882171631
W -18137.537109375 23087.677734375 18846.916015625
W 275.655853271 -0.709897757 135.167953491
W 94.822837830 -16.787141800 290.874206543
W 138.403778076 45.335521698 260.949890137
W 253.980758667 -155.210601807 152.490875244
W 279.743530273 -95.946128845 208.705062866
W 44.585353851 -6.765812874 80.464859009
W 144.867309570 -38.975242615 307.519226074
W 124.216407776 15.086820602 284.875274658
W 208.145187378 56.986499786 108.151596069
W 189.632644653 -5.138656616 290.570220947
W 224.982772827 -181.171829224 159.171508789
W 192.850143433 69.812431335 202.060913086
W 201.448120117 9.101201057 51.394435883
W 112.309265137 -59.151775360 303.652526855
W 267.430328369 15.357978821 188.708328247
W 121.755332947 -122.353958130 292.033111572
W 101.744201660 -161.120590210 255.281890869
W 246.972000122 -57.713485718 269.752960205
W 38.792011261 -1842.222656250 -643.516845703
W 263.715270996 -25.220109940 86.774421692
W 43.133182526 -157.548736572 179.926391602
W 133.173370361 -94.988754272 25.618141174
W 246.647506714 -41.927783966 263.009552002
W 123.986923218 -54.621498108 23.448076248
W 139.246459961 -108.128440857 300.036621094
W 81.248947144 -65.469512939 290.805297852
W 41.045303345 -115.860061646 170.217910767
W 176.357803345 -94.368843079 27.404897690
W 123.120635986 -182.796218872 235.904083252
W 231.448486328 -134.422973633 73.452667236
W 89.026451111 -183.683807373 206.825363159
W 96.973892212 67.953628540 177.647552490
W 146.615005493 -90.445518494 305.970062256
W 162.087615967 68.898338318 165.204833984
W -4218.298339844 23579.347656250 -55987.843750000
W 269.541168213 -48.395641327 240.838409424
W 201.387237549 -20.474723816 37.487995148
W 197.197631836 -29.767932892 296.183807373
W 164.688247681 -34.403888702 305.546173096
W 165.597915649 -200.942245483 163.524795532
W 139.601379395 -196.712509155 209.200622559
W 17.743545532 -75.089370728 105.298767090
W 70.711509705 -23.897056580 279.220855713
W 34.500053406 -6.662774086 98.705200195
W 106.459938049 57.020938873 92.650611877
W 254.501266479 -141.306488037 215.923156738
W 50.103649139 30.004791260 112.356765747
W 41.212997437 -148.298370361 202.959655762
W 68.839988708 -49.610973358 282.892700195
W 24.944698334 -13.595932961 221.242416382
W 63.958789825 -101.401298523 273.252288818
W 271.413208008 -32.620834351 99.383605957
W 175.069137573 42.361480713 68.168441772
W 132.053161621 -154.131774902 57.026050568
W 25.414239883 -15.825766563 104.453285217
W 33681.156250000 15525.537109375 4037.249511719
W 672.861572266 -1822.781738281 -1412.628906250
W 21.740768433 -41.700538635 229.679260254
W 142.269973755 82.569686890 168.045318604
W 183.393234253 -185.061889648 226.634399414
W 85.916130066 37.445262909 79.850166321
W 262.937927246 -108.984313965 93.746650696
W 190.090164185 -101.826293945 297.580902100
W 38.426303864 -85.358139038 74.882408142
W 65.273910522 48.094001770 121.369316101
W 111.785545349 -187.361587524 107.037078857
W 172.300659180 -172.322067261 251.279098511
W 268.979370117 -65.020690918 87.113250732
W 38.981224060 -148.137191772 129.613037109
W 285.623748779 -76.082283020 125.236854553
W 54.953430176 -102.330368042 63.348503113
W 102.330123901 6.326240540 283.748992920
W 276.932189941 2.923643827 156.520095825
W 93.443046570 -172.461135864 91.896858215
W 54.702167511 -46.574863434 54.562778473
W 143.206619263 -119.286018372 31.175880432
W 92.355804443 -190.921768188 145.295471191
W 90.736213684 -182.437301636 115.235816956
W 62.956760406 24.195434570 86.013092041
W 279.466674805 -3.020570278 171.969696045
W -2073.562988281 -10521.663085938 5509.020019531
W 82.388351440 -3.388756752 278.298919678
W 43.574298859 -130.613082886 232.236099243
W 219.760452271 37.851272583 135.696334839
W 288.487609863 -39.532932281 140.447875977
W 1208.062011719 4828.654785156 3312.297119141
W 146.539001465 -151.655166626 205.320205688
W 24.644388199 -111.339080811 215.844741821
W 202.289627075 31.334777832 68.996177673
W 212.760131836 -111.748222351 45.936988831
W 28.915111542 8.915568352 205.434173584
W 128.144531250 -33.244640350 304.645294189
W 218.607162476 -6.594482899 277.021301270
W 189.789657593 -34.317390442 30.748201370
W 279.495208740 -71.454124451 175.038192749
W 68.540687561 -178.890487671 147.542846680
W 73.966438293 61.010540009 171.633178711
W 48.710754395 -142.110260010 97.280326843
W 139.822158813 -17.461610794 28.237337112
W 180.685379028 -61.844757080 216.555709839
W 53.199359894 -168.348052979 160.317031860
W 185.270492554 -153.343582153 268.314666748
W 121.392173767 -164.643783569 259.547332764
W 208.001022339 -55.808483124 33.334411621
W 151.057464600 18.529745102 45.538452148
W 15.137025833 -88.965522766 208.926467896
W 38.580345154 28.083324432 188.668655396
W 19.116407394 -76.824768066 149.114288330
W 229.457107544 -85.433242798 48.282039642
W 27.765371323 -72.703079224 88.692085266
W 4.734472275 -52.875961304 167.168975830
W -16869.003906250 -24764.251953125 19131.734375000
W 175.882659912 -128.217391968 282.456115723
W 236.512115479 -166.196014404 201.350769043
W 142.790328979 63.240455627 90.943290710
W -1032.283935547 -2905.887939453 -1925.270507812
W 216.500473022 -154.198806763 247.713348389
W 57.952617645 -29.838073730 59.556987762
W 37.148826599 -134.458084106 217.026290894
W 285.371582031 -94.273788452 189.314453125
W 7.443143845 -59.052059174 191.155609131
W 285.323760986 -66.794105530 205.932998657
W 170.626525879 -142.673233032 48.892578125
W 63.423149109 -89.592720032 51.476696014
W 227.926803589 -36.155960083 281.367553711
W 286.252685547 -90.361816406 140.487335205
W 108.955619812 -197.463256836 176.616317749
W 188.585571289 -126.724243164 288.030029297
W 157.587860107 -185.284927368 96.126892090
W 267.322357178 -79.928558350 88.200035095
W 110.248252869 -197.860687256 155.511505127
W 74.811569214 58.810192108 133.947219849
W 263.811187744 11.814180374 120.413986206
W 139.409103394 66.836540222 228.589645386
W 213.212081909 -177.276504517 112.687713623
W 150.979400635 -122.953384399 294.791503906
W 264.980926514 7.174881935 213.939147949
W 158.963607788 -166.661804199 261.212097168
W 72.971305847 -162.784912109 95.105827332
W 207.596786499 -190.180068970 149.073165894
W 163.436889648 -57.529621124 22.063350677
W 94.018051147 -28.633737564 34.123992920
W 16.252511978 -46.201694489 110.288345337
W 12.133095741 -23.642019272 179.801101685
W 192.133651733 42.767608643 253.307922363
W 230.826400757 -160.973129272 102.320556641
W 69.005271912 -170.602157593 211.931152344
W 32.078182220 -59.168766022 79.570724487
W 141.682907104 -192.562667847 110.194931030
W -550.919006348 935.712158203 1976.053710938
W 129.995056152 30.376436234 274.924652100
W -11479.679687500 32202.207031250 -2796.723632812
W 194.746231079 -102.025665283 34.579639435
W 15.950878143 -13.940089226 137.506698608
W 48.110393524 41.042259216 154.334197998
W 267.319030762 -136.670043945 145.548767090
W 155.587112427 -63.522857666 303.514739990
W 183.013259888 27.260957718 57.061283112
W 31.226398468 -28.365039825 240.603988647
W 6152.492187500 2199.779785156 -3648.050781250
W 162.449356079 -203.395523071 177.043869019
W 68.788665771 -71.697914124 43.795627594
W 211.357437134 -94.293647766 289.826263428
W 283.050079346 -20.654243469 134.941436768
W 229.360107422 34.279346466 234.250427246
W 113.959297180 72.915763855 200.456130981
W 113.153244019 -124.616966248 40.727066040
W 110.161140442 55.996257782 230.773544312
W 129.237442017 -181.760559082 92.037391663
W 146.193634033 -176.308258057 80.821418762
W 148.303146362 -161.946701050 63.842750549
W 26.753690720 -134.649414062 142.217681885
W 162.907302856 75.605354309 203.954956055
W 227.993560791 57.466712952 182.247879028
W 198.171371460 -139.704650879 54.941455841
W 71.479537964 41.740535736 98.757942200
W 203.562606812 69.597923279 141.979965210
W 209.868545532 -188.478530884 180.655761719
W 63.489135742 -144.933013916 243.033004761
W 106.382400513 64.517265320 221.585815430
W 1915.526611328 -2210.631835938 -110.539329529
W 224.980331421 -178.127548218 186.855651855
W 55.244163513 11.316658020 246.480163574
W 185.210586548 -54.553665161 303.655029297
W 160.442230225 67.756423950 225.171554565
W 276.098266602 -112.173965454 126.531066895
W 191.009048462 63.816490173 219.579376221
W 178.184158325 -168.432235718 74.565582275
W -9633.125976562 7510.131347656 -10478.948242188
W 69.387641907 -77.994377136 282.890228271
W 192.150466919 9.901111603 281.423919678
W 28.525623322 -97.169990540 233.782821655
W 151.720169067 81.450523376 145.265075684
W 97.134490967 67.133605957 123.623283386
W 178.323791504 -19.303232193 30.330171585
W -7338.235351562 3443.894042969 -6296.154296875
W 93.197990417 72.637184143 166.496246338
W 55.491920471 -165.328048706 131.614593506
W 93.819259644 -52.147701263 297.224121094
W 227.719802856 -108.591552734 274.705657959
W 15.075996399 -111.726394653 185.243453979
W 176.135040283 80.586448669 162.091598511
W 265.896728516 -125.694763184 116.165855408
W 165.040908813 -157.857116699 60.224769592
W 256.397430420 -127.570411682 233.257217407
W 236.161270142 44.537078857 206.193267822
W 35.933647156 -52.620922089 253.149810791
W 207.516998291 -79.298294067 34.417102814
W 254.435363770 -143.422164917 113.926940918
W 23504.005859375 -28558.175781250 36273.835937500
W 38.496177673 16.901058197 115.126678467
W -5338.712890625 619.035705566 3326.328613281
W 1374.929687500 -3273.713867188 -603.656005859
W 207.584747314 47.003028870 90.434425354
W 202.364318848 -186.148880005 207.554016113
W 25.989904404 -128.898574829 196.861648560
W 98.621475220 33.678726196 261.464385986
W 278.082763672 -20.162303925 209.662628174
W 65.213264465 -133.675582886 255.513732910
W 113.001022339 -194.861709595 202.374725342
W 58.214115143 -10.035037041 64.028396606
W 246.373840332 -15.293439865 259.193054199
W 210.951736450 10.432495117 271.734680176
W -3084.989257812 1962.020385742 9.672745705
W 101.599838257 32.497406006 65.632720947
W 187.525177002 -53.508964539 25.756849289
W 41.254798889 -1.846353054 239.736907959
W 198.356536865 -187.758956909 121.525939941
W 149.655014038 -113.577743530 42.157516479
W 210.028808594 67.437011719 181.563034058
W 227.845687866 -62.962108612 43.930175781
W 126.680404663 79.435226440 183.952865601
W 133.248184204 60.673519135 116.260871887
W 93.588180542 -127.818145752 163.499481201
W 203.736389160 -56.014175415 297.482116699
W 58.674381256 -118.342987061 258.446258545
W 114.052513123 19.096115112 50.461566925
W 18025.425781250 35022.328125000 16709.611328125
W 248.590057373 -26.439386368 68.354583740
W 108.180366516 -143.607040405 54.175590515
W 129.297851562 79.814140320 141.193649292
W 15.170203209 -61.076221466 214.325149536
W 245.121459961 -108.916603088 259.585205078
W 236.125000000 -158.812728882 219.843185425
W 134.963607788 51.974376678 77.901718140
W 78.774536133 -182.386322021 189.111373901
W 278.509185791 -67.147438049 224.620407104
W 274.198059082 -96.739349365 107.872505188
W 138.138824463 -0.483381867 294.883697510
W 197.638946533 -111.978820801 60.097530365
W 231.406188965 -103.795471191 55.377185822
W 138.816909790 3.259176731 36.428256989
W 25.932781219 -97.503799438 97.963249207
W 36.006977081 -150.200042725 156.712463379
W 185.277587891 75.932441711 184.188873291
W 107.586959839 -85.859954834 28.338041306
W 214.576553345 57.834407806 208.419509888
W 185.526412964 -176.994445801 89.454162598
W 250.242279053 -5.843989372 81.595436096
W 289.783721924 -36.719997406 161.214050293
W 171.432968140 40.620178223 261.994171143
W 144.731597900 -189.318267822 228.386337280
W 176.555999756 -101.926872253 143.773117065
W -2977.018798828 27369.230468750 -34974.406250000
W 64.682380676 -156.164291382 230.774414062
W -882.698547363 -1796.738891602 45.924076080
W 248.176391602 10.797162056 90.013175964
W 39.469821930 15.711589813 216.974456787
W 241.876266479 -86.144180298 270.743041992
W 103.935081482 -140.567764282 275.346008301
W 6145.451171875 -388.890594482 -1411.692382812
W 32.656475067 -125.739295959 109.564704895
W 132.524429321 -74.290153503 307.150360107
W 230.898666382 -148.821228027 87.386459351
W 223.223709106 61.668888092 153.399765015
W 6171.503417969 7050.816406250 13481.941406250
W 81.913436890 -167.616989136 233.101348877
W 290.142333984 -56.345249176 188.967773438
W 238.056030273 -117.479507446 68.181045532
W 291.475830078 -76.806427002 172.120971680
W 76.079223633 32.564292908 245.034545898
W 38.023742676 30.332126617 164.433532715
W 230.049179077 -134.923614502 121.975173950
W 243.494918823 -55.807460785 56.762302399
W 285.007446289 -102.717948914 165.247421265
W -3138.156738281 -1232.442016602 2989.310791016
W 181.948394775 -197.609405518 189.431259155
W 152.471557617 11.352409363 288.836669922
W 216.582565308 -60.228744507 64.537345886
W 252.381530762 -128.025604248 93.032058716
W 228.010375977 -157.180068970 234.639923096
W -14760.126953125 4671.010253906 3018.561035156
W 248.855529785 24.706882477 220.889694214
W 114.433197021 -66.179061890 24.140897751
W 229.575424194 54.051372528 131.174407959
W 279.134002686 -66.461288452 107.358489990
W 75.478431702 -141.431304932 108.954666138
W 78.152648926 -180.947174072 130.077987671
W 175.137222290 -199.623336792 143.981262207
W 25.214580536 -135.060531616 173.918991089
W 8.361351967 -96.497039795 156.508041382
W 128.296356201 57.456031799 243.264129639
W -2680.561523438 2468.439697266 -602.034362793
W 234.769729614 -35.409549713 51.893127441
W 124.613685608 -13.731378555 299.786834717
W 88.524955750 -190.696670532 170.515502930
W 136.956100464 29.780916214 53.608215332
W 240.378204346 -134.273757935 247.001205444
W 25.634950638 10.104031563 142.798599243
W 80.098754883 -125.730155945 271.768310547
W 114.581275940 71.287582397 117.287254333
W 84.535202026 -52.345146179 34.139003754
W 192.524948120 -78.080665588 301.326049805
W 229.467453003 -170.793533325 125.877929688
W 144.831848145 -179.457748413 245.922271729
W 5.613949776 -80.554954529 174.280319214
W 756.849487305 921.282775879 -124.698043823
W 161.519104004 52.039501190 76.869201660
W 216.668777466 -21.603860855 44.118259430
W 138.088088989 74.802772522 207.628189087
W 128.930389404 -151.649429321 273.510559082
W 189.688476562 27.268760681 269.723754883
W 81.418251038 -107.924301147 46.044761658
W 250.819610596 34.872776031 132.072677612
W 195.049346924 -189.339660645 139.517318726
W 177.964141846 60.274421692 234.255096436
W 52.827529907 -118.105972290 72.475692749
W 100.468887329 -33.730396271 297.831268311
W 169.402542114 17.613452911 46.020858765
W 38.586681366 -36.564224243 74.342605591
W 158.197647095 71.374618530 108.674171448
W 160.057174683 -9.753357887 30.898487091
W -8714.895507812 7990.300781250 1863.017333984
W 69.359031677 2.943993092 265.610534668
W 48.533058167 -65.441543579 60.460449219
W 7771.014160156 3496.990234375 -44.616138458
W 100.796714783 -155.773803711 84.630348206
W 285.695617676 -32.208217621 195.226943970
