533

I 4043.500244141 897.941406250 -3557.284667969
Z -1501.776733398 -870.475036621 1029.679321289
Z -456.726562500 -23.704584122 -980.115661621
Z -432.572204590 1741.336303711 -370.046142578
Z -66.458091736 129.753524780 98.175094604
W -523.486145020 -260.291412354 359.297027588
I -3440.682373047 2723.263427734 199.936248779
I -3544.123779297 -2.827521563 -7515.624511719
Z 112.940193176 -2127.940429688 -19920.039062500
Y -800.515991211 93.304138184 252.817184448
I 3.001519203 347.571777344 -646.523071289
Z 3620.014160156 -2786.201660156 -1368.160400391
W 350.779113770 -363.832916260 -1.561130166
I 2996.459472656 1410.473266602 2251.565673828
Z 129.948120117 91.181930542 61.791252136
I 5008.676269531 -1231.198486328 11374.059570312
V 320.776977539 -161.712738037 -605.539855957
V -288.709106445 -286.203399658 512.101440430
I 299.880371094 -1187.070800781 -3491.402343750
I 324.413818359 -469.242156982 385.331359863
I 224.158004761 3354.614257812 1282.330200195
Z -724.922485352 296.714935303 86.505310059
I -75.286544800 -472.715850830 164.017883301
Y 9657.912109375 7634.366699219 -310.616119385
I -493.949615479 -1744.522460938 -1783.743286133
I 796.350036621 382.987274170 408.795745850
I 589.774658203 62.958530426 1082.665039062
I 5462.379394531 570.203857422 1497.616333008
I -4744.546386719 2521.403320312 1419.209350586
I -1496.933227539 1692.154296875 -6454.654785156
Z 444.731842041 528.536437988 410.824432373
Z -755.780029297 286.369842529 110.976081848
I -3413.322265625 -901.005249023 794.322998047
Z 819.987060547 -970.548278809 731.247009277
I -289.491180420 111.747779846 -833.405822754
I -1878.622680664 -1311.697387695 -1423.232910156
I 742.952575684 1636.655639648 3585.724365234
Z 1821.596679688 -1619.671630859 -328.783599854
V -622.007324219 -28.379842758 -167.715713501
I 4333.830566406 -409.730957031 -505.797180176
Z -804.410034180 -522.630310059 740.961914062
I -91.067115784 143.417922974 -555.708679199
Z -883.447631836 566.455932617 -348.467864990
I -886.938659668 149.977600098 -115.857307434
I -10520.223632812 3468.913574219 154.057800293
I 529.611816406 94.322883606 55.318778992
I -14518.183593750 19122.869140625 12207.438476562
Z -377.022064209 1139.586059570 22.902450562
I -1037.529052734 2427.379638672 1851.689331055
I 8263.510742188 4301.340332031 -383.554626465
I -3794.259033203 2926.072021484 101.750068665
Z -1448.629150391 388.393402100 -803.946960449
I -237.273086548 217.779510498 -720.567993164
W 362.523651123 -95.419418335 -184.035171509
I -787.029235840 -287.105224609 301.988525391
Z 158.986267090 1268.252441406 -163.759307861
I 257.929901123 943.875610352 -427.194763184
Z -630.454528809 -901.170898438 52.744514465
Z 3642.538085938 2692.495361328 -2476.822753906
Z -20352.759765625 4974.946777344 -15645.613281250
I 73.113380432 313.153533936 -951.644409180
I 148.997177124 -378.823852539 -2835.708496094
I 1720.249511719 589.069030762 -2407.729003906
I -55.642601013 -434.671173096 409.536499023
Y 127.395278931 46.225410461 357.436279297
I -0.142730683 -104.797363281 111.620529175
W 130.502670288 263.013427734 91.637451172
Z -740.893981934 584.806884766 653.510559082
I 343.993103027 803.905273438 793.229370117
Z -28.869852066 55.340671539 343.691711426
Z 1102.316284180 -24.316982269 -381.690002441
I -4290.259277344 2884.662597656 1275.783691406
W 536.796264648 -456.629974365 607.713989258
Y -177.461853027 -401.112640381 -300.052856445
I -652.735839844 -719.365112305 499.843688965
I -490.927124023 -382.431182861 -465.777496338
Z -496.045654297 -554.825927734 1215.870727539
Z -253.388580322 691.791748047 -1245.819335938
W 505.761169434 -538.963745117 -257.003448486
I 434.391418457 1037.251586914 -287.223327637
Z 2295.018066406 -7213.231445312 13485.536132812
I -3009.206787109 -3780.231689453 -6806.347167969
I -1574.993041992 -1890.113647461 -1951.533935547
I 1113.986938477 -594.192687988 622.049560547
Z 142.503112793 -40.153964996 227.967056274
Z 1266.309326172 -178.021652222 470.819641113
I 114.032012939 85.726470947 730.722595215
I -18.054355621 839.177551270 -272.134490967
I -1301.211791992 -1759.396484375 -5058.236328125
W 252.449081421 -36.075832367 2.843319416
Z 568.296081543 1071.696533203 -212.816131592
I 251.685180664 37.607955933 365.880767822
I 14354.870117188 -4925.774902344 -15548.797851562
Z -563.327453613 397.341522217 -106.382141113
V -285.929443359 -613.713073730 -728.569274902
I -418.008239746 472.846832275 128.397277832
I -6121.315917969 -25037.748046875 3231.433593750
W 30.916318893 -877.802001953 -1621.372680664
W 293.585723877 -80.984832764 354.188201904
I -5244.508789062 1483.691894531 1267.839843750
V -38.010833740 -227.793060303 603.453369141
I 6637.641113281 -984.687500000 5043.912597656
Z -3380.072998047 7314.666015625 7418.484375000
I 174.820236206 -1054.704223633 -851.999755859
C 207.165405273 -144.477111816 534.867736816
I 3498.751220703 -5001.786132812 -5350.921386719
I -1277.764892578 976.342773438 -1586.612548828
V -57.422069550 -140.813903809 -876.464782715
Z -6.714994431 4.080471039 -31.272832870
I -315.667938232 -790.666198730 -643.514099121
I -1716.755615234 -1394.532104492 -690.367675781
Y 185.793167114 -1043.962402344 -484.745117188
Z 1241.107299805 -351.437530518 548.442260742
I -375.862213135 1911.405883789 2267.465087891
W 141.942184448 217.146911621 -125.578041077
W -2483.489013672 -706.414489746 2611.286865234
I 104.994873047 296.224304199 -1097.890136719
I -465.634307861 -25496.083984375 -6202.607421875
Z 1034.657104492 1331.278076172 807.722656250
I 85.859802246 1315.937500000 2756.209716797
I -1.709458470 670.161071777 -780.941101074
I 399.047119141 331.925994873 1083.300048828
I -959.105651855 4832.368164062 6034.557617188
I 1128.612792969 152.487197876 613.413696289
I -17255.126953125 -13355.493164062 -15393.495117188
W 681.466369629 188.975280762 436.405059814
I 884.362304688 -274.115661621 -221.840698242
Z 421.133514404 187.455245972 -121.382804871
V 393.194213867 295.267913818 -315.690246582
Z 2513.849121094 -1178.797607422 14.309000969
W 723.872131348 -866.673889160 -54.790248871
I 1027.120239258 -608.227355957 -233.139587402
I -81.556213379 -872.910705566 123.401550293
V -168.885665894 859.016967773 550.304626465
I 728.551879883 75.642913818 -598.869262695
I -1996.023559570 -11330.954101562 3643.388916016
Z 238.578475952 -177.600677490 348.658966064
W 18.494976044 130.545715332 -211.912506104
I 8079.087890625 -7267.653808594 -1718.909301758
I 1079.617187500 -566.453369141 -250.910430908
I 116.919281006 465.857727051 -374.645721436
Z 318.591217041 546.023620605 398.628234863
Z 174.335708618 31.080474854 739.911132812
Z 166.347457886 -1224.526489258 618.060668945
Z 2528.921875000 -1213.557983398 -609.408325195
I 11489.148437500 -3942.133300781 -16722.691406250
I 239.043029785 2.252667665 -926.287048340
I 279.166473389 209.831558228 -6641.081542969
I -10971.253906250 -3079.268554688 2731.381103516
Z 331.155120850 -1116.330444336 1119.364501953
Z -4997.372070312 -3494.318847656 -967.562622070
W -269.194732666 66.824287415 74.799255371
Z 637.612670898 1089.879272461 -363.021667480
I 5098.814941406 4499.819824219 1145.462036133
Z -944.418334961 1732.843017578 1376.088012695
Z 190.245544434 -20.434360504 -118.354095459
C 61.396125793 -268.255523682 581.399658203
Y 281.320434570 59.725811005 692.364074707
I -553.147399902 -179.841140747 -694.200866699
I 1170.481445312 189.465133667 -624.051330566
Z -1536.923583984 455.180908203 963.286132812
Z -2765.576660156 2388.274902344 -3183.748779297
Z 212.516067505 1369.741821289 -387.528839111
W 465.294647217 -214.196655273 -59.248733521
Y 470.884124756 238.672698975 731.539611816
Z -3492.343261719 -3072.061767578 -550.156738281
I -55.294776917 -996.454528809 -411.672027588
V -349.706420898 723.612182617 -264.066436768
I -272.274688721 995.521545410 464.577239990
I 251.754318237 -394.849304199 713.963256836
Z 428.512023926 -1328.952392578 359.727569580
W 154.310989380 -95.235275269 461.663299561
Z -982.892883301 -318.086944580 -269.429260254
Z 166.892135620 -173.818481445 38.189319611
Z -453.768798828 -987.289306641 487.066925049
W 288.955810547 -296.482910156 477.582794189
I 2295.774658203 1718.278198242 2387.821533203
Z -879.982910156 -354.570159912 1680.431274414
W 250.709136963 -78.697860718 433.247985840
Z 572.243225098 274.948852539 -332.995330811
I 380.418945312 203.036071777 -1957.398559570
I -196.577987671 -465.487701416 -862.768127441
Z 383.961700439 -1031.852172852 218.574249268
V 373.325347900 364.816802979 -413.207824707
V -132.840896606 47.382717133 213.634948730
I 1100.289428711 176.372558594 -465.725280762
Z 2781.564697266 6578.436035156 8993.808593750
Z 225.469238281 1208.457641602 109.979011536
I -5396.718261719 -3977.882812500 -3326.227783203
Z 2023.179077148 -901.909057617 -56.969833374
Z 376.506561279 -180.176193237 -1512.586059570
Z 101.255210876 258.211883545 -202.618072510
I -3817.967529297 4436.793945312 2865.917968750
Z 4750.505859375 -9630.185546875 -2631.822021484
I -11184.920898438 14158.466796875 11637.477539062
W -254.006454468 -662.645446777 64.018234253
Z 386.124267578 -423.878540039 -992.789550781
I -535.628051758 4209.986816406 3996.721191406
Z 477.932464600 -303.684661865 -260.733764648
Z 244.894104004 -179.290328979 -153.733383179
Z -1462.179931641 948.666198730 -1339.655761719
I 45.383327484 -546.953613281 -2622.795898438
Z -74.607078552 622.622924805 1188.233764648
W -153.019653320 -109.900352478 -392.449798584
Z -7.522058487 215.699935913 673.006469727
Z -524.410583496 863.824523926 281.120941162
I -888.773986816 -2745.384033203 -710.236511230
I 171.040847778 109.293296814 -198.695510864
I 621.662048340 16.551290512 -2014.339477539
V -40.217685699 -337.210296631 -608.061950684
I -416.560150146 94.116500854 609.240539551
Z -397.017730713 -1201.137329102 959.596984863
I -260.494750977 129.619964600 -858.984680176
I -606.958496094 -10155.439453125 -4408.317382812
Z 927.487609863 231.705368042 -206.131195068
Z -956.510253906 -1165.053588867 164.837326050
I -232.902053833 -1344.937011719 -1872.369140625
I -2556.669189453 -905.442993164 -2641.781494141
I -409.476959229 -371.550170898 -3171.564697266
I 733.701049805 419.400146484 -801.229309082
Z -408.628112793 -169.128173828 1111.192260742
I 7560.899414062 3743.226562500 356.780273438
W 573.622375488 -443.708068848 123.734458923
Z 88.092796326 -180.441604614 -452.200408936
W 270.811492920 -138.894989014 418.837219238
C -198.593673706 -563.480468750 293.372375488
I 2187.573974609 -4131.265136719 23.263181686
I 94.189483643 -1077.498046875 3555.506591797
I -175.076904297 -4254.633300781 908.895690918
I -2012.051391602 11235.852539062 -26723.208984375
Z -432.858520508 774.904418945 -47.473842621
I 277.705322266 504.581848145 1092.325195312
Z -589.235839844 -214.071609497 -1612.021118164
Y 409.477081299 105.747825623 532.454345703
I -199.867462158 2891.520996094 246.008407593
I 526.039367676 209.167831421 2.131049633
Z 739.766479492 -128.555206299 715.524658203
W 44.070568085 -160.351242065 532.140747070
I -1772.509155273 364.964111328 -1441.389282227
I 856.596740723 764.742553711 290.089813232
Z 1121.571777344 -719.598449707 591.112365723
W -156.747955322 91.384284973 -34.546688080
I 604.355773926 -287.104370117 11.826986313
Z -1086.006713867 -405.642303467 1310.666625977
W 112.273567200 -173.657791138 -67.154006958
I 9.406032562 -575.434631348 561.451232910
I 5450.973144531 1103.968994141 -2696.663330078
W -245.168685913 261.384063721 466.761169434
I 554.151062012 2389.684570312 3072.637695312
Z -632.145263672 223.594070435 -547.125549316
Z 20042.652343750 9196.394531250 2415.764404297
I 2541.859375000 -8290.613281250 -7368.722656250
C 462.316070557 -222.678649902 455.158569336
I 1144.060302734 170.333816528 353.280700684
Z 294.459014893 -1184.565063477 556.656555176
Z 1182.826904297 -1159.790405273 1106.862670898
W 146.632049561 -112.424888611 -410.104187012
I 111.660392761 918.528869629 -918.194152832
Z 202.090179443 -430.133697510 -78.160949707
Z 999.832031250 -885.834533691 551.520080566
Z 400.793823242 992.423583984 665.015319824
I 501.504486084 893.655700684 140.595642090
I -7759.433593750 87.516242981 5370.553710938
V -869.659179688 -89.213409424 -360.344421387
I -961.571472168 -814.674133301 -115.210449219
Z -1736.989990234 -1987.077026367 -2630.576660156
W 389.067779541 24.510946274 327.893859863
I -631.214294434 -92.773841858 162.124404907
I 595.915710449 -554.673400879 977.008911133
I -196.575271606 -1026.395996094 198.755722046
W 458.887908936 1101.044799805 2866.480224609
Z 757.784179688 950.360534668 370.668548584
I -418.441741943 -450.216125488 -324.404663086
Z -453.434844971 898.628295898 -161.053466797
Z -822.317443848 -676.305175781 -28.235467911
Z -2133.320068359 -10616.089843750 5533.981445312
C 569.953674316 115.626106262 344.848327637
I 487.379119873 600.247131348 -248.952957153
I -1105.280639648 -2684.835449219 -1906.654296875
Z -961.662414551 377.174255371 95.088027954
Y 2337.639892578 10108.427734375 6640.062500000
I 541.517395020 1383.681518555 3519.458740234
I 565.183471680 -663.484008789 142.657058716
W 5.461155891 -88.777099609 -486.816284180
I -799.997924805 -89.609710693 17.779031754
W 739.843933105 66.237930298 -209.774108887
Z 112.288139343 -49.511280060 76.354415894
Z -1153.045532227 -825.599426270 -967.412414551
Z 584.840087891 -1026.537963867 -292.326721191
I 8258.684570312 -753.795715332 384.015899658
I -141.489913940 -806.672363281 -106.189758301
I 2483.809570312 -4295.731445312 -278.655242920
Z 27.947004318 -350.856933594 -85.519393921
I 14.351794243 -123.889579773 920.915039062
Z 4279.047851562 -681.496887207 3640.454345703
C -146.973022461 -210.870483398 689.745544434
I 205.997070312 745.529724121 -333.037261963
Y 52.262477875 -648.458251953 393.562286377
Z 658.524291992 33.717842102 -1519.645141602
I -307.342864990 -409.908416748 25.822793961
C -372.864440918 -146.021438599 133.985427856
Z -1208.758544922 -194.722076416 37.806564331
Z -4634.093750000 -341.033477783 -1526.432373047
Z 609.583435059 -321.158447266 -947.115112305
I 4558.450195312 506.896057129 3172.495849609
Z -902.338317871 -93.430206299 221.441360474
I -10300.438476562 -15088.058593750 11677.855468750
I 1028.474609375 -1439.505371094 3474.468261719
Z 34.241226196 932.601440430 301.799316406
Z 198.985534668 1115.661010742 -624.045227051
Z -3659.165039062 -9032.177734375 -6466.748046875
W -967.246459961 1527.496948242 -1242.085205078
I 3994.925048828 -1285.475097656 4509.420898438
Z -1196.671508789 -865.025207520 467.139770508
Z 62.704597473 -99.340988159 73.020523071
I -711.478332520 181.981262207 -537.400329590
Y 106.392906189 -345.184478760 -567.594360352
Z -826.632751465 660.707580566 31.587230682
Z 308.648956299 -139.488754272 65.595176697
I -305.756011963 -333.173309326 -788.403747559
W -605.108642578 -887.034057617 -947.872680664
W 152.206481934 112.971076965 241.888580322
I -760.789184570 -449.207275391 61.799091339
V 22.060327530 -1792.687744141 -849.638000488
Y 108.410667419 84.279602051 655.453063965
I -534.364868164 -2377.243408203 -381.159912109
I -32.390403748 679.998535156 860.762695312
Z 189.170257568 41.502288818 -43.128097534
Z 205.308731079 -1002.775695801 -685.731750488
W 379.587310791 -21.255668640 345.899780273
I 133.964126587 1157.357177734 -2708.612304688
I -1672.955810547 -1258.564453125 -677.184448242
Z 300.163787842 483.269927979 -818.686218262
Z -1013.541320801 -1093.203735352 -793.179443359
V 128.104888916 268.414459229 19.749010086
I 559.629821777 408.844787598 236.607192993
I 1063.156738281 583.745178223 -312.166168213
Z 422.767517090 -1263.260375977 187.613113403
I -5470.830078125 1625.241088867 970.942382812
Y 109.265136719 -130.869705200 -340.611572266
I -1685.315551758 2046.810302734 1605.594116211
Z 859.777160645 192.217269897 908.994812012
V -309.985809326 -591.003845215 -746.782653809
V 400.257110596 -4.076573849 -84.908996582
I -3450.380859375 4875.379394531 9555.546875000
V -121.739456177 -526.461547852 -340.227508545
I -7121.486328125 19949.507812500 -1739.674560547
I 835.628417969 -1020.181457520 -57.733772278
I 38.377136230 556.423278809 134.123428345
Z 1643.056274414 -1254.102539062 99.147247314
Z 1055.549682617 -1031.093261719 -170.331497192
I 205.629882812 -519.319335938 3486.689697266
I 4.062457561 443.906433105 968.855590820
I -608.811950684 407.620758057 239.725372314
Z 10079.820312500 3677.745605469 -6205.670410156
W 324.612121582 286.311248779 134.145080566
I 166.108703613 -390.942993164 -1066.305664062
I 291.976318359 269.239593506 -950.768005371
W -493.260559082 -598.712219238 -92.363945007
C 208.304809570 27.001724243 472.381134033
V -1122.575073242 -628.492675781 905.267395020
I 38.685844421 -653.686462402 349.166259766
I 2294.233642578 -7116.880859375 -3639.265869141
I 522.224609375 2935.516113281 2315.227294922
V 679.376220703 596.524169922 -442.660003662
W -20.216493607 -204.913009644 534.044738770
V 1842.100097656 1010.533203125 681.611877441
I -822.517089844 298.908630371 455.320159912
Z 108.537094116 568.615844727 134.694366455
I -1180.290771484 -787.516723633 -156.254226685
I 125.012229919 662.945434570 593.799743652
I 1337.916137695 2088.232177734 -4.659911156
Y 460.212554932 126.806198120 -146.509902954
Z 1082.229248047 918.021301270 -880.700866699
W 402.423919678 115.323867798 513.905883789
I 7416.651367188 -8887.139648438 -836.867309570
I -1141.142700195 1737.816894531 -129.599670410
I 121.628372192 -87.782394409 317.741333008
I -1717.037353516 -189.864791870 -7713.151367188
Y 149.299392700 -227.443267822 524.446777344
I -195.322525024 -865.859008789 -525.081237793
C 683.613220215 -371.669494629 -118.170005798
I 563.863098145 -2557.769042969 -1926.838623047
I -9299.079101562 7220.332031250 -10153.496093750
I 336.162597656 -478.342590332 708.322143555
W -671.647644043 -183.875396729 274.559356689
V 302.115753174 62.233665466 906.051818848
W 235.145706177 -564.274230957 206.353302002
I -604.898620605 501.637359619 640.657104492
I 404.242797852 552.356140137 -450.450836182
Z -8757.613281250 4014.693115234 -7503.623046875
Y 276.523101807 108.250961304 313.825225830
I 711.768859863 755.742858887 555.908020020
V 562.592407227 -128.338272095 -797.638549805
I -187.630065918 624.372009277 -360.539123535
I -4051.817382812 -1524.760498047 885.003662109
W 592.417968750 164.585220337 178.600585938
V 465.788146973 114.478004456 -446.619537354
I 149.998977661 -1951.686645508 -1892.710937500
Z 186.168411255 -113.971496582 -2.205714941
Z 1000.865539551 4.014392376 540.136230469
W 146.857330322 -490.504333496 505.458740234
C 546.238098145 -349.481140137 51.741043091
V 227.207412720 371.827758789 388.363677979
I 12025.454101562 -14639.448242188 18592.402343750
I 6108.209472656 -4520.338378906 3089.235839844
Z -9584.442382812 1079.252197266 5784.547363281
Z 4021.788330078 -10549.949218750 -2273.193603516
Z 764.205505371 970.466064453 -795.240722656
Z 738.559082031 -503.357177734 908.340148926
Z -627.297302246 -828.570190430 243.564331055
W 259.826202393 -289.268005371 529.990295410
I -705.296997070 -60.291702271 650.375061035
I -1389.473266602 -1396.828247070 1740.788208008
W 359.747497559 -72.448394775 517.319824219
Z 53.691364288 -44.190711975 -20.451263428
I -1450.436889648 -1135.496704102 -1329.535034180
Z -322.478240967 -707.048522949 -120.103080750
Z -9503.634765625 5832.783203125 -314.899841309
I 56.161277771 -736.378356934 -428.324462891
I 924.769042969 321.092346191 -106.493919373
Z 1097.995849609 -472.165740967 -729.990783691
W 105.120765686 -198.136947632 -152.118499756
I 693.598937988 1083.999511719 3734.962890625
Z -927.933959961 -1396.207519531 -281.758087158
I 264.092193604 209.450271606 1256.579223633
I -65.547904968 -164.883453369 -16.211030960
I -484.171234131 5375.264160156 -1326.794921875
I 4664.906738281 6035.588867188 1409.308593750
I 84.477241516 -9.276547432 -1426.231811523
I 1869.390991211 1281.868164062 -1971.943847656
I 790.358825684 342.885864258 826.988403320
I 10052.633789062 19504.488281250 9335.466796875
W -86.455505371 -339.514129639 597.553710938
I -372.785675049 -152.195251465 -656.284240723
Z 150.945022583 -1207.328491211 189.328887939
I -4213.991210938 -104.371292114 1798.289306641
I 2574.584228516 -1423.482666016 2698.047119141
Z 1082.853881836 -981.198730469 699.883422852
I 179.704116821 -2196.534179688 1952.964599609
I 3202.226562500 5327.441406250 -826.915161133
Z -103.121391296 2.847652435 22.062753677
Z -19.521673203 17.925090790 1120.177124023
I -287.998199463 2484.091552734 5470.363769531
I -3034.584716797 3241.826904297 6910.451660156
W 1198.757812500 -1128.328613281 -1918.106567383
I 618.512939453 499.197753906 1225.182617188
I -181.255996704 -904.229309082 -782.780151367
Z -47.123512268 263.171508789 -180.839874268
Y 253.668167114 228.749969482 477.824981689
Z -246.672317505 -452.989379883 -1735.950439453
I 1128.014648438 1504.807006836 1268.514770508
W 298.598388672 -118.049468994 489.818328857
I 2458.461181641 1258.731323242 -2083.397216797
I -983.629272461 -384.946197510 364.059112549
I -169.441894531 -2476.476318359 -2234.219970703
I -69.087516785 -3616.621093750 1768.045898438
I -967.906921387 -2435.921875000 -4355.072753906
I -1628.371093750 14963.116210938 -19111.191406250
I 449.130126953 -261.540618896 100.703575134
I -5583.670898438 -9658.402343750 -434.090515137
Z -821.607482910 -136.348022461 739.530395508
W 2599.078125000 -1776.504760742 -1136.443481445
Z 97.744812012 10.628678322 -46.065265656
V -430.414337158 -1029.838867188 1669.362426758
Z 12000.287109375 -773.563476562 -2965.363769531
Z 1172.130981445 1227.792724609 1054.956542969
W 295.503906250 50.654949188 324.248657227
W 107.933769226 -258.594787598 221.531768799
Y 594.719970703 322.325805664 550.741760254
Z 5880.748535156 6668.679687500 12897.795898438
Z 23.100374222 -30.516403198 -34.610221863
Z 875.088623047 -783.061828613 661.203857422
W 153.212020874 64.999504089 312.417297363
W -498.408843994 -316.868988037 -957.246765137
V -439.090667725 -753.924133301 1940.384643555
I -43.702037811 617.562011719 443.698242188
I -4958.744140625 4472.863769531 3406.329345703
Z -791.275451660 191.440719604 1190.086059570
V -340.102355957 1037.635986328 -428.528564453
I -8512.617187500 -3305.954833984 7682.503906250
W -694.392211914 -235.966842651 333.832519531
C -743.589782715 -49.637237549 238.587112427
I -4418.934570312 292.092895508 7086.367187500
Z 1445.703857422 -1010.078979492 -1031.693847656
Z -239.588546753 933.499877930 -887.993896484
I -14562.736328125 4499.792968750 2943.108642578
Z 1095.770507812 -646.333190918 372.414764404
W 1059.689208984 -213.107604980 -194.706069946
Z 1309.289672852 1300.642456055 -649.385559082
Z 2086.392578125 -211.065979004 -962.123474121
I 3592.657714844 1243.640625000 2416.817626953
I 1749.882324219 2523.562500000 792.264282227
Z 205.640625000 -1892.604614258 -76.941184998
Z 109.002761841 52.529899597 -1.404397368
I 1301.127441406 174.524978638 22.760307312
Z 1267.909423828 -205.253402710 685.227294922
Z -8367.917968750 7595.215820312 -2299.452148438
W 236.594528198 70.850318909 176.629638672
Z -250.117874146 736.404907227 2067.622070312
I 1186.692016602 2293.825683594 197.598632812
Z -894.236511230 472.562957764 700.113952637
I -156.102416992 605.532470703 -538.303100586
Z -11.480642319 175.941665649 122.862998962
W 42.097618103 -346.426025391 307.357696533
V -180.820526123 219.334030151 -239.234115601
I 694.329040527 -444.548370361 -802.030456543
W 172.395187378 128.478607178 -727.763549805
I 1824.957153320 -3777.062011719 -1509.585449219
Z 284.134521484 829.869201660 -598.615844727
Z -1065.189575195 -692.874511719 138.844055176
I 5537.398925781 8765.050781250 -2537.114257812
I -1067.559082031 196.118682861 31.255605698
Z -986.468322754 -303.600799561 1288.324951172
I 309.330810547 -288.011779785 -290.144470215
Z -674.157836914 409.183898926 -615.115661621
Z 762.976745605 -72.477836609 997.978210449
V 382.347656250 -293.672119141 -670.325012207
Z 678.844665527 -74.952674866 406.178497314
I -881.160217285 3282.509521484 1109.993408203
Y 165.717147827 -642.131103516 -362.060150146
Z -385.933197021 946.651489258 -232.415420532
W 340.270294189 -111.188903809 -115.485992432
Z -1020.043090820 -208.198898315 321.941406250
Z -44.586345673 -3.635939360 -222.527145386
W 97.849075317 -80.644126892 495.682128906
I -823.667541504 -626.406066895 -445.450225830
Z -10057.583007812 9144.194335938 2130.541259766
I 247.937515259 -148.216018677 458.578887939
Z 1179.477905273 -616.174072266 -344.504058838
Z 11362.654296875 5130.422363281 -146.876724243
I 3294.569091797 5503.257324219 5295.312011719
I -339.453918457 -906.983093262 -397.518188477
