533

A 298.586303711 -41.994483948 107.775878906
A 81.322067261 -148.676910400 321.677520752
A 262.804687500 -114.164764404 350.226989746
A 215.631195068 -237.043334961 218.650360107
A 330.911163330 -33.679004669 255.061706543
A 343.257080078 -76.938034058 229.065780640
A 247.415634155 -173.165390015 246.071289062
A 243.146301270 -87.175285339 348.491271973
A 261.453247070 -3926.829345703 -37449.808593750
A 340.434844971 -109.247337341 208.104904175
A 93.384162903 0.971361041 99.948440552
A 250.171173096 -61.894840240 310.038909912
A 245.159622192 -220.581649780 170.886444092
A 306.503173828 -22.351560593 297.038299561
A 54.046680450 -37.630252838 119.684700012
A 2575.819580078 -592.830688477 5683.458984375
A 201.431060791 -105.438102722 371.440979004
A 147.520690918 -218.875137329 287.160552979
A 75.617446899 -135.687805176 222.578567505
A 248.576828003 17.862195969 102.340072632
A 182.940567017 74.606338501 257.873718262
A 337.437347412 -107.678054810 235.553482056
A 171.868194580 -108.509223938 372.587310791
A 4690.520996094 3538.152099609 3.618124247
A 233.651931763 27.449453354 321.446960449
A 240.281860352 -229.845855713 237.218505859
A 266.150756836 -5.753146648 329.342742920
A 338.064697266 -55.480911255 251.722747803
A 321.321350098 -153.735977173 186.180435181
A 149.155792236 -42.252346039 76.742874146
A 165.077407837 70.185691833 148.410003662
A 335.923217773 -81.143913269 258.193939209
A 337.026519775 -45.624702454 183.056442261
A 249.496505737 -208.876525879 281.726470947
A 317.397033691 -152.603469849 257.320434570
A 67.537254333 -147.840286255 117.227081299
A 197.703262329 -3.118198395 353.877502441
A 78.827140808 43.807636261 228.342758179
A 334.109161377 -102.931015015 164.454589844
A 26.002744675 -82.288429260 246.295654297
A 297.575164795 -112.510566711 105.048431396
A 95.797233582 -78.804252625 72.995346069
A 114.244796753 12.209327698 93.839958191
A 219.614929199 -198.536193848 317.136627197
A -875.873352051 294.303985596 221.858932495
A 233.368499756 -11.574811935 75.788154602
A -36081.824218750 47672.890625000 30300.197265625
A 160.253097534 73.177719116 253.865570068
A 113.905349731 42.243503571 295.358062744
A 110.703498840 -122.239860535 218.793655396
A 50.697025299 16.458127975 206.972915649
A 38.680782318 -47.109653473 139.962173462
A 71.904655457 -116.049293518 94.657058716
A 101.065635681 -164.160415649 326.013275146
A 196.401718140 78.602752686 239.390029907
A 162.723709106 -237.324905396 248.851364136
A 116.389701843 39.651149750 123.691429138
A 72.122367859 -200.801208496 223.901824951
A 60.218936920 -165.832122803 279.507446289
A -49609.628906250 12234.257812500 -38253.097656250
A 92.427536011 -56.167240143 76.842849731
A 181.239456177 -75.694244385 375.428192139
A 95.898399353 -136.670501709 336.464538574
A 136.058151245 -206.256469727 303.921569824
A 57.204246521 -187.620788574 208.835067749
A 253.636688232 -170.904281616 100.864013672
A 195.742736816 83.047508240 219.561111450
A 288.146850586 -198.805145264 185.515441895
A 295.180297852 -187.952346802 246.032669067
A 329.751098633 -141.536376953 212.837570190
A 328.442687988 -65.365104675 144.309509277
A 296.213012695 -131.398712158 168.065673828
A 281.290313721 -179.222259521 133.976181030
A 69.198699951 31.344377518 251.148544312
A 80.221534729 -195.033096313 272.868621826
A 44.017162323 -121.766754150 133.943374634
A 254.866882324 -28.997570038 78.389450073
A 213.892486572 -151.169158936 353.919097900
A 257.472656250 15.610310555 319.747467041
A 161.216583252 11.081272125 76.992652893
A 3056.423828125 -9357.423828125 17592.675781250
A 242.396469116 -9.526641846 344.507049561
A 104.995132446 -175.572082520 106.919059753
A 283.308624268 31.605112076 272.047027588
A 150.811965942 -124.440849304 58.577507019
A 38.269260406 -132.344894409 273.700378418
A 316.488861084 -66.590309143 123.928398132
A 186.121109009 -194.758209229 326.076416016
A 227.859603882 -33.036815643 361.395965576
A 141.747756958 -153.129135132 351.940795898
A 97.837905884 -181.596145630 307.776367188
A 121.934486389 -229.496353149 214.067138672
A 29478.560546875 -10049.423828125 -32021.765625000
A 317.647277832 -105.596092224 294.292510986
A 103.429244995 -201.844161987 141.337783813
A 331.214294434 -116.196685791 258.300994873
A -14799.547851562 -60661.675781250 7754.023925781
A 106.108100891 -114.611419678 71.068130493
A 235.333587646 -142.691116333 352.830841064
A 331.068756104 -126.706069946 174.240707397
A 54.107738495 -90.717590332 313.509185791
A 48.941028595 -65.796966553 121.830207825
A -1976.508178711 4546.650878906 4692.074218750
A 85.908027649 -162.514419556 109.124015808
A 284.181152344 -102.240791321 91.504608154
A 118.446151733 17.512378693 312.834991455
A 263.793701172 -166.922378540 319.485534668
A 166.498641968 -209.377578735 115.317329407
A 56.071334839 -68.708374023 104.038841248
A 163.600006104 -180.600708008 87.146484375
A 34.570213318 -144.462112427 176.345779419
A 269.248168945 -202.913146973 156.720336914
A 41.581825256 -17.340845108 154.053665161
A 218.893600464 -200.123992920 109.546737671
A 171.970214844 -242.808364868 187.434844971
A 299.291839600 -68.404563904 103.432266235
A 158.954269409 -39.047409058 55.206298828
A -1141.902221680 -62296.582031250 -15206.944335938
A 119.233001709 -203.067291260 126.948387146
A 208.083755493 -124.046783447 77.900680542
A 113.348526001 -10.647150993 81.612518311
A 176.758499146 -51.088417053 372.373107910
A 205.692504883 -174.937820435 108.648483276
A 61.961631775 -60.963760376 323.407257080
A -42717.312500000 -33021.246093750 -38229.773437500
A 322.467651367 -13.298307419 258.413543701
A 270.365753174 -209.778289795 177.585098267
A 260.886260986 -141.296615601 339.042205811
A 18.399257660 -74.972084045 225.628936768
A 35.736812592 -8.789242744 210.277023315
A 247.802566528 -60.436428070 359.386688232
A 165.151748657 -6.067617893 355.305358887
A 285.390594482 36.400028229 172.103256226
A 232.908874512 49.125770569 127.385551453
A 285.584289551 -63.896793365 90.301467896
A -628.145202637 -4443.875000000 1555.114257812
A 158.523818970 -148.963790894 64.481582642
A 146.136352539 -233.153121948 258.784881592
A 702.439941406 -566.631835938 80.742897034
A 221.527969360 69.969619751 251.754608154
A 132.372589111 47.787727356 122.169364929
A 84.583000183 -183.794113159 289.969085693
A 219.729202271 -61.196353912 54.197124481
A 197.886642456 -231.471710205 275.938323975
A 32.993358612 -18.338481903 232.465515137
A 22427.451171875 -7631.273925781 -32591.384765625
A 217.499267578 -120.967140198 364.495147705
A 198.942596436 -106.093490601 201.488616943
A -3044.679443359 -907.205139160 969.187683105
A 178.459884644 29.535818100 93.027832031
A 68.797294617 -161.134063721 192.125549316
A 60.355518341 -36.897529602 314.824554443
A 229.462829590 60.906745911 150.836441040
A 71.678924561 -194.435058594 191.482025146
A 116.596542358 23.447271347 320.886627197
A 49.571418762 7.916962624 172.444198608
A 300.885589600 -23.459323883 121.103439331
A 161.577819824 -77.870384216 47.707996368
A 291.550842285 -159.656402588 300.329223633
A 30.291515350 -97.559669495 274.195343018
A 53.610679626 -136.443161011 131.246475220
A 64.300292969 -18.922407150 127.924125671
A 190.743743896 79.927131653 179.173324585
A 213.124191284 43.838939667 312.224945068
A 103.483062744 49.360847473 155.144271851
A 63.062816620 -187.544769287 177.397628784
A 56.298713684 19.205364227 186.648391724
A 48.230171204 -171.973358154 233.674468994
A 74.125320435 40.246212006 195.183120728
A 276.568603516 -209.152648926 220.442276001
A 142.173751831 68.916236877 162.694351196
A 249.880447388 -205.901794434 136.490463257
A 24.007413864 -116.267501831 199.968063354
A 196.423843384 9.993555069 76.949569702
A 273.693969727 52.651695251 197.998016357
A 289.138580322 -135.021835327 106.018318176
A 287.358886719 2.602548838 302.359130859
A 240.755035400 -47.251216888 65.505332947
A 123.476905823 -225.111495972 257.985748291
A 130.032180786 72.131614685 206.012329102
A 223.030792236 -33.592128754 64.089164734
A 32.108627319 -99.121360779 146.970230103
A 328.749328613 -15.066588402 222.948226929
A 248.312927246 -163.983795166 333.609375000
A 146.775833130 62.576229095 278.096496582
A 136.958389282 -9.419951439 353.360778809
A 3120.927246094 7277.267089844 9960.828125000
A 195.029846191 80.307456970 198.255966187
A 69.870651245 -164.768630981 132.484619141
A 318.843139648 -164.104507446 213.417785645
A 145.399826050 -63.235858917 371.100341797
A 35.334197998 -13.791317940 182.712463379
A 283.753906250 -188.806365967 153.808898926
A 603.085327148 -952.315795898 -45.053627014
A -22585.257812500 28755.152343750 23475.078125000
A 36.577175140 -145.510818481 246.625167847
A 242.102447510 -128.257034302 68.788162231
A 190.243881226 -199.804656982 102.035949707
A 60.299407959 26.158370972 226.411651611
A 31.548568726 -39.812664032 161.392913818
A 298.016571045 -139.073913574 308.137817383
A 184.142868042 -103.338325500 52.069416046
A 209.707809448 -165.693038940 75.764953613
A 112.031257629 -212.652587891 276.219177246
A 135.115951538 -141.701095581 70.769020081
A 94.599891663 54.607742310 218.072448730
A 130.059295654 -228.650924683 169.627456665
A 122.574859619 -158.492019653 341.086181641
A 219.757232666 -81.841278076 56.445583344
A 44.129985809 -165.650329590 183.606414795
A 210.521240234 -10.149804115 68.680969238
A 233.801116943 34.466979980 108.729484558
A 68.330490112 -81.851348877 93.048721313
A 127.350395203 -1025.904907227 -215.653182983
A 49.920059204 -120.475311279 301.125885010
A 300.110046387 30.374971390 194.556167603
A 197.401596069 -42.109638214 369.309814453
A 66.501045227 -100.793235779 101.086242676
A 207.041412354 -86.586120605 371.606170654
A 193.482635498 -25.353784561 57.510150909
A 255.529830933 -74.919731140 69.710533142
A 307.331085205 -13.914015770 205.366088867
A 149.627136230 -43.254364014 368.122924805
A 210.235580444 57.501972198 130.601669312
A 86.072334290 1.020170450 316.510864258
A 247.847427368 60.927295685 164.120544434
A 237.751235962 -226.649368286 195.109008789
A 181.395141602 -46.110546112 53.101272583
A 165.249465942 -230.070129395 211.566665649
A -5336.921386719 29837.453125000 -70844.640625000
A 43.285560608 -94.104286194 125.165946960
A 119.217559814 -125.419059753 356.598876953
A 125.392211914 -113.529663086 62.428726196
A 161.667388916 -110.691734314 52.634849548
A 161.101165771 80.360717773 215.114410400
A 190.289138794 74.466766357 161.722595215
A 328.060028076 -63.347293854 278.523498535
A 267.737854004 -119.536705017 82.191299438
A 308.273437500 -141.236145020 287.628448486
A 226.193450928 -212.731292725 293.903289795
A 60.056617737 12.011651993 152.289047241
A 291.249053955 -183.134826660 271.907714844
A 301.636993408 19.686983109 168.910659790
A 270.117034912 -91.709671021 77.677017212
A 319.745941162 -132.890396118 147.519302368
A 276.411315918 -35.367073059 88.395233154
A 39.504299164 -111.052978516 286.958770752
A 151.167129517 -195.919158936 321.916717529
A 200.581024170 24.987613678 333.570831299
A 318.824890137 -130.474227905 280.223907471
A 42045.031250000 19381.011718750 5043.079101562
A 535.109558105 -1263.583374023 -840.127624512
A 323.240173340 -100.928016663 139.383529663
A 188.296554565 -241.809356689 207.505584717
A 141.095260620 60.113376617 141.177978516
A 249.816574097 -190.277481079 308.501495361
A 49.518302917 -26.287984848 292.021575928
A 131.650863647 -34.662105560 60.860610962
A 302.992706299 -50.807136536 313.626434326
A 274.410186768 -203.184921265 262.161590576
A 222.303451538 62.501525879 276.822082520
A 152.231246948 46.769191742 112.273857117
A 43.570873260 -74.867080688 299.028472900
A 304.379180908 17.318407059 251.795028687
A 25.479030609 -60.523647308 257.080505371
A 286.539306641 -32.793682098 326.700866699
A 232.125396729 -155.964675903 77.785461426
A 34.366901398 -151.841384888 221.795669556
A 242.876571655 46.494022369 294.941619873
A 284.977569580 -95.848121643 336.585205078
A 186.861770630 -15.434717178 362.818847656
A 244.818679810 67.036544800 234.052459717
A 245.447921753 58.242015839 267.883422852
A 276.599639893 -175.943023682 303.690643311
A 31.489732742 -143.585067749 204.175048828
A -2388.339355469 -12192.887695312 6401.100097656
A 254.391693115 -144.553527832 84.226097107
A 299.619720459 -1.751541138 134.142562866
A 96.559219360 -197.484451294 246.878814697
A 21.766710281 -104.540161133 239.004440308
A 1270.878784180 4953.520019531 3450.691650391
A 181.674179077 31.757692337 162.981857300
A 320.927795410 -22.122009277 153.742248535
A 119.934219360 -184.200698853 320.896209717
A 105.604217529 -22.893138885 346.998901367
A 315.151702881 -158.066665649 166.800628662
A 205.127944946 -111.584953308 54.259658813
A 99.486312866 -139.644165039 85.395088196
A 133.309143066 -110.436973572 365.239776611
A 28.315055847 -67.008392334 199.863174438
A 272.287292480 54.355266571 230.743331909
A 263.980133057 -217.621246338 202.717514038
A 293.426147461 9.936323166 286.754028320
A 190.252532959 -128.301788330 365.996643066
A 141.750000000 -78.103477478 146.216506958
A 287.270568848 41.263282776 218.719223022
A 137.530838013 25.584159851 96.679382324
A 210.510925293 38.838478088 105.231613159
A 112.777801514 -85.696075439 359.831665039
A 178.627792358 -169.300872803 347.020782471
A 330.001922607 -46.687198639 163.823959351
A 303.372467041 -180.955474854 184.459060669
A 331.137268066 -61.048057556 229.864273071
A 87.806144714 -51.563560486 343.615142822
A 318.070343018 -66.150703430 297.062927246
A 343.450683594 -87.352813721 209.043258667
A -21017.582031250 -30863.634765625 23845.583984375
A 149.300628662 -2.442944288 76.506294250
A 80.718734741 40.059692383 170.077941895
A 187.769012451 -217.766372681 296.650604248
A -850.845703125 -2581.737792969 -1622.416625977
A 103.687675476 26.793004990 117.872550964
A 284.323303223 -114.476341248 331.030944824
A 306.367767334 3.778586626 153.122726440
A 25.965311050 -40.318927765 183.292404175
A 339.764801025 -81.737579346 181.838592529
A 23.674715042 -72.723754883 165.139205933
A 156.523208618 14.159870148 342.370635986
A 276.153564453 -47.625736237 340.689147949
A 90.290832520 -108.569046021 80.286315918
A 24.354919434 -46.033351898 238.911376953
A 226.168853760 74.980522156 196.631225586
A 134.613174438 -5.570594788 73.403495789
A 170.023941040 59.951347351 290.291503906
A 46.474792480 -57.078517914 300.475433350
A 224.003219604 75.224151611 222.209075928
A 262.006530762 -216.657501221 246.746170044
A 50.830173492 -160.828445435 262.691497803
A 191.135955811 -223.229522705 141.351959229
A 106.498924255 52.258548737 270.021057129
A 177.096023560 -8.181308746 63.577507019
A 48.927734375 -156.729721069 155.684860229
A 169.078536987 39.110851288 103.000045776
A 265.246826172 34.206127167 292.138458252
A 112.147087097 67.378738403 229.221618652
A 161.956344604 -82.486640930 374.143798828
A 242.063323975 -115.134246826 360.118408203
A 329.644958496 -94.570846558 273.831542969
A 334.406738281 -121.014831543 194.267364502
A 130.441085815 -195.975845337 112.754905701
A 86.066436768 33.254463196 282.322448730
A 270.139709473 42.479915619 158.078781128
A 311.110839844 -81.584869385 308.416076660
A 188.764022827 70.347213745 274.235565186
A -245.166290283 530.834472656 1311.067626953
A 199.364486694 -184.454055786 87.586784363
A -14286.375000000 40082.074218750 -3476.127929688
A 125.887428284 -34.506683350 358.719848633
A 330.222656250 -131.333587646 242.382705688
A 292.906585693 -194.808380127 224.591018677
A 46.389156342 5.768855572 234.537612915
A 175.300949097 -75.941749573 53.945491791
A 141.912475586 -179.898513794 334.671936035
A 312.914978027 -115.923011780 125.406059265
A 6678.933593750 2369.049560547 -3908.812744141
A 162.898086548 80.913131714 196.330368042
A 270.618286133 -66.370674133 348.759216309
A 108.876068115 -43.833019257 70.316596985
A 27.285093307 -124.043960571 245.273513794
A 89.599929810 -185.646377563 132.656356812
A 219.490905762 -231.508102417 170.200576782
A 219.785858154 -7.829376698 352.601959229
A 224.576416016 -213.529251099 136.065490723
A 201.729812622 56.425834656 294.521728516
A 182.466888428 49.525508881 307.307220459
A 182.342987061 35.681831360 325.777740479
A 317.629028320 4.459067822 237.451828003
A 164.850341797 -235.128707886 166.732330322
A 91.489501953 -213.994857788 191.952697754
A 123.567939758 9.231688499 337.854675293
A 267.943176270 -195.878662109 286.636444092
A 118.670112610 -228.050598145 237.435684204
A 110.172164917 64.957969666 193.989440918
A 275.949829102 15.712448120 122.650131226
A 228.425460815 -222.440628052 149.065597534
A 1504.752197266 -1691.046142578 1.132025957
A 93.831550598 52.936614990 186.952041626
A 283.904296875 -159.927688599 119.745994568
A 139.401260376 -87.524971008 56.127429962
A 166.492034912 -225.783874512 142.511138916
A 35.287223816 -22.145610809 257.046203613
A 133.182891846 -221.427993774 149.203674316
A 148.126495361 41.467418671 313.961364746
A -11488.187500000 8961.646484375 -12490.467773438
A 270.318328857 -60.447105408 77.392257690
A 130.852127075 -159.887130737 79.539794922
A 315.567626953 -39.397834778 132.736267090
A 178.313079834 -241.773773193 233.310760498
A 239.438583374 -225.442626953 257.818511963
A 146.541931152 -127.109909058 365.229156494
A -8354.468750000 3927.104248047 -7155.388671875
A 243.907440186 -230.461074829 209.814804077
A 286.165679932 37.689712524 248.998367310
A 242.753890991 -89.251853943 62.969116211
A 91.154983521 -23.341081619 88.042556763
A 331.512268066 -22.368535995 189.076858521
A 149.489990234 -240.369277954 215.275131226
A 46.988357544 -5.770087719 266.917175293
A 161.070266724 28.664505005 329.802154541
A 57.475349426 -3.305065155 135.482376099
A 82.000343323 -199.435256958 163.599472046
A 308.370483398 -88.867042542 110.991455078
A 113.882781982 -58.497722626 359.618804932
A 60.345554352 13.378311157 269.056121826
A 29628.263671875 -36000.402343750 45726.082031250
A 303.410095215 -167.387725830 267.999542236
A -5556.423339844 639.216796875 3517.132324219
A 1234.358032227 -2830.798828125 -447.695220947
A 114.525169373 -201.453979492 295.828704834
A 117.752891541 61.701847076 162.475677490
A 320.012420654 -2.487162352 175.758010864
A 236.422698975 -185.096847534 102.854721069
A 32.839809418 -124.868629456 159.881958008
A 275.202575684 3.791011572 108.188842773
A 221.519760132 72.353324890 169.869674683
A 282.571868896 -137.813018799 326.194824219
A 69.680191040 -130.879943848 105.149200439
A 110.295814514 -161.496093750 90.879631042
A -2697.204345703 1727.815795898 77.201324463
A 232.241455078 -185.093261719 325.345764160
A 136.393188477 -88.707878113 368.882080078
A 301.421905518 -144.578887939 127.502403259
A 125.440231323 62.970348358 260.430999756
A 177.966964722 -20.626041412 354.775512695
A 112.014511108 -226.630203247 191.596267700
A 88.152114868 -77.678779602 350.218872070
A 204.961975098 -238.093017578 189.535949707
A 198.067291260 -220.753509521 267.711975098
A 247.833724976 2.004758358 212.937927246
A 115.183181763 -83.800613403 62.176044464
A 282.584014893 -14.563738823 106.131851196
A 219.465820312 -170.299362183 341.761566162
A 22602.365234375 43915.226562500 20954.976562500
A 67.623634338 -117.991645813 322.456878662
A 226.374053955 14.386160851 338.052856445
A 203.251083374 -238.747848511 238.523483276
A 331.051849365 -79.693000793 156.104568481
A 72.255142212 -25.226305008 103.441467285
A 79.103332520 29.709310532 150.806533813
A 196.615524292 -206.857543945 310.341552734
A 259.697875977 58.554584503 183.070251465
A 31.933883667 -71.386505127 144.492187500
A 37.396350861 -38.282398224 275.112548828
A 191.777557373 -147.681777954 65.037933350
A 122.072845459 -19.953811646 335.130828857
A 86.206962585 -31.340543747 335.216491699
A 192.338485718 -151.775787354 357.233825684
A 318.178619385 -37.409778595 286.804809570
A 307.725067139 21.759565353 221.223007202
A 139.001220703 -234.182876587 189.856689453
A 224.952041626 -52.028709412 365.886169434
A 105.616867065 -214.701568604 162.297210693
A 138.081604004 50.746520996 296.782379150
A 64.774353027 -141.744140625 307.149505615
A 20.043066025 -106.937927246 216.748458862
A 153.752761841 -194.173141479 102.148277283
A 184.078216553 67.496948242 138.382980347
A 145.855789185 -26.762325287 238.728378296
A -3738.191162109 34362.816406250 -43911.464843750
A 274.732788086 27.650232315 138.183654785
A -384.942840576 -1038.636718750 145.771774292
A 66.948677063 -160.396942139 297.284790039
A 303.995758057 -167.291900635 152.704559326
A 74.794830322 -50.749752045 90.853424072
A 231.020126343 11.665325165 87.349502563
A 6424.207519531 -413.119506836 -1430.718627930
A 311.822937012 -6.468734264 274.985382080
A 199.335845947 -64.393020630 51.263252258
A 86.511627197 18.476150513 299.521484375
A 96.690658569 -219.804870605 223.615158081
A 7367.743164062 8412.206054688 16095.630859375
A 255.813964844 39.499282837 133.595764160
A 18.889488220 -83.848663330 184.166030884
A 78.409355164 -16.008943558 323.123107910
A 15.843807220 -59.619239807 205.948303223
A 260.960662842 -186.037719727 121.097259521
A 303.896514893 -183.285675049 212.391952515
A 84.753662109 6.539371014 263.229339600
A 72.063537598 -86.256729126 334.037536621
A 26.206600189 -32.606838226 211.512664795
A -2933.438232422 -1181.854980469 2887.634277344
A 142.818588257 74.381698608 182.878936768
A 175.069519043 -163.043167114 70.868362427
A 101.497306824 -79.871719360 329.729797363
A 62.608486176 -5.613538265 293.489776611
A 90.019805908 29.329582214 131.565093994
A -17562.431640625 5563.999511719 3607.739257812
A 68.105346680 -177.056961060 149.107650757
A 217.201004028 -72.962409973 371.526519775
A 89.304939270 -211.052932739 251.413818359
A 30.990308762 -74.496345520 277.303131104
A 266.673339844 17.102424622 278.417114258
A 260.408630371 55.674224854 251.045867920
A 151.193481445 75.424041748 235.117355347
A 320.441955566 5.041393280 201.653823853
A 339.552001953 -39.460975647 221.105880737
A 203.806518555 -213.851303101 122.403923035
A -2355.733886719 2190.695312500 -467.613677979
A 82.097244263 -108.673011780 338.865783691
A 208.211380005 -132.958648682 58.748085022
A 248.972900391 67.275939941 205.938858032
A 193.522674561 -182.813690186 337.952941895
A 76.214424133 3.010527134 117.836097717
A 318.298461914 -159.935363770 236.314895630
A 258.276855469 -5.853587627 90.330070496
A 218.788406372 -228.311981201 265.918457031
A 253.182449341 -89.035018921 362.841979980
A 129.912612915 -61.602268219 56.971992493
A 88.184288025 45.424961090 255.321670532
A 185.207809448 53.606853485 118.729492188
A 342.021240234 -58.756961823 201.321960449
A 227.512802124 -1.420400858 189.648712158
A 164.739440918 -208.549270630 309.776275635
A 103.378944397 -122.849006653 348.942871094
A 192.827209473 -233.565078735 164.516357422
A 204.473770142 24.039066315 88.456253052
A 133.778686523 -180.001907349 94.214302063
A 256.996429443 -27.867527008 346.632720947
A 63.432949066 -188.896209717 249.599014282
A 126.697273254 66.804664612 241.921951294
A 147.958358765 -217.701080322 132.684692383
A 288.722564697 -15.959300995 318.117004395
A 235.043334961 -108.995529175 61.439395905
A 156.394607544 -168.268630981 346.629882812
A 305.268035889 -107.756011963 314.104400635
A 169.802764893 -228.330657959 274.698883057
A 167.041534424 -137.113052368 363.098968506
A -10095.584960938 9264.663085938 2179.420654297
A 269.401641846 -152.725753784 98.561492920
A 293.041320801 -72.761726379 330.987426758
A 8602.054687500 3854.368164062 -21.080427170
A 236.054382324 28.714126587 304.607360840
A 24.907146454 -110.699028015 177.771942139
