533

A 374.889465332 -53.701175690 135.573303223
A 102.333366394 -186.994247437 403.655578613
A 330.038970947 -143.414825439 438.844635010
A 269.875762939 -297.533905029 273.539093018
A 414.688385010 -42.322257996 319.035797119
A 431.472351074 -98.517623901 286.560485840
A 310.116485596 -216.822311401 308.316314697
A 304.810943604 -109.023994446 437.977355957
A 328.235717773 -4928.693359375 -47011.292968750
A 426.654327393 -137.958877563 261.415222168
A 116.704627991 1.039959788 124.557289124
A 313.156188965 -78.065727234 389.821166992
A 307.590728760 -276.231811523 215.218505859
A 385.929870605 -28.387994766 373.035980225
A 68.224014282 -47.839744568 149.593154907
A 3233.641601562 -743.875427246 7136.071777344
A 252.617477417 -131.898315430 464.525543213
A 183.783172607 -274.888183594 359.861145020
A 95.981605530 -170.580642700 278.910491943
A 311.796539307 22.828901291 129.482406616
A 228.069366455 95.171638489 323.970794678
A 423.840850830 -135.240386963 296.171051025
A 215.957565308 -134.996170044 467.922119141
A 5887.789062500 4441.957519531 4.029274464
A 294.950103760 33.951248169 402.976379395
A 301.728607178 -289.570465088 298.153289795
A 334.792877197 -7.778027534 412.678649902
A 422.801239014 -68.343406677 315.859497070
A 402.506286621 -191.279678345 233.050384521
A 188.851242065 -52.293670654 96.895027161
A 207.336822510 87.221824646 186.236587524
A 420.666229248 -101.683250427 323.570251465
A 424.185424805 -58.245765686 229.959747314
A 313.827087402 -262.019378662 353.372558594
A 398.938262939 -191.046493530 322.794738770
A 84.562500000 -184.781799316 148.345993042
A 248.402175903 -3.315621853 445.648895264
A 98.096473694 55.651245117 285.595489502
A 419.264221191 -129.558410645 207.446502686
A 32.026222229 -102.992790222 309.824768066
A 373.526947021 -140.943527222 131.872665405
A 121.465682983 -99.721122742 90.651664734
A 142.984054565 14.964838982 118.817665100
A 276.988708496 -249.236648560 397.573333740
A -1099.166870117 370.345062256 277.830841064
A 293.815002441 -14.861227036 94.246437073
A -45294.355468750 59845.164062500 38037.085937500
A 201.554901123 91.156555176 319.138366699
A 143.476135254 53.345027924 370.556884766
A 138.027893066 -153.404449463 275.113189697
A 63.215015411 20.678161621 258.645996094
A 49.069004059 -59.086311340 175.328445435
A 88.778694153 -145.916244507 119.802452087
A 126.389503479 -205.647598267 408.846130371
A 247.488861084 98.323348999 301.275909424
A 204.584503174 -298.329254150 312.133361816
A 144.807281494 49.652225494 154.069427490
A 91.203407288 -251.428100586 280.747894287
A 75.938926697 -208.105300903 350.903015137
A -62276.902343750 15358.560546875 -48020.234375000
A 116.196952820 -70.419090271 97.394508362
A 226.803100586 -94.855720520 471.008300781
A 119.404510498 -171.177642822 423.334747314
A 169.897857666 -257.832977295 381.126831055
A 71.913940430 -235.233367920 262.860473633
A 318.908508301 -214.544982910 125.893295288
A 245.154129028 104.212837219 275.366180420
A 362.823730469 -249.392196655 232.316116333
A 369.607635498 -235.425445557 308.626312256
A 414.300476074 -178.702560425 267.116821289
A 412.403656006 -80.547225952 181.026062012
A 371.438812256 -165.134124756 211.556594849
A 352.833526611 -224.733764648 167.269317627
A 86.859024048 39.042526245 315.474456787
A 100.345481873 -245.017761230 342.856872559
A 55.723587036 -153.163360596 166.457290649
A 318.795989990 -36.638019562 98.270744324
A 268.867187500 -190.936691284 444.061981201
A 322.895690918 18.351705551 401.642028809
A 201.949890137 14.362086296 97.284744263
A 3836.805175781 -11746.336914062 22085.224609375
A 302.709320068 -11.964422226 433.318603516
A 131.010284424 -221.706298828 134.746643066
A 354.254943848 38.304569244 340.754699707
A 189.321884155 -155.404312134 73.891395569
A 47.715835571 -166.761428833 345.240722656
A 398.235198975 -83.011444092 155.719299316
A 234.439987183 -244.044113159 408.190124512
A 285.076416016 -42.224582672 454.186950684
A 178.178680420 -191.891250610 442.382812500
A 122.336761475 -227.092544556 386.807800293
A 154.587997437 -288.374877930 268.680450439
A 37005.894531250 -12614.810546875 -40198.800781250
A 400.258178711 -132.538558960 370.244262695
A 130.445922852 -253.551895142 178.157165527
A 414.512725830 -145.595031738 325.002258301
A -18578.537109375 -76150.921875000 9732.591796875
A 133.347320557 -143.975402832 89.419990540
A 295.006744385 -179.142700195 443.809783936
A 415.203643799 -159.940795898 217.990219116
A 67.324768066 -113.687568665 395.355590820
A 62.368171692 -83.339752197 152.494491577
A -2480.702392578 5708.359375000 5889.572753906
A 109.076423645 -203.717041016 138.023468018
A 356.930541992 -130.077316284 114.512954712
A 148.762390137 21.595308304 391.996551514
A 330.331878662 -208.682968140 401.374603271
A 209.853302002 -264.184051514 144.699447632
A 69.132652283 -87.214195251 130.762069702
A 205.589553833 -225.900817871 110.330917358
A 42.532188416 -181.893066406 221.767410278
A 339.203857422 -253.710418701 197.595413208
A 52.641849518 -21.658514023 192.723663330
A 273.681213379 -251.297042847 136.758361816
A 216.919692993 -304.560241699 236.342422485
A 376.688842773 -86.137344360 129.390243530
A 199.235610962 -50.436286926 69.569725037
A -1434.222290039 -78202.859375000 -19089.667968750
A 149.868621826 -255.200424194 159.305358887
A 262.432739258 -156.359725952 97.205268860
A 142.475662231 -13.499126434 102.583663940
A 220.588851929 -63.940002441 466.898590088
A 259.078643799 -219.332168579 135.483612061
A 77.684204102 -77.323097229 404.596527100
A -53626.097656250 -41453.199218750 -47993.011718750
A 405.765197754 -17.045133591 324.845977783
A 340.912567139 -263.442687988 224.940872192
A 327.590454102 -177.280090332 425.968200684
A 22.440126419 -94.283065796 282.254364014
A 46.125446320 -11.208816528 263.355560303
A 311.095062256 -75.903495789 451.324096680
A 207.129379272 -7.820331097 446.670532227
A 358.425292969 46.336608887 214.843002319
A 292.774414062 62.289028168 158.860794067
A 359.639129639 -80.016754150 112.874549866
A -786.994567871 -5579.600585938 1952.119995117
A 198.981765747 -186.685363770 81.506713867
A 183.494003296 -290.604614258 324.872467041
A 883.601257324 -711.396667480 101.809791565
A 277.032409668 87.584426880 317.896301270
A 166.183364868 60.356639862 153.442321777
A 106.134757996 -230.507476807 365.234375000
A 276.549530029 -75.868125916 67.562911987
A 248.803421021 -289.529357910 346.727020264
A 41.047317505 -24.860450745 292.630004883
A 28155.281250000 -9579.781250000 -40913.570312500
A 272.851501465 -152.687133789 459.501403809
A 250.271102905 -133.119812012 253.025009155
A -3821.337402344 -1138.064453125 1216.997680664
A 224.449752808 37.161533356 117.903686523
A 87.082931519 -203.314193726 240.797164917
A 76.513992310 -44.947807312 396.722412109
A 288.466613770 76.240257263 188.723449707
A 89.642913818 -243.816940308 240.699295044
A 145.301818848 28.475135803 404.694793701
A 62.656967163 10.589241982 215.108291626
A 375.935821533 -29.937871933 153.017242432
A 202.775863647 -97.969024658 59.776386261
A 367.149322510 -198.968521118 377.808166504
A 38.885272980 -121.794128418 344.604095459
A 69.284889221 -172.406341553 164.784439087
A 80.360633850 -24.369506836 159.948196411
A 239.260025024 100.565132141 224.988525391
A 266.644500732 55.180702209 391.144500732
A 129.298995972 62.067958832 195.054214478
A 79.519111633 -235.782775879 222.670104980
A 70.628509521 23.397974014 233.779815674
A 62.029586792 -215.354919434 293.144775391
A 93.111984253 50.434486389 245.008026123
A 346.965240479 -262.260314941 276.562652588
A 177.481613159 85.892807007 203.409332275
A 315.470672607 -258.601470947 171.524291992
A 30.775518417 -146.078704834 250.668075562
A 245.419860840 12.413558960 95.871788025
A 344.493103027 66.473159790 248.311798096
A 362.851837158 -169.241378784 134.256835938
A 359.718444824 2.690517664 378.840026855
A 302.149688721 -58.721225739 82.159561157
A 154.509323120 -283.783142090 323.980407715
A 164.310501099 90.875778198 258.740295410
A 278.341949463 -42.892997742 80.151611328
A 40.774955750 -124.637069702 183.668640137
A 413.609222412 -18.767698288 279.838592529
A 311.223083496 -205.863296509 419.263977051
A 185.042251587 79.286087036 349.238800049
A 171.939712524 -10.879957199 444.373657227
A 3918.106933594 9136.220703125 12504.402343750
A 246.703308105 100.500144958 250.172912598
A 87.118637085 -205.571640015 165.613372803
A 399.957122803 -206.978012085 266.277038574
A 182.271423340 -80.272956848 466.927185059
A 45.080356598 -18.286651611 229.892242432
A 357.060028076 -237.348709106 193.083267212
A 758.043884277 -1195.200195312 -56.484241486
A -28351.966796875 36097.285156250 29468.648437500
A 44.518196106 -182.833251953 309.292236328
A 303.640258789 -160.929809570 86.988914490
A 237.897613525 -251.157409668 127.979034424
A 74.965118408 32.760932922 284.442840576
A 39.264831543 -50.705204010 202.356185913
A 373.963256836 -175.034240723 387.834655762
A 231.633453369 -130.684219360 65.645790100
A 263.138366699 -208.915023804 94.783065796
A 140.426605225 -268.402740479 348.110168457
A 169.443328857 -179.033477783 89.586135864
A 117.850112915 68.015708923 274.923034668
A 162.232315063 -287.153381348 212.531341553
A 153.181457520 -199.621765137 428.550079346
A 276.384338379 -102.380279541 70.975090027
A 55.018020630 -207.758743286 230.345489502
A 265.814941406 -12.472999573 86.443626404
A 293.655090332 44.081893921 136.865386963
A 85.527030945 -101.806503296 116.539283752
A 159.224685669 -1288.952148438 -270.946777344
A 61.564136505 -150.661941528 377.028900146
A 377.164367676 39.006706238 245.470581055
A 247.321670532 -52.010162354 463.805358887
A 84.186576843 -126.841156006 126.748413086
A 259.563598633 -107.582336426 467.721679688
A 243.340881348 -32.267097473 72.735260010
A 320.542175293 -93.510498047 87.960487366
A 385.589111328 -17.280807495 257.356445312
A 187.526077271 -54.320365906 461.973876953
A 263.659545898 73.055435181 164.585510254
A 107.844703674 1.998264313 397.053894043
A 311.335906982 75.064468384 205.630340576
A 298.221649170 -284.597320557 243.971008301
A 226.649520874 -57.439830780 66.810836792
A 206.937622070 -288.320037842 264.457611084
A -6700.260253906 37455.464843750 -88934.515625000
A 53.551795959 -118.131622314 157.821624756
A 150.437438965 -157.515792847 445.753295898
A 157.534271240 -143.462738037 78.486984253
A 204.235092163 -138.267166138 65.773246765
A 201.119598389 100.425521851 269.420471191
A 239.115600586 92.980224609 202.741729736
A 412.247497559 -79.348251343 349.664520264
A 338.046081543 -150.055068970 103.453887939
A 388.125427246 -176.642822266 360.459014893
A 282.619018555 -267.355010986 367.708709717
A 76.334457397 14.413969994 191.307174683
A 365.965942383 -229.448684692 340.942260742
A 377.987548828 24.543481827 212.791397095
A 338.799285889 -114.517509460 96.991394043
A 400.797912598 -167.219589233 185.017059326
A 346.090545654 -42.929573059 110.911537170
A 49.663589478 -139.154357910 361.440612793
A 190.492889404 -246.634063721 404.457977295
A 252.798751831 31.159189224 418.551177979
A 400.660644531 -162.955902100 352.457122803
A 52780.906250000 24329.933593750 6330.114257812
A 671.176696777 -1586.499023438 -1055.099121094
A 406.229431152 -126.205154419 174.695114136
A 236.508987427 -303.141235352 259.861633301
A 178.165298462 76.554237366 176.730651855
A 313.363586426 -238.319473267 386.571899414
A 61.339664459 -32.488262177 367.024566650
A 164.545364380 -44.183311462 77.682418823
A 381.486938477 -63.539703369 394.236633301
A 345.994018555 -254.012954712 329.004333496
A 278.561157227 78.812461853 346.849761963
A 191.961715698 59.849815369 141.052642822
A 54.793678284 -93.821662903 376.147552490
A 383.040863037 21.395257950 315.331237793
A 32.822563171 -76.135963440 324.198852539
A 359.501892090 -40.508258820 410.195129395
A 291.288604736 -195.178726196 97.532920837
A 42.899829865 -191.123687744 278.025573730
A 304.096618652 57.339515686 370.363861084
A 357.429016113 -120.975112915 421.267333984
A 234.203536987 -18.617443085 454.579498291
A 307.708465576 84.026733398 293.577941895
A 307.473785400 72.416870117 337.634246826
A 347.833679199 -221.284667969 382.377563477
A 38.312816620 -179.899734497 257.233154297
A -2998.700195312 -15306.354492188 8035.887695312
A 319.366119385 -181.304336548 105.749359131
A 376.033081055 -2.173489332 167.385635376
A 122.893310547 -248.269073486 309.960144043
A 27.679471970 -130.554260254 301.320800781
A 1595.247070312 6218.967285156 4330.540527344
A 227.239944458 38.876575470 204.123138428
A 403.105926514 -28.435398102 192.619705200
A 151.415267944 -230.647872925 403.217254639
A 131.961700439 -28.696281433 436.150756836
A 396.708282471 -198.416595459 208.931625366
A 258.092041016 -140.656478882 69.319129944
A 124.897338867 -175.565109253 106.487251282
A 168.392868042 -138.773895264 458.989532471
A 35.821563721 -84.293388367 251.532638550
A 341.132598877 67.106040955 289.084136963
A 331.975830078 -274.302764893 253.722900391
A 367.946319580 11.946955681 360.001953125
A 239.358352661 -160.491165161 460.467987061
A 176.518692017 -98.435935974 183.513595581
A 360.075408936 51.372028351 275.268951416
A 173.189575195 32.351257324 121.809829712
A 263.341979980 49.848381042 132.937438965
A 140.254913330 -108.214447021 453.621887207
A 225.433853149 -212.040542603 435.849334717
A 414.252838135 -59.406963348 206.933013916
A 381.647857666 -227.247924805 231.548187256
A 415.971282959 -77.173370361 288.800018311
A 110.517333984 -64.963150024 431.406494141
A 399.314727783 -83.147438049 374.646331787
A 429.884002686 -110.244705200 263.064666748
A -26385.687500000 -38743.992187500 29935.722656250
A 187.109451294 -2.428935528 94.744110107
A 101.161201477 50.617347717 212.626205444
A 235.508499146 -272.930236816 372.604858398
A -1068.808227539 -3241.300292969 -2037.203002930
A 129.487106323 33.178787231 148.586685181
A 357.058715820 -143.759155273 415.597686768
A 384.417266846 5.677865982 191.799102783
A 34.283329010 -50.843475342 230.484054565
A 424.942077637 -102.365913391 228.112197876
A 29.819873810 -91.458908081 206.900024414
A 195.710815430 19.114883423 429.003387451
A 346.210632324 -58.118591309 427.394378662
A 113.983528137 -137.370010376 101.089927673
A 30.333997726 -56.717426300 299.094116211
A 283.216857910 94.888069153 245.562240601
A 167.385528564 -6.029360771 92.157264709
A 215.059829712 74.715339661 364.693908691
A 58.239173889 -71.131240845 378.015838623
A 280.637359619 93.724098206 278.193023682
A 327.364471436 -272.358459473 310.310363770
A 62.277801514 -202.440307617 330.147186279
A 238.914077759 -280.343536377 176.904556274
A 134.046859741 65.061637878 338.554168701
A 221.768554688 -10.112592697 79.104255676
A 60.516506195 -197.073318481 196.417205811
A 212.774520874 49.573715210 129.762496948
A 332.784393311 42.894832611 365.947326660
A 140.570434570 84.157768250 287.110565186
A 202.284942627 -102.791580200 468.159576416
A 303.326171875 -143.329116821 451.882232666
A 413.273437500 -120.097793579 344.007354736
A 420.251617432 -152.023880005 243.817123413
A 163.801040649 -246.542541504 141.060745239
A 108.509155273 42.926204681 352.844268799
A 339.522308350 52.731987000 199.188034058
A 390.302246094 -102.042144775 386.319610596
A 237.832031250 88.144020081 344.608612061
A -308.539703369 665.446166992 1645.995727539
A 251.489776611 -233.007247925 111.001976013
A -17933.173828125 50316.910156250 -4364.357421875
A 159.430725098 -42.828380585 448.626647949
A 413.193603516 -164.857131958 303.346069336
A 366.162414551 -244.118927002 280.630615234
A 59.372669220 6.675890923 294.443084717
A 218.967971802 -95.303428650 68.782714844
A 177.696945190 -226.851715088 419.669006348
A 392.897857666 -146.504043579 156.319641113
A 8384.721679688 2973.450439453 -4906.587890625
A 203.616577148 101.553222656 246.847778320
A 339.842681885 -83.799598694 438.274475098
A 138.365615845 -53.271282196 87.571441650
A 36.239429474 -156.696762085 308.141174316
A 112.677780151 -233.023284912 166.623016357
A 273.969146729 -290.577178955 214.978286743
A 275.865020752 -9.681366920 442.799743652
A 280.529510498 -267.561187744 171.031982422
A 252.380187988 69.499885559 369.504791260
A 229.250045776 62.229019165 384.867095947
A 228.907974243 44.339885712 408.679931641
A 398.942474365 6.613518238 299.421417236
A 206.638092041 -294.804443359 208.439422607
A 113.283126831 -268.736938477 240.322631836
A 154.520950317 10.687500000 423.729034424
A 337.292755127 -245.490600586 361.689971924
A 149.544387817 -287.821838379 298.114013672
A 138.799545288 81.308700562 243.822738647
A 346.078735352 19.606275558 154.209579468
A 286.052032471 -280.737487793 186.672042847
A 1889.036621094 -2122.286621094 1.282859087
A 115.895202637 65.071670532 234.126052856
A 356.387786865 -201.332153320 150.270782471
A 174.259475708 -108.827911377 69.820800781
A 209.897048950 -282.937408447 178.657379150
A 45.771907806 -28.020454407 323.750122070
A 168.569580078 -276.917694092 187.039199829
A 186.005523682 53.022048950 394.212280273
A -14421.914062500 11249.914062500 -15679.272460938
A 339.999206543 -75.512725830 96.888366699
A 163.005172729 -200.108886719 100.826187134
A 395.697174072 -48.164054871 167.087448120
A 223.957702637 -303.695251465 294.161926270
A 301.401824951 -283.767547607 322.853240967
A 183.370056152 -160.614959717 458.182281494
A -10486.994140625 4930.783203125 -8981.638671875
A 305.534271240 -288.661224365 263.176910400
A 359.056823730 47.690036774 312.881744385
A 306.415588379 -111.412635803 78.020164490
A 115.145103455 -28.762887955 110.472007751
A 416.360839844 -27.861600876 237.658126831
A 188.589202881 -301.207916260 270.411712646
A 59.080089569 -7.294385433 335.451385498
A 201.632461548 36.689952850 413.468658447
A 71.702751160 -4.244525433 167.292236328
A 102.557853699 -250.339141846 205.301803589
A 386.470153809 -110.496475220 140.303421021
A 143.250442505 -72.335212708 451.327941895
A 75.736701965 18.496931076 337.035461426
A 37193.019531250 -45193.507812500 57401.785156250
A 381.010803223 -210.061264038 336.589355469
A -6974.522460938 802.545043945 4415.839355469
A 1550.095458984 -3555.218750000 -561.816345215
A 142.724792480 -253.229309082 372.633972168
A 147.777359009 78.385658264 204.510864258
A 401.377899170 -2.612160683 220.187622070
A 296.861358643 -232.116439819 128.777053833
A 40.692325592 -156.298858643 201.549438477
A 346.284301758 5.001244545 135.939208984
A 278.535034180 90.741706848 211.964004517
A 352.761016846 -173.171646118 408.451324463
A 86.484321594 -163.269638062 130.886123657
A 138.347076416 -203.237136841 113.948043823
A -3385.353271484 2168.614501953 95.746887207
A 290.500823975 -232.054046631 408.354949951
A 171.602554321 -111.334091187 463.799407959
A 378.931427002 -182.591842651 159.452789307
A 157.909606934 78.541007996 325.166442871
A 222.242111206 -26.239799500 445.799255371
A 140.407165527 -284.978668213 242.239700317
A 110.425354004 -97.649833679 440.093322754
A 257.952941895 -299.628692627 238.485351562
A 249.000595093 -278.970245361 336.233367920
A 310.741912842 1.164067268 268.376678467
A 144.326217651 -104.619728088 76.545341492
A 355.761993408 -18.879081726 132.955886841
A 274.978332520 -215.041793823 430.428649902
A 28373.400390625 55128.429687500 26306.535156250
A 84.023445129 -147.135437012 404.783966064
A 284.306335449 18.850502014 424.952209473
A 257.474487305 -300.398223877 299.781646729
A 414.819763184 -99.481987000 195.319763184
A 90.193420410 -31.848447800 129.740798950
A 99.474723816 37.083320618 188.319335938
A 246.920730591 -259.937561035 389.558288574
A 326.548217773 73.139091492 227.788467407
A 40.608695984 -89.324630737 181.303680420
A 48.051948547 -47.408767700 343.558349609
A 241.551849365 -185.406188965 81.679946899
A 154.551498413 -24.295196533 420.215576172
A 107.842544556 -39.610050201 421.223876953
A 242.103637695 -191.175231934 448.843109131
A 399.382751465 -47.617469788 359.329620361
A 385.502288818 27.855030060 278.326934814
A 174.690795898 -294.930511475 238.681182861
A 282.608642578 -64.202522278 460.070068359
A 132.591232300 -269.997161865 204.779495239
A 172.001739502 65.238952637 371.710235596
A 81.260910034 -177.552490234 386.406433105
A 25.922685623 -134.992004395 271.616973877
A 194.893356323 -244.085647583 128.336425781
A 231.358123779 83.664909363 173.846649170
A 181.662643433 -33.452953339 299.576599121
A -4693.686035156 43136.363281250 -55123.246093750
A 345.762481689 36.122932434 173.188446045
A -483.755523682 -1304.636596680 182.028656006
A 82.974990845 -200.356597900 374.598815918
A 380.752624512 -209.781341553 191.584594727
A 93.152587891 -64.700950623 114.774307251
A 289.525268555 14.976379395 109.786132812
A 8064.416992188 -519.096435547 -1796.120605469
A 391.547668457 -8.304916382 344.407531738
A 251.407196045 -80.747566223 63.680809021
A 108.403984070 22.871540070 375.625488281
A 120.473892212 -276.288940430 280.956634521
A 9249.475585938 10559.107421875 20203.435546875
A 321.768859863 50.222473145 167.250579834
A 23.560527802 -105.959991455 230.446197510
A 98.868423462 -20.147590637 406.284301758
A 19.676803589 -75.188621521 258.914154053
A 328.907135010 -233.512283325 150.370422363
A 381.611206055 -229.964218140 267.412811279
A 105.873031616 8.647365570 330.761413574
A 90.405708313 -107.607833862 418.462890625
A 32.813335419 -41.122730255 265.889129639
A -3683.584472656 -1483.342407227 3625.189941406
A 179.535614014 93.675193787 229.998611450
A 219.832321167 -204.838134766 89.173759460
A 127.783462524 -100.243194580 413.746429443
A 78.960472107 -7.968221664 367.954162598
A 114.151275635 37.920249939 166.235198975
A -22047.812500000 6985.471191406 4528.825195312
A 86.434707642 -222.960464478 188.887283325
A 270.834899902 -91.732620239 467.320556641
A 112.315208435 -263.406219482 315.183929443
A 38.367633820 -93.950325012 347.211486816
A 334.992889404 21.436103821 349.649444580
A 327.665252686 69.434310913 315.131927490
A 190.289505005 94.850212097 295.916259766
A 402.984039307 7.447618008 253.923355103
A 425.713836670 -48.892307281 276.697753906
A 255.007644653 -268.515930176 153.379089355
A -2957.347167969 2749.049316406 -586.890502930
A 102.570678711 -137.583023071 424.204376221
A 262.186309814 -167.564880371 73.191390991
A 313.182312012 86.656723022 259.276458740
A 243.823257446 -229.331954956 424.454620361
A 95.190475464 5.475054264 149.072479248
A 399.778472900 -201.895080566 296.740997314
A 325.045745850 -6.958921909 115.364669800
A 274.824462891 -287.032897949 334.502288818
A 317.249725342 -111.981658936 455.363677979
A 164.638305664 -76.698081970 72.250885010
A 111.185798645 56.748065948 320.000549316
A 232.367218018 66.321868896 147.494888306
A 428.615173340 -72.821693420 251.800949097
A 285.541992188 -1.738255978 237.754669189
A 206.671401978 -261.863861084 388.973632812
A 128.449523926 -153.075149536 437.739440918
A 242.036422729 -293.262756348 206.384170532
A 256.031982422 30.546361923 110.470336914
A 167.539642334 -225.322448730 118.486389160
A 321.835449219 -36.175086975 434.913238525
A 79.006614685 -238.741241455 314.069030762
A 158.646835327 83.802017212 302.459594727
A 184.330352783 -271.643035889 167.399520874
A 362.608245850 -20.373317719 398.904388428
A 296.515686035 -136.271347046 76.756927490
A 196.516357422 -210.732452393 434.395355225
A 384.247070312 -134.914871216 392.594390869
A 211.443237305 -287.224700928 345.347686768
A 211.264633179 -172.243301392 454.643218994
A -12673.577148438 11631.252929688 2736.207275391
A 338.594177246 -192.013626099 122.703315735
A 367.180664062 -90.817184448 415.772430420
A 10798.681640625 4838.798339844 -25.068101883
A 297.302673340 35.961318970 381.977050781
A 30.924448013 -139.304367065 223.649154663
