533

W 43.999229431 -86.258308411 254.044006348
W 263.694946289 15.168309212 42.266551971
W 77.597396851 -17.765485764 12.694988251
W 123.861030579 107.590805054 142.624313354
W 8.929086685 -94.391944885 109.278144836
W -0.711810648 -57.937038422 128.493759155
W 115.485733032 11.913344383 126.834823608
W 109.198951721 -47.863666534 42.634429932
W 203.293395996 -3235.929199219 -30835.396484375
W 1.834751844 -16.192346573 158.151855469
W 248.017715454 -131.815704346 258.908020020
W 114.875656128 -64.487762451 81.172065735
W 96.703910828 93.693191528 187.763778687
W 35.712535858 -112.237556458 62.898803711
W 286.760894775 -92.771186829 242.294403076
W 3613.725097656 -828.397460938 8070.817871094
W 137.298675537 -28.685897827 -11.387084007
W 194.476928711 90.134010315 76.746032715
W 221.776748657 -17.026977539 143.079559326
W 93.798957825 -149.039520264 256.981231689
W 157.725524902 -205.200073242 102.912796021
W 2.964678526 -21.943471909 127.276702881
W 170.936569214 -21.796411514 -10.558072090
W 6784.951660156 5265.241699219 -154.674026489
W 108.140007019 -158.495697021 45.857944489
W 101.470619202 98.478996277 125.621826172
W 74.078155518 -124.634033203 31.803853989
W 8.356663704 -72.375267029 114.735458374
W 29.235736847 18.833219528 176.938659668
W 184.057891846 -78.810592651 252.052536011
W 175.509552002 -198.131225586 211.867568970
W 4.046121120 -52.485183716 103.946563721
W 5.260703564 -83.804679871 176.166839600
W 91.950584412 78.297950745 79.139717102
W 25.555202484 26.443138123 102.218971252
W 277.462951660 16.943515778 240.532470703
W 149.721466064 -118.289733887 10.891653061
W 264.558624268 -171.927398682 129.700073242
W 8.001116753 -25.966320038 197.771896362
W 290.513854980 -49.722259521 120.678665161
W 44.679237366 -16.402095795 255.227111816
W 243.783981323 -51.217826843 287.880126953
W 228.290435791 -140.349761963 265.740478516
W 123.954757690 66.890151978 43.773777008
W -4673.401855469 1615.457763672 166.666137695
W 110.065414429 -118.115280151 286.778106689
W -27785.253906250 36701.398437500 23324.511718750
W 184.403488159 -206.142852783 110.631584167
W 229.601531982 -168.893768311 67.972557068
W 940.061157227 373.578125000 96.609451294
W 287.228302002 -146.098419189 153.378585815
W 301.237182617 -82.550712585 223.485046387
W 270.807495117 -15.930256844 264.313751221
W 241.855224609 31.808265686 35.965366364
W 148.268127441 -209.136230469 122.157829285
W 178.856796265 106.401527405 112.574302673
W 224.194473267 -168.705993652 239.277130127
W 271.523132324 66.537864685 137.283828735
W 281.095977783 32.914608002 82.265876770
W -38362.554687500 9457.049804688 -29576.082031250
W 248.629013062 -73.380920410 283.322998047
W 165.541030884 -52.364723206 -12.312080383
W 245.020751953 1.336747289 28.844238281
W 207.239196777 74.994125366 59.276916504
W 280.602722168 58.438922882 155.272842407
W 89.184875488 44.795684814 258.781188965
W 145.923065186 -211.113494873 141.493637085
W 54.644786835 69.058792114 175.206481934
W 47.723896027 59.832351685 114.584365845
W 10.493489265 12.482054710 154.118041992
W 11.357352257 -62.652618408 211.998733521
W 76.115196228 -11.382556915 180.877151489
W 59.400856018 52.108768463 224.923126221
W 269.714935303 -162.500381470 106.484634399
W 260.209991455 63.369438171 92.190620422
W 295.349121094 -2.533012867 227.994979858
W 89.286842346 -102.732376099 284.017272949
W 126.124153137 21.517116547 8.300825119
W 87.245552063 -148.159866333 40.583534241
W 183.717391968 -134.638702393 286.150909424
W 2822.229248047 -8708.944335938 16350.969726562
W 100.201072693 -119.191650391 16.140739441
W 238.880462646 41.059394836 254.146530151
W 58.105445862 -159.835540771 85.452323914
W 190.104690552 -5.480586529 302.040588379
W 302.320007324 -0.929841220 88.681831360
W 24.493757248 -62.832630157 234.455612183
W 152.564361572 67.632698059 37.353672028
W 115.264701843 -97.324790955 -0.577900171
W 198.526382446 21.445251465 8.948460579
W 243.913543701 51.529167175 55.862846375
W 222.073333740 99.175750732 145.000381470
W 23716.617187500 -8085.570800781 -25766.398437500
W 22.777265549 -24.364868164 66.177253723
W 240.326492310 71.588516235 218.252136230
W 10.180487633 -14.017944336 100.097312927
W -11467.905273438 -46973.511718750 6000.705078125
W 234.873733521 -16.446228027 288.442016602
W 105.485649109 10.170594215 9.071293831
W 7.847276688 -1.907320499 179.995040894
W 288.866394043 -42.097534180 51.401092529
W 279.051971436 -63.901622772 234.642700195
W -2791.492919922 6225.956054688 6260.177246094
W 256.328765869 34.084251404 248.969223022
W 58.339614868 -25.184196472 270.759704590
W 211.591995239 -125.908088684 65.621681213
W 79.305625916 37.272079468 42.300949097
W 173.785247803 77.750083923 246.944244385
W 286.009796143 -61.409358978 252.926010132
W 177.178329468 52.903804779 272.863647461
W 301.545013428 16.100032806 183.071212769
W 68.810668945 71.075843811 206.294479370
W 297.837890625 -110.529373169 208.954681396
W 129.144729614 63.837585449 247.693756104
W 171.232421875 109.354331970 170.436279297
W 44.157295227 -62.434638977 257.201904297
W 181.455871582 -88.268867493 306.261871338
W -882.797607422 -48149.312500000 -11764.333984375
W 222.874862671 72.829414368 231.707351685
W 140.827514648 -12.841563225 251.607772827
W 225.901794434 -120.202919006 280.152770996
W 161.979217529 -80.905883789 -11.067732811
W 141.356781006 21.887010574 230.188293457
W 279.843719482 -68.170883179 41.903270721
W -32921.996093750 -25443.468750000 -29461.861328125
W 19.296024323 -115.616935730 101.881355286
W 72.802024841 81.958496094 181.797912598
W 81.370925903 10.673343658 20.725011826
W 321.322082520 -53.764415741 133.014297485
W 305.831054688 -120.645233154 148.434661865
W 95.769073486 -69.187583923 1.176659584
W 171.084075928 -125.128608704 3.142690659
W 55.745452881 -166.311553955 187.469680786
W 110.680343628 -178.416671753 232.556228638
W 51.878440857 -66.071983337 267.427978516
W -1201.111206055 -7312.511230469 2393.847900391
W 180.363296509 18.005340576 294.421844482
W 198.441009521 100.438529968 104.942070007
W 3659.500732422 -3248.674560547 -700.153686523
W 120.343330383 -201.128051758 107.043998718
W 206.344299316 -175.593307495 239.091094971
W 257.080108643 53.197322845 71.436614990
W 122.999893188 -62.341186523 307.574218750
W 142.921218872 98.562545776 87.931938171
W 306.413665771 -108.255187988 128.487564087
W 18277.654296875 -6220.641113281 -26590.324218750
W 122.996192932 -9.718528748 -3.495875120
W 156.963226318 -39.749546051 153.763656616
W -6286.256347656 -1745.671997070 1646.460571289
W 163.060012817 -161.488449097 265.237060547
W -2872.201904297 -2248.751464844 -408.494628906
W 279.000671387 -93.115943909 47.740718842
W 110.799125671 -191.381744385 207.969970703
W 263.395874023 49.652702332 166.479141235
W 225.386535645 -150.528762817 38.544052124
W 288.733032227 -138.587936401 189.418411255
W 41.566158295 -107.141990662 241.133285522
W 177.163146973 -52.981159210 311.778442383
W 46.597900391 26.290441513 61.519088745
W 308.483245850 -35.518115997 84.519462585
W 279.080444336 2.153455496 223.724533081
W 256.641693115 -99.841232300 218.580307007
W 149.436584473 -207.217269897 181.707031250
W 123.123298645 -172.708145142 47.455219269
W 237.480072021 -180.476776123 204.085266113
W 277.728576660 58.363842010 175.324295044
W 286.691131592 -148.130920410 171.474349976
W 291.314483643 41.430271149 127.892852783
W 269.376739502 -167.931045532 163.672531128
W 66.542839050 81.843208313 142.296218872
W 199.353897095 -199.098724365 196.084976196
W 93.903022766 75.832824707 225.634353638
W 317.279968262 -15.097603798 160.344360352
W 149.562652588 -138.961593628 283.895080566
W 68.857521057 -182.430709839 163.404861450
W 49.989974976 5.081214428 251.451446533
W 61.066345215 -128.089660645 67.449249268
W 101.940307617 -84.069259644 296.209350586
W 219.923202515 94.565834045 106.850273132
W 211.339065552 -203.721954346 150.675628662
W 118.564521790 -95.738464355 292.466003418
W 308.534301758 -28.336448669 211.684555054
W 12.655541420 -115.146934509 139.624984741
W 90.507339478 34.416137695 29.102527618
W 196.414596558 -193.600082397 81.664573669
W 204.620452881 -121.420120239 9.394299507
W 3272.708984375 7750.297851562 10526.237304688
W 147.646804810 -210.228607178 163.939315796
W 267.347625732 27.525362015 221.251037598
W 20.079002380 30.962600708 150.402847290
W 195.704315186 -67.989402771 -8.702589989
W 305.593292236 -114.548263550 176.960617065
W 64.228462219 53.819850922 210.613281250
W 2263.751220703 -4435.010253906 -1135.104614258
W -18246.132812500 23212.769531250 18947.367187500
W 302.974914551 16.986164093 114.692680359
W 103.229461670 -0.514551222 291.345306396
W 144.065155029 69.846641541 257.375427246
W 280.319244385 -157.240432739 134.680541992
W 309.299163818 -89.724037170 197.876663208
W 44.436550140 13.152311325 56.184314728
W 159.102264404 -26.387613297 309.540802002
W 136.693984985 36.389244080 284.902709961
W 228.653137207 82.236251831 87.281028748
W 205.386337280 12.975706100 291.286621094
W 247.520690918 -185.995391846 140.855514526
W 211.563232422 96.491363525 190.210830688
W 222.118026733 28.207736969 21.407804489
W 121.305320740 -52.219455719 304.167205811
W 294.900878906 36.457298279 176.470001221
W 132.949798584 -118.746688843 293.438598633
W 110.363082886 -164.968414307 250.324127197
W 275.138183594 -44.222675323 265.177459717
W -149.327072144 -4656.645996094 -1944.030761719
W 293.845977783 -12.928552628 63.940753937
W 43.510623932 -160.086624146 165.549057007
W 144.633193970 -93.451309204 -7.110559940
W 263.172698975 -29.125535965 253.487808228
W 132.483917236 -42.401844025 -8.159900665
W 154.068603516 -103.819702148 302.078521729
W 85.347106934 -54.103965759 291.689880371
W 68.688865662 -98.395362854 151.250289917
W 195.375167847 -88.946769714 -5.584799290
W 133.740982056 -187.231033325 228.901596069
W 254.854843140 -133.751113892 46.598522186
W 93.019912720 -189.418563843 195.624526978
W 104.501342773 85.754119873 159.408859253
W 161.530090332 -81.988571167 308.685394287
W 173.843643188 73.365783691 148.342697144
W -4060.530029297 22694.919921875 -53891.886718750
W 298.259704590 -38.850666046 234.045288086
W 222.329605103 -7.041933537 5.112938404
W 216.094726562 -16.763959885 297.007080078
W 178.542663574 -23.952356339 308.956054688
W 180.122909546 -202.659576416 151.133087158
W 152.030105591 -203.620788574 198.256713867
W 12.560787201 -65.888313293 81.963653564
W 74.302093506 -7.890832424 278.308959961
W 36.454376221 8.487209320 77.407310486
W 113.095664978 82.856933594 70.334861755
W 282.889282227 -138.509155273 206.913711548
W 47.614982605 50.843177795 91.787879944
W 40.141387939 -147.848937988 190.463790894
W 72.345138550 -38.180171967 282.614898682
W 21.317277908 4.499770164 211.282180786
W 65.269927979 -96.955307007 270.363769531
W 292.593017578 -22.684583664 78.088874817
W 191.970428467 68.049682617 43.467933655
W 142.799377441 -156.471038818 27.374845505
W 23.668313980 3.821829557 77.907981873
W 33658.488281250 15514.297851562 4024.465576172
W 1337.130981445 -4040.552490234 -3456.550537109
W 17.842548370 -27.870635986 221.691177368
W 155.158798218 111.499534607 152.026855469
W 199.478057861 -190.390335083 218.478393555
W 89.040885925 59.680553436 53.545410156
W 289.851135254 -102.422859192 67.874725342
W 207.149154663 -96.856475830 297.764099121
W 35.289672852 -76.673393250 47.688037872
W 67.489120483 72.551795959 101.364006042
W 117.691291809 -191.663391113 82.501373291
W 187.521209717 -175.412200928 247.624496460
W -1058.443603516 -3.925538778 934.860290527
W 38.031276703 -148.665664673 109.452499390
W 315.428894043 -64.079650879 102.988533020
W 56.496978760 -100.474487305 35.780117035
W 111.740814209 24.867395401 284.418151855
W 304.987030029 20.700540543 139.930450439
W 97.870971680 -174.345336914 63.857284546
W 56.171188354 -31.187429428 24.197923660
W 153.892272949 -119.637336731 -0.545144916
W 96.544494629 -197.655700684 128.904418945
W 93.994743347 -186.877258301 92.170845032
W 63.989681244 44.828723907 59.710147858
W 307.893127441 15.294847488 155.662261963
W -2506.018798828 -12549.230468750 6535.131835938
W 87.670700073 14.157980919 277.776885986
W 42.946063995 -129.720230103 224.431854248
W 226.290542603 36.295589447 124.969879150
W 318.522125244 -29.247987747 121.028060913
W 1721.222778320 7162.219238281 4797.043457031
W 159.192443848 -119.946670532 178.277008057
W 21.508308411 -107.559547424 206.381225586
W 222.007217407 53.273227692 42.054046631
W 234.651947021 -106.615097046 16.268232346
W 25.027202606 29.270845413 194.272354126
W 140.506805420 -17.178569794 306.713287354
W 240.810119629 11.730870247 275.111816406
W 207.445327759 -18.676776886 4.117796898
W 285.588836670 -59.446388245 154.841186523
W 71.051803589 -183.127853394 127.337898254
W 81.349288940 85.297805786 156.190780640
W 49.840106964 -141.022445679 69.677742004
W 151.461502075 -0.583478272 -4.985634327
W 183.802963257 -51.382347107 180.053085327
W 54.241634369 -171.610763550 144.716918945
W 203.440093994 -152.978912354 266.820831299
W 130.712661743 -166.107131958 257.044982910
W 228.223007202 -45.683624268 1.621436715
W 163.660980225 39.954917908 15.045169830
W 9.360380173 -80.681098938 197.460052490
W 34.772243500 48.262672424 177.656768799
W 38.082317352 -68.114669800 132.984497070
W 252.997177124 -78.427078247 19.285383224
W 30.662929535 -62.364761353 64.967140198
W -1.535943747 -40.423107147 150.694671631
W -16944.855468750 -24854.416015625 19199.771484375
W 188.658065796 -116.209854126 267.325347900
W 260.654998779 -169.155975342 190.532135010
W 153.325210571 89.699295044 67.558555603
W -1992.724121094 -5186.528808594 -3631.968505859
W 237.656753540 -154.273239136 239.545333862
W 67.253890991 -20.325059891 37.013607025
W 35.868877411 -133.867385864 206.942367554
W 315.535736084 -85.776550293 175.296051025
W 1.144310474 -48.316013336 178.791748047
W 315.401184082 -57.104202271 194.045181274
W 187.191986084 -141.134368896 16.333362579
W 65.957450867 -83.502342224 20.079082489
W 252.467163086 -22.386396408 279.263244629
W 316.920318604 -82.171226501 121.975372314
W 115.182708740 -205.642013550 159.689010620
W 204.234115601 -123.818298340 287.588317871
W 169.094345093 -192.210693359 71.525199890
W 296.648254395 -67.752426147 63.911640167
W 117.358703613 -203.343627930 140.682708740
W 78.434478760 84.657257080 114.049110413
W 289.699432373 31.285581589 98.206733704
W 147.721038818 92.357856750 222.703369141
W 236.161499023 -181.887725830 89.452980042
W 164.738403320 -120.493209839 295.218750000
W 292.069519043 27.125648499 204.448196411
W 172.037399292 -169.541290283 257.502838135
W 75.480384827 -165.031036377 70.000000000
W 225.521575928 -197.885940552 127.509902954
W 176.938598633 -48.236942291 -13.590400696
W 98.242973328 -15.080903053 2.730683327
W 10.784000397 -34.417003632 88.500183105
W 13.800935745 -8.753244400 165.978576660
W 209.113357544 66.598587036 248.314407349
W 253.822982788 -163.349349976 77.956771851
W 73.095077515 -174.941680908 200.950576782
W 27.620651245 -51.500434875 53.246459961
W 154.332382202 -199.844696045 89.211608887
W -1526.126464844 2329.856445312 4535.318847656
W 139.454910278 53.362270355 271.824615479
W -11564.213867188 32432.298828125 -2830.007812500
W 214.781188965 -99.644989014 3.715145826
W 10.988123894 1.811999321 117.500679016
W 48.148414612 64.740959167 137.232971191
W 296.191802979 -134.734756470 128.951431274
W 171.752944946 -53.366153717 292.689880371
W 200.221099854 48.664840698 28.189279556
W 28.940372467 -14.490291595 235.093994141
W 8316.756835938 3016.142822266 -5049.604492188
W 179.553451538 -211.904617310 158.816070557
W 73.263977051 -62.252605438 12.111291885
W 230.112243652 -87.769546509 290.700073242
W 312.095184326 -7.031143665 114.121017456
W 253.491744995 57.190818787 225.876922607
W 121.147155762 100.802825928 190.401672363
W 121.084152222 -122.159873962 7.155656338
W 122.372467041 72.133041382 218.440917969
W 140.132385254 -186.220108032 64.471656799
W 156.375259399 -182.271301270 54.309364319
W 162.025909424 -164.198547363 32.644279480
W 24.101242065 -134.082305908 124.856468201
W 176.412231445 104.253852844 191.192001343
W 250.711288452 82.012062073 167.848770142
W 219.083984375 -140.979446411 26.981107712
W 76.005668640 66.255043030 75.536148071
W 222.748931885 92.339302063 122.437705994
W 230.331726074 -194.819351196 165.342880249
W 65.156585693 -144.761779785 237.766784668
W 116.011901855 89.834480286 217.091857910
W 3862.711425781 -4552.971679688 -404.413269043
W 247.482818604 -182.857910156 173.290557861
W 54.253723145 32.041027069 238.691955566
W 200.840774536 -45.805130005 305.088439941
W 173.976165771 94.501480103 217.223358154
W 305.340118408 -107.778579712 106.305297852
W 209.086837769 91.250442505 209.036834717
W 197.746566772 -170.695846558 46.452575684
W -10785.467773438 8398.606445312 -11747.962890625
W 72.264152527 -68.365798950 282.202758789
W 210.723052979 29.013099670 279.791809082
W 24.661670685 -90.489868164 226.130035400
W 165.542312622 110.034568787 127.001129150
W 106.153961182 95.095207214 103.132446289
W 197.881256104 -4.687302589 -2.782907248
W -9077.152343750 4247.401367188 -7817.000488281
W 97.881996155 100.213508606 154.197128296
W 57.026218414 -168.335571289 110.421356201
W 101.109931946 -40.659912109 298.989624023
W 251.232467651 -104.258529663 272.076568604
W 10.724164963 -106.505477905 170.598846436
W 190.983139038 108.424682617 146.113418579
W 293.233001709 -123.061828613 93.041656494
W 180.601501465 -159.817306519 30.462907791
W 282.441925049 -123.570899963 226.927337646
W 261.292053223 67.935852051 192.878936768
W 34.335559845 -41.811679840 248.860107422
W 230.294860840 -71.148994446 3.738137245
W 279.489135742 -143.507171631 90.833633423
W 22867.597656250 -27782.923828125 35289.410156250
W 39.265800476 36.874591827 93.655342102
W -7744.670410156 902.663146973 4707.452148438
W 2423.808837891 -6024.790039062 -1266.506713867
W 229.039794922 71.085678101 67.920860291
W 222.086532593 -190.938934326 196.587173462
W 23.773706436 -127.632347107 183.349624634
W 107.876197815 58.071239471 258.045318604
W 307.399719238 -3.205709696 197.090469360
W 64.924446106 -131.253738403 250.882720947
W 122.103454590 -200.650985718 192.173629761
W 58.998863220 4.978126526 34.570552826
W 274.030944824 -1.604633689 254.671188354
W 231.745849609 32.899501801 268.178009033
W -5604.229492188 3536.199462891 -133.565505981
W 109.037788391 55.677005768 38.244903564
W 208.016906738 -40.670089722 -6.541030407
W 42.147956848 19.194396973 234.073013306
W 221.474594116 -193.678817749 101.399070740
W 161.479125977 -103.955268860 30.764963150
W 229.749954224 94.058212280 166.394989014
W 252.561523438 -53.738292694 16.074226379
W 136.020507812 107.861175537 170.643218994
W 146.020767212 67.605659485 102.870117188
W 119.696090698 -101.527427673 145.319442749
W 220.678359985 -44.889533997 299.946502686
W 64.790298462 -116.210189819 250.081817627
W 122.919944763 39.010486603 19.584077835
W 17793.908203125 34577.226562500 16490.052734375
W 274.509948730 -12.315922737 40.125286102
W 112.918045044 -144.565383911 23.913675308
W 140.642745972 108.203796387 122.867958069
W 17.938385010 -53.681129456 203.710494995
W 271.486785889 -103.285530090 253.353622437
W 258.615081787 -161.247802734 212.481552124
W 147.656478882 76.301361084 52.524658203
W 84.666275024 -181.804016113 175.554977417
W 307.345428467 -58.470249176 216.837707520
W 302.873779297 -88.206809998 83.358169556
W 149.079238892 17.002759933 286.624786377
W 205.817092896 -97.681037903 57.712833405
W 253.915573120 -99.560661316 26.689571381
W 149.920486450 21.100000381 3.926089764
W 24.156511307 -93.491744995 71.033721924
W 34.046020508 -150.124496460 139.383560181
W 203.604187012 103.573089600 170.865066528
W 114.708587646 -81.369476318 -3.681193829
W 235.838607788 82.812309265 198.657485962
W 205.981246948 -179.536132812 60.715950012
W 273.235107422 11.128230095 55.006332397
W 319.719665527 -25.412504196 143.932693481
W 184.274261475 60.951236725 257.806060791
W 157.490631104 -194.327545166 219.061492920
W 180.779418945 -76.928283691 134.895553589
W -2929.502685547 26924.615234375 -34403.515625000
W 69.020057678 -157.934204102 224.990692139
W -2470.708740234 -4453.982910156 -143.181900024
W 275.114196777 28.463346481 66.096305847
W 39.231288910 31.718570709 204.072540283
W 267.891204834 -79.879669189 267.518951416
W 111.591484070 -139.809753418 274.255920410
W 8851.154296875 -547.914245605 -2131.993896484
W 30.814016342 -123.800079346 85.006103516
W 143.654617310 -65.895843506 309.676452637
W 253.091751099 -150.069824219 60.733703613
W 245.470565796 86.765449524 133.252578735
W 6890.596679688 7889.057617188 15059.324218750
W 85.494926453 -170.986648560 224.255752563
W 319.872283936 -47.651733398 174.362487793
W 259.755157471 -113.902908325 38.470615387
W 321.118804932 -65.935951233 156.891632080
W 77.645362854 54.829879761 237.845932007
W 36.910511017 53.332149506 149.237808228
W 229.292907715 -113.003677368 109.718055725
W 266.797210693 -45.119262695 27.001827240
W 315.302398682 -96.502670288 147.369338989
W -5276.678222656 -2016.113281250 4833.968261719
W 198.808029175 -204.779937744 176.448974609
W 161.302963257 28.760164261 291.435791016
W 222.386886597 -53.283424377 61.368492126
W 277.892425537 -125.893211365 67.487731934
W 249.707824707 -158.926315308 229.698928833
W -16615.033203125 5244.891601562 3362.921386719
W 276.009429932 44.082851410 214.502197266
W 122.794845581 -55.330196381 -9.702356339
W 253.157943726 77.037063599 113.003227234
W 308.682159424 -54.411758423 85.019805908
W 97.986701965 -119.997299194 98.473052979
W 81.241455078 -185.750656128 110.727790833
W 192.687225342 -206.660720825 123.863029480
W 22.062326431 -132.936431885 158.396041870
W 3.474167585 -90.028465271 139.400665283
W 135.824005127 82.183143616 239.932815552
W -4838.027832031 4415.991210938 -1228.144409180
W 260.569519043 -23.710157394 24.361417770
W 135.305023193 4.610044003 300.292083740
W 92.580329895 -197.175140381 156.601119995
W 149.063537598 53.484878540 25.175340652
W 265.365203857 -132.678588867 240.900604248
W 22.250246048 29.622413635 124.002723694
W 82.126838684 -123.077407837 269.353942871
W 125.478561401 98.486358643 94.472541809
W 88.390747070 -41.424610138 3.248758078
W 208.065643311 -68.025642395 303.205474854
W 250.346054077 -166.109725952 104.601402283
W 157.864151001 -184.680450439 237.930206299
W 0.809855878 -74.965087891 159.246841431
W 2360.918212891 3515.705078125 -917.680786133
W 174.925872803 76.742958069 49.925464630
W 239.879867554 -4.776673794 14.723856926
W 148.925262451 102.759010315 198.565383911
W 142.763931274 -154.059738159 271.717864990
W 206.288604736 50.136634827 267.017211914
W 88.645004272 -108.207160950 15.158587456
W 273.821014404 58.824840546 113.413879395
W 211.055374146 -184.812835693 122.472061157
W 194.046234131 86.626167297 226.775802612
W 53.159805298 -117.564048767 45.107295990
W 108.331504822 -19.644205093 298.298706055
W 184.567733765 37.312160492 15.065672874
W 38.060993195 -22.732509613 44.910972595
W 169.633987427 99.271179199 87.196624756
W 175.185333252 5.560117722 -2.529386282
W -10404.297851562 9524.975585938 2175.164062500
W 73.493408203 22.571630478 264.019805908
W 49.091289520 -54.481285095 29.824005127
W 10148.637695312 4600.558105469 -117.556869507
W 114.270614624 -138.435562134 73.396057129
W 314.880157471 -16.922273636 181.433853149
