533

A 246.271652222 -35.104370117 88.883018494
A 67.038795471 -122.534767151 265.197692871
A 217.730743408 -94.800384521 288.923004150
A 179.042861938 -195.883117676 180.956649780
A 274.133850098 -27.363941193 209.948501587
A 283.229827881 -63.425003052 190.767181396
A 205.451721191 -143.067428589 203.575042725
A 201.389678955 -71.653488159 288.106536865
A 217.453323364 -3246.695800781 -30956.621093750
A 280.593994141 -90.940544128 171.630935669
A 77.156784058 0.913583457 82.820968628
A 206.553848267 -51.429794312 256.734039307
A 202.675460815 -183.263198853 141.542221069
A 254.057159424 -17.897611618 245.797668457
A 44.784320831 -31.019327164 98.003700256
A 2128.854736328 -490.828186035 4697.307617188
A 166.247482300 -87.166015625 307.187286377
A 121.843101501 -181.831558228 237.328735352
A 62.663925171 -113.396926880 183.065628052
A 206.038284302 14.949577332 84.876304626
A 151.882827759 61.711147308 212.905975342
A 279.464355469 -90.285423279 194.711837769
A 141.307769775 -90.195426941 307.749938965
A 3877.817138672 2924.623779297 3.324391603
A 193.944793701 23.705410004 265.849914551
A 199.236099243 -189.239562988 195.645385742
A 219.635528564 -4.268878460 272.570068359
A 278.880157471 -46.589412689 207.845611572
A 265.157440186 -127.279251099 153.657501221
A 122.985954285 -34.988788605 63.346733093
A 135.527038574 57.098773956 123.688369751
A 277.970520020 -67.365852356 214.401748657
A 278.168823242 -37.279281616 151.477966309
A 205.851516724 -172.970764160 233.494827271
A 262.116729736 -126.708923340 212.536407471
A 56.175636292 -122.844512939 96.552322388
A 163.520690918 -2.108443737 292.042388916
A 65.088966370 36.149696350 188.266052246
A 275.598205566 -85.037834167 135.738220215
A 21.471340179 -67.870697021 204.255615234
A 245.690734863 -93.148345947 86.199722290
A 79.574012756 -65.219276428 60.133384705
A 95.223548889 10.761394501 78.653968811
A 180.937179565 -164.212493896 262.305236816
A -723.829101562 243.804046631 183.038650513
A 192.721237183 -8.813772202 61.971996307
A -29826.082031250 39408.953125000 25046.679687500
A 131.930618286 61.333477020 210.103302002
A 94.065216064 35.193256378 243.089843750
A 91.171859741 -100.297515869 180.438369751
A 41.810852051 13.468390465 171.329818726
A 31.826290131 -38.877895355 114.647048950
A 60.188343048 -96.223182678 77.756629944
A 83.409141541 -135.245727539 269.816650391
A 161.761871338 64.469268799 197.953872681
A 134.773223877 -195.910934448 206.157806396
A 96.433776855 33.188251495 101.772148132
A 58.559486389 -165.645339966 185.388275146
A 49.532600403 -136.872024536 230.895523071
A -41008.304687500 10113.674804688 -31621.699218750
A 76.109054565 -47.230693817 63.285408020
A 149.544738770 -63.034790039 309.936157227
A 77.956954956 -112.958366394 278.242492676
A 112.196006775 -170.416305542 250.865295410
A 47.430015564 -154.339416504 172.976348877
A 209.620407104 -142.244842529 83.358497620
A 161.911483765 67.325080872 181.251251221
A 237.898681641 -163.835189819 154.095825195
A 244.292007446 -155.538116455 203.773681641
A 272.348236084 -116.927383423 176.476226807
A 270.786834717 -53.727989197 120.575714111
A 244.874679565 -107.879173279 138.172073364
A 232.739425659 -148.006240845 111.100708008
A 57.195922852 25.365169525 208.373977661
A 67.029434204 -161.165161133 224.985122681
A 36.249465942 -99.585128784 110.623085022
A 210.010589600 -23.061788559 64.040679932
A 177.575317383 -125.899154663 292.343566895
A 213.303359985 12.641861916 263.928344727
A 133.399658203 8.519190788 63.582077026
A 2526.954101562 -7734.855957031 14542.783203125
A 200.835617065 -7.966009617 285.110626221
A 86.515785217 -145.257858276 88.431022644
A 235.373474121 25.762857437 224.570755005
A 124.818359375 -103.275062561 48.588310242
A 32.244903564 -109.800956726 225.834655762
A 261.165802002 -54.768123627 103.312919617
A 153.976028442 -161.819503784 269.436706543
A 187.564880371 -26.733575821 298.574798584
A 117.261978149 -124.884384155 291.933166504
A 81.119361877 -149.668441772 254.345504761
A 100.777206421 -190.415313721 177.620346069
A 24366.716796875 -8306.808593750 -26470.623046875
A 262.405242920 -87.709968567 242.938201904
A 84.784019470 -167.796295166 116.229400635
A 273.578948975 -95.210739136 215.072052002
A -12234.316406250 -50144.933593750 6410.060546875
A 88.575553894 -95.574401855 58.531314850
A 194.317153931 -117.797058105 291.017150879
A 273.889282227 -104.862419128 145.265731812
A 44.833625793 -75.128585815 258.964660645
A 40.522567749 -53.803787231 100.003898621
A -1633.348510742 3758.506591797 3878.524658203
A 72.022682190 -135.030227661 90.101776123
A 235.054763794 -85.653289795 75.081336975
A 98.039207458 14.210921288 259.024841309
A 217.794357300 -137.445953369 264.736083984
A 138.049850464 -172.354766846 95.438713074
A 46.977985382 -56.877590179 86.711532593
A 135.451095581 -149.667098999 71.202011108
A 29.010620117 -119.135429382 145.683776855
A 222.952056885 -167.597091675 128.552764893
A 34.245296478 -15.041281700 126.656875610
A 180.751846313 -164.724822998 90.760643005
A 142.073974609 -198.629684448 155.493606567
A 247.693817139 -56.687438965 86.082031250
A 130.614059448 -32.790298462 44.915126801
A -944.049316406 -51495.675781250 -12570.227539062
A 98.735145569 -167.611541748 105.238189697
A 171.905487061 -102.490928650 64.473777771
A 93.390487671 -8.813466072 67.086807251
A 146.683105469 -42.600875854 307.446075439
A 170.236785889 -144.340057373 89.310821533
A 51.246208191 -49.853412628 266.879516602
A -35310.511718750 -27295.527343750 -31601.716796875
A 266.898803711 -12.305440903 214.499267578
A 221.895385742 -173.801589966 147.882736206
A 214.185607910 -117.079910278 280.890960693
A 15.007862091 -62.095626831 186.757766724
A 29.289838791 -6.409962177 172.209411621
A 204.832885742 -49.966110229 297.743530273
A 136.595291138 -4.895288944 294.354461670
A 236.105270386 29.893692017 141.744735718
A 192.109298706 40.016201019 105.406188965
A 236.605575562 -52.909542084 75.096916199
A -520.099609375 -3673.568847656 1285.874145508
A 131.319900513 -122.188484192 54.159694672
A 119.771125793 -191.424285889 214.177902222
A 581.015991211 -467.340179443 66.145820618
A 182.983230591 58.590503693 208.383346558
A 109.889640808 39.201114655 101.061462402
A 69.709915161 -152.013961792 240.106613159
A 182.209625244 -50.439910889 45.314563751
A 163.411636353 -191.626602173 227.378829956
A 26.453521729 -15.896014214 192.226013184
A 18538.337890625 -6307.743164062 -26940.886718750
A 179.897613525 -100.249153137 301.952270508
A 164.747558594 -87.534065247 166.867126465
A -2517.251464844 -750.072937012 800.981323242
A 148.217315674 24.974491119 76.439033508
A 56.566757202 -133.541610718 158.806625366
A 51.290851593 -30.245273590 260.164154053
A 190.521728516 51.075359344 124.160346985
A 58.534904480 -160.870071411 158.571014404
A 95.993469238 19.974411011 266.047943115
A 41.702945709 5.511501312 142.304595947
A 249.896331787 -18.884710312 99.534698486
A 133.628250122 -63.509841919 40.072872162
A 241.412338257 -131.674591064 247.596389771
A 26.040863037 -80.388572693 226.566772461
A 43.337200165 -112.574645996 108.585968018
A 53.594367981 -15.559385300 106.145446777
A 157.472137451 65.107063293 147.983825684
A 176.880493164 35.610866547 257.910095215
A 85.327095032 41.166461945 128.459045410
A 51.921489716 -155.513717651 146.479232788
A 45.837738037 16.288852692 154.764190674
A 39.740074158 -142.404373169 192.388259888
A 60.846031189 32.874626160 161.561447144
A 228.771667480 -173.655593872 182.254531860
A 117.935188293 57.315208435 135.172439575
A 206.351440430 -169.305541992 112.477012634
A 18.813079834 -96.046379089 164.655899048
A 161.222076416 7.330904007 63.793067932
A 226.409622192 43.362834930 163.962463379
A 239.775482178 -111.985961914 88.247772217
A 237.706817627 2.572696686 249.831832886
A 199.647964478 -39.351184845 54.446903229
A 102.037956238 -186.126800537 213.747375488
A 107.458496094 60.549114227 170.978179932
A 184.889297485 -28.133478165 52.077323914
A 27.181602478 -82.699279785 122.273345947
A 272.647460938 -12.142303467 184.754089355
A 205.727005005 -135.046783447 275.895172119
A 121.866477966 51.814952850 229.359603882
A 114.067993164 -8.393489838 292.268615723
A 2579.484130859 6015.961914062 8234.777343750
A 160.943298340 66.590339661 163.263809204
A 56.815055847 -136.183181763 110.089179993
A 263.578125000 -135.326263428 175.642639160
A 120.819381714 -51.797405243 305.907104492
A 28.935178757 -11.991014481 151.231246948
A 234.701599121 -155.815979004 126.880058289
A 498.100585938 -787.366027832 -38.023437500
A -18669.658203125 23769.955078125 19405.021484375
A 29.434869766 -121.023674011 204.175582886
A 199.623016357 -107.027770996 57.192897797
A 157.623275757 -165.377960205 85.366233826
A 50.152378082 22.656093597 186.591049194
A 26.266246796 -32.806427002 134.066879272
A 246.228073120 -115.074516296 254.435302734
A 152.380081177 -85.772010803 41.892154694
A 172.593261719 -136.614715576 62.794879913
A 93.109298706 -175.632080078 228.863296509
A 110.668060303 -117.546554565 58.097297668
A 77.967384338 45.967163086 179.569549561
A 108.205505371 -188.745101929 139.859451294
A 100.324043274 -130.972976685 281.736938477
A 182.320861816 -67.948699951 46.044689178
A 37.047344208 -137.265869141 152.349380493
A 174.082794189 -8.131948471 56.149776459
A 192.852447510 28.281887054 89.656280518
A 57.369674683 -68.116729736 76.803520203
A 105.775627136 -848.244750977 -178.705932617
A 41.281391144 -99.943717957 249.165374756
A 247.636764526 24.881219864 161.106552124
A 163.147628784 -34.805664062 305.888702393
A 55.127937317 -83.373870850 83.329917908
A 171.537170410 -71.664192200 307.191253662
A 158.813934326 -21.319911957 48.215358734
A 211.352676392 -61.894599915 57.223163605
A 254.399337769 -11.854942322 169.557952881
A 123.468254089 -34.967514038 303.876403809
A 173.041366577 48.147071838 108.073959351
A 70.869972229 2.041487694 261.330474854
A 205.041641235 49.488330841 135.432739258
A 196.819458008 -187.589904785 161.555313110
A 151.031173706 -37.912818909 43.878856659
A 136.250228882 -190.718002319 175.185287476
A -4411.506835938 24664.853515625 -58561.238281250
A 36.096328735 -77.936004639 102.799072266
A 99.064414978 -104.132202148 294.040100098
A 103.785682678 -94.563735962 51.802886963
A 133.818115234 -90.575897217 44.080429077
A 133.137145996 65.829414368 177.187789917
A 157.344833374 60.914611816 132.909790039
A 271.432830811 -52.089515686 230.684753418
A 222.005462646 -99.690277100 68.450065613
A 255.860946655 -116.597816467 237.687850952
A 187.514160156 -175.910186768 242.403915405
A 50.124374390 9.608191490 127.113479614
A 240.753570557 -151.601821899 224.648696899
A 249.507080078 16.292535782 139.235916138
A 223.758819580 -76.030548096 64.805679321
A 264.202117920 -110.154502869 122.087730408
A 228.176528931 -28.833593369 73.622650146
A 33.078182220 -92.079978943 237.266036987
A 124.740242004 -161.930709839 266.241607666
A 165.426330566 20.216104507 276.620147705
A 263.870880127 -107.317451477 231.498016357
A 34754.531250000 16021.302734375 4168.879882812
A 442.360473633 -1044.620971680 -694.189270020
A 267.298583984 -83.279266357 114.733154297
A 156.222442627 -200.132629395 172.171051025
A 115.726684570 50.210517883 116.797897339
A 207.353851318 -158.214218140 254.688888550
A 42.011085510 -21.358837128 242.278106689
A 109.591674805 -27.981975555 50.971115112
A 251.292434692 -42.634902954 259.002288818
A 226.966598511 -168.009155273 216.030899048
A 182.701782227 51.859287262 228.542098999
A 126.527404785 38.850486755 93.745704651
A 36.571605682 -62.406894684 247.595031738
A 251.208999634 15.200391769 208.088088989
A 21.327768326 -50.764865875 212.431930542
A 236.988296509 -27.493162155 270.548370361
A 192.621170044 -128.907165527 65.062690735
A 28.029088974 -125.041450500 183.668884277
A 200.473937988 38.863346100 243.056198120
A 236.505294800 -78.814338684 277.453887939
A 154.327087402 -12.256882668 300.515838623
A 201.718109131 55.831661224 193.739303589
A 203.040969849 47.524307251 221.604354858
A 228.968566895 -145.121490479 249.742935181
A 25.199424744 -118.509803772 168.414291382
A -1974.214111328 -10078.453125000 5292.199707031
A 210.791839600 -119.198486328 69.522506714
A 247.974197388 -0.470552087 111.899055481
A 80.311828613 -162.775344849 204.279098511
A 18.180297852 -86.462371826 198.155670166
A 1051.113159180 4094.304443359 2852.722412109
A 150.849578857 25.030982971 134.037048340
A 265.119232178 -18.352228165 127.531387329
A 98.903190613 -152.241027832 265.262573242
A 88.132308960 -18.632057190 286.911590576
A 260.537628174 -130.879211426 137.104064941
A 168.806747437 -91.299278259 44.528331757
A 83.312408447 -115.607719421 69.789924622
A 110.605476379 -90.201980591 301.160614014
A 22.767297745 -55.173419952 164.744766235
A 224.117645264 44.522956848 190.714630127
A 218.892333984 -179.996536255 167.803741455
A 243.341476440 9.336683273 237.510452271
A 157.135879517 -105.979698181 302.789093018
A 116.141357422 -64.573341370 119.955986023
A 238.254898071 33.980739594 179.605331421
A 114.098350525 20.965513229 79.327392578
A 173.667938232 31.709758759 86.426567078
A 93.495849609 -70.954162598 297.885223389
A 147.143341064 -140.552215576 287.500244141
A 273.720581055 -38.951206207 134.144973755
A 251.024139404 -149.327377319 152.660552979
A 273.584197998 -50.237472534 190.228591919
A 72.343536377 -42.934062958 283.781341553
A 262.697540283 -54.813358307 246.016372681
A 282.995635986 -72.372917175 172.746994019
A -17373.968750000 -25512.798828125 19711.080078125
A 123.186935425 -2.037147284 63.207977295
A 66.666168213 32.772216797 141.072738647
A 154.690902710 -180.861572266 244.728744507
A -703.564697266 -2133.088623047 -1341.313354492
A 85.207046509 21.923547745 96.656242371
A 234.338531494 -95.242958069 274.315673828
A 253.537582397 3.314176083 126.285453796
A 21.151462555 -33.876544952 151.728820801
A 280.547424316 -67.039283752 151.182937622
A 20.383907318 -60.238101959 136.507781982
A 128.622634888 10.415549278 283.608795166
A 228.630981445 -38.863929749 281.715270996
A 74.666893005 -88.578956604 66.498321533
A 19.767616272 -38.309608459 197.855468750
A 186.606460571 62.250831604 162.737060547
A 110.873146057 -4.630670547 60.597122192
A 140.632339478 49.627769470 239.857925415
A 38.333766937 -46.792499542 247.310653687
A 185.744567871 61.592247009 184.282379150
A 217.571228027 -177.929931641 203.412109375
A 41.038330078 -133.053466797 217.147399902
A 157.725997925 -185.455368042 116.189758301
A 87.988624573 42.668498993 223.287033081
A 146.492645264 -7.948567867 53.288875580
A 39.929920197 -128.981796265 127.894432068
A 138.935974121 32.927005768 84.674430847
A 219.657684326 29.118028641 240.746200562
A 92.849876404 54.847373962 189.276489258
A 134.320693970 -68.905250549 309.558685303
A 199.958145142 -95.699440002 297.438110352
A 272.328826904 -78.775047302 226.961914062
A 276.541290283 -100.844726562 160.668426514
A 108.466979980 -162.412048340 92.892005920
A 71.448921204 27.085653305 233.288391113
A 223.607742310 36.176906586 131.099258423
A 257.363647461 -67.576011658 255.207351685
A 155.812805176 56.862602234 226.417419434
A -202.724182129 438.852661133 1083.875610352
A 165.511169434 -151.841796875 71.589912415
A -11809.756835938 33132.921875000 -2872.883300781
A 105.400100708 -27.986150742 297.113677979
A 272.215270996 -110.060752869 200.821319580
A 243.055130005 -161.338562012 184.814651489
A 37.547172546 5.144938469 193.405944824
A 144.184661865 -62.925193787 43.939586639
A 117.756370544 -147.796920776 276.527984619
A 258.669006348 -95.549537659 103.886550903
A 5521.024414062 1958.426147461 -3230.345458984
A 135.449478149 66.918617249 162.918533325
A 224.207199097 -55.463966370 287.486358643
A 89.758132935 -35.027061462 57.708843231
A 22.940727234 -102.790336609 204.016220093
A 73.731460571 -154.402969360 109.579498291
A 180.821899414 -191.488220215 141.642410278
A 182.397537231 -6.197476864 291.411926270
A 185.745269775 -176.286773682 112.900764465
A 167.319747925 46.776554108 243.755233765
A 150.915252686 41.698734283 253.973861694
A 150.313552856 29.030448914 269.877990723
A 262.999603271 2.979450941 196.618392944
A 136.184478760 -193.768341064 138.219680786
A 75.595039368 -176.850662231 158.506607056
A 102.309265137 7.610115051 278.574768066
A 221.283935547 -161.428100586 237.012939453
A 98.400886536 -188.021163940 196.344436646
A 91.636009216 53.284015656 160.600097656
A 228.596618652 12.949768066 101.981391907
A 188.442321777 -183.496932983 123.728515625
A 1244.090454102 -1398.606567383 1.274659276
A 77.178260803 44.071834564 154.215545654
A 235.170410156 -133.208755493 98.750946045
A 114.882118225 -72.189712524 45.545097351
A 137.868179321 -186.088409424 118.138488770
A 29.260795593 -18.217206955 211.414566040
A 109.674118042 -182.690338135 123.614105225
A 121.575714111 34.380584717 259.653442383
A -9496.188476562 7407.094238281 -10324.776367188
A 222.653335571 -49.625514984 64.494857788
A 108.617980957 -132.477828979 65.791145325
A 261.283050537 -32.045810699 110.667175293
A 146.833023071 -199.318099976 193.474487305
A 197.177398682 -185.616546631 213.720596313
A 121.501121521 -104.808242798 301.188293457
A -6905.791992188 3245.588623047 -5914.985839844
A 200.196746826 -190.335723877 173.877502441
A 236.601745605 31.645221710 206.311798096
A 200.125106812 -73.978996277 51.980758667
A 74.929389954 -20.715509415 72.023696899
A 273.574676514 -18.595846176 155.906356812
A 123.199844360 -198.427612305 178.304962158
A 38.156417847 -5.788697720 220.626022339
A 133.693435669 24.022500992 272.767303467
A 47.437595367 -2.748647690 112.110992432
A 67.392112732 -165.530685425 134.821395874
A 254.043411255 -74.294197083 92.567306519
A 93.943695068 -48.200218201 296.737243652
A 49.283580780 10.429412842 222.684249878
A 24490.673828125 -29759.052734375 37798.273437500
A 251.295913696 -138.186157227 221.500640869
A -4591.602050781 528.594421387 2906.689453125
A 1020.538757324 -2339.087890625 -369.662994385
A 93.773384094 -165.983047485 244.903991699
A 98.165298462 50.874820709 134.864532471
A 264.223419189 -2.001583815 144.520645142
A 195.826141357 -153.372055054 84.956451416
A 27.192644119 -103.307495117 132.185852051
A 226.899017334 2.777357578 90.194969177
A 182.531570435 59.300144196 139.885208130
A 233.189208984 -114.005599976 269.302825928
A 58.045101166 -108.833183289 86.099449158
A 91.117530823 -132.411956787 74.862617493
A -2229.654785156 1428.578369141 63.286781311
A 192.454803467 -153.299438477 268.745300293
A 112.952568054 -72.792274475 304.768310547
A 249.412414551 -120.088455200 105.224571228
A 102.961799622 52.121776581 215.888320923
A 147.599563599 -16.282093048 292.561248779
A 92.566589355 -186.099258423 158.676589966
A 74.847244263 -64.127609253 288.898040771
A 169.235382080 -196.704910278 156.794692993
A 164.253173828 -181.966751099 220.583663940
A 204.210403442 1.757318854 176.775695801
A 96.901008606 -69.814842224 51.119316101
A 233.523986816 -12.344378471 87.244323730
A 181.026123047 -141.135360718 282.329772949
A 18683.794921875 36300.957031250 17322.162109375
A 55.554157257 -97.254264832 266.357330322
A 186.471282959 11.308316231 278.972320557
A 167.218139648 -196.916061401 197.686218262
A 274.129638672 -65.402854919 129.034667969
A 58.723239899 -21.112518311 86.075561523
A 65.918525696 25.587650299 124.265716553
A 162.668212891 -171.446197510 256.004425049
A 214.547592163 48.197647095 152.123153687
A 27.159296036 -59.393596649 118.452392578
A 31.028877258 -32.905784607 227.407379150
A 157.804840088 -122.064277649 53.933135986
A 101.005088806 -16.549848557 277.336090088
A 70.887519836 -26.246763229 276.762329102
A 158.059448242 -126.017944336 295.341064453
A 263.613464355 -31.281839371 236.680877686
A 254.099822998 18.247177124 183.619750977
A 115.133071899 -193.909866333 156.679183960
A 186.493057251 -42.852298737 302.843139648
A 87.031265259 -177.881591797 133.992126465
A 114.221649170 41.696559906 245.729766846
A 53.324993134 -116.974411011 253.102005005
A 16.492702484 -88.306297302 178.775146484
A 127.326072693 -161.095397949 83.920028687
A 152.657272339 54.284267426 114.786468506
A 119.890823364 -22.616796494 197.507339478
A -3089.582275391 28405.246093750 -36298.675781250
A 227.848388672 23.520187378 113.673156738
A -318.473114014 -858.840942383 120.326354980
A 55.735607147 -132.093246460 246.067489624
A 250.625274658 -138.210433960 125.860473633
A 61.529327393 -42.484039307 75.642189026
A 191.370681763 9.239992142 72.181816101
A 5310.017578125 -341.410980225 -1181.780883789
A 257.787078857 -5.325002670 226.722167969
A 164.243713379 -53.556594849 42.176773071
A 71.914001465 15.949959755 248.029693604
A 79.575752258 -180.733535767 185.017135620
A 6091.098632812 6953.322265625 13304.905273438
A 211.238479614 33.882480621 110.780265808
A 16.154703140 -69.582412720 151.569946289
A 64.891242981 -13.297727585 266.397338867
A 14.162734032 -49.454303741 168.665679932
A 215.019897461 -153.706985474 99.789962769
A 251.676635742 -151.439468384 175.769821167
A 68.726287842 6.007386684 217.317886353
A 59.823547363 -70.788398743 276.077606201
A 21.224647522 -26.594783783 174.599655151
A -2425.277099609 -976.549682617 2387.364257812
A 117.529083252 61.853801727 151.972030640
A 144.584732056 -134.395919800 59.136985779
A 82.997131348 -66.311874390 273.529510498
A 51.773914337 -4.016928673 242.497009277
A 74.404357910 23.656698227 109.632331848
A -14518.222656250 4598.833984375 2982.273681641
A 55.600040436 -146.856231689 122.819908142
A 180.018112183 -60.112190247 306.785125732
A 74.027076721 -173.705657959 207.742446899
A 26.739168167 -60.326183319 228.992965698
A 220.604110718 12.807498932 230.444061279
A 215.315368652 46.290721893 208.392730713
A 124.859992981 63.034393311 193.911621094
A 264.469757080 3.954588890 166.697479248
A 279.363769531 -31.901090622 182.805114746
A 167.078720093 -176.964935303 102.222290039
A -1947.745605469 1810.868774414 -387.075286865
A 68.355361938 -90.028823853 280.692077637
A 171.090866089 -110.065696716 49.374980927
A 205.453186035 55.506435394 170.006774902
A 160.248397827 -150.205062866 279.233734131
A 62.783641815 3.360237598 97.725341797
A 263.589904785 -132.237258911 196.087219238
A 212.790237427 -5.258887291 74.729949951
A 180.660369873 -189.131835938 219.118392944
A 207.899459839 -73.976844788 298.010345459
A 106.863334656 -49.879787445 47.264118195
A 73.081726074 37.126010895 210.962478638
A 153.174911499 44.572158813 98.523788452
A 282.798126221 -47.801105499 167.001266479
A 188.671417236 -2.060714960 157.712829590
A 137.448150635 -171.737869263 256.716369629
A 85.460395813 -101.662315369 288.397857666
A 158.996658325 -193.006851196 135.366043091
A 168.175003052 19.000728607 73.032432556
A 110.535903931 -149.265625000 77.254043579
A 211.830444336 -22.826570511 286.439788818
A 52.641662598 -155.222091675 206.270095825
A 105.486526489 55.407814026 199.425460815
A 122.060256958 -179.491592407 109.408981323
A 238.343826294 -13.136670113 262.075012207
A 194.454940796 -90.469940186 50.624835968
A 129.619506836 -139.059844971 286.407409668
A 251.985778809 -88.814231873 259.466827393
A 139.592620850 -188.415664673 227.844543457
A 137.693038940 -113.240814209 300.081451416
A -8344.810546875 7656.958007812 1801.910400391
A 222.789627075 -125.862304688 81.520530701
A 242.360809326 -60.596210480 273.133209229
A 7110.085449219 3185.982666016 -17.345010757
A 194.894454956 24.634601593 252.561660767
A 20.198528290 -90.897521973 146.376296997
