533

W 2071.435546875 497.972381592 -1678.125122070
W 287.943145752 -30.399814606 -8.696913719
W 77.952392578 -75.126625061 -45.828956604
W 122.635314941 67.955795288 101.934722900
W -0.814702451 -152.119781494 62.528499603
X -10.458364487 -119.370018005 81.258354187
W -1723.772460938 1413.599853516 64.701515198
W -2378.894775391 96.845573425 -5171.638183594
W 186.981948853 -3311.053955078 -31579.597656250
W -5.765738010 -63.612678528 118.618934631
W 263.001434326 -199.856613159 226.812225342
W 165.848861694 -103.032302856 102.218055725
W 87.685630798 51.399929047 146.464004517
W 1434.909545898 553.570007324 996.082275391
W 305.099975586 -147.678985596 209.826461792
W 5615.035156250 -1302.931030273 12633.546875000
W 140.887161255 -96.551773071 -73.554679871
W 205.073303223 56.135402679 23.922311783
W 240.678161621 -462.827301025 -1304.300781250
W 84.248146057 -210.985031128 226.250137329
W 213.961685181 1522.328613281 618.960632324
W -9.337998390 -73.381546021 86.790107727
W 174.849868774 -85.116378784 -76.091461182
W 10710.170898438 8440.496093750 -364.177673340
W 152.584671021 -137.671081543 63.468082428
W 95.784118652 61.827571869 82.585243225
W 66.471458435 -185.222030640 -20.720911026
W 2643.178710938 253.496429443 717.735046387
W -2445.270019531 1383.829956055 715.308593750
W -959.105163574 1206.332641602 -4212.783691406
W 176.152145386 -271.775238037 177.963806152
W -4.637476921 -111.883964539 54.875591278
W -1062.606323242 -347.574768066 291.038513184
W 82.442771912 27.212814331 28.232791901
W 15.648069382 -22.670570374 46.432018280
W 278.966796875 -42.037685394 188.768890381
W 400.926239014 636.688232422 1469.708007812
W 285.977478027 -235.121994019 75.366096497
W -5.529235840 -79.265602112 152.605346680
W 1581.885620117 -194.609985352 -131.740173340
W 35.508827209 -65.460380554 210.581512451
W 259.778625488 -105.028877258 256.669433594
W 245.705978394 -196.996490479 222.693756104
W 127.269966125 24.965284348 -20.410299301
W -9991.657226562 3423.267578125 130.819885254
W 110.755210876 -176.525695801 260.985778809
W -26014.156250000 34346.210937500 21823.142578125
W 186.322341919 -273.799346924 57.696704865
W -131.413162231 585.763305664 557.354553223
W 6437.485839844 3371.154296875 -318.672760010
W -1988.133178711 1597.720703125 13.168382645
W 319.425537109 -139.849334717 192.137863159
W 291.134765625 -53.561595917 223.099365234
W 267.892364502 -12.995974541 -19.080673218
W 157.344863892 -281.270568848 68.545410156
W 187.308700562 72.405975342 67.559097290
W 244.417358398 -232.876800537 210.791305542
W 294.149444580 23.321079254 91.520988464
W 1790.701171875 1091.015747070 -913.720886230
W -36130.011718750 8899.650390625 -27849.759765625
W 264.517456055 -129.739440918 252.897018433
W 168.808746338 -115.170936584 -11.575057030
W 389.061370850 -0.510422170 -214.707443237
W 224.021392822 36.193515778 0.382803887
W 301.404663086 16.108465195 121.928382874
W 85.524757385 6.429618359 217.017013550
W 152.081604004 -283.887512207 86.657783508
W 67.628944397 11.751371384 131.349044800
W 38.821575165 20.704044342 64.746391296
W -0.124072887 -35.209251404 117.264030457
W 31.080705643 -117.350585938 153.799072266
W -2237.520996094 1583.435668945 649.297363281
W 54.025245667 10.432660103 184.539916992
W 283.696258545 -230.993347168 54.759010315
W 282.886962891 21.398931503 38.637187958
X 306.508239746 -39.131946564 194.887329102
W 87.146911621 -162.662597656 255.220825195
W 127.387474060 -23.744964600 -53.548934937
W 90.257736206 -209.202178955 -18.734718323
W 189.955383301 -191.058883667 262.572540283
W 3274.734619141 -10189.584960938 19115.101562500
W -1998.786376953 -2468.832763672 -4680.048828125
W -148.093231201 -393.287475586 -257.918914795
W 51.428878784 -218.973098755 27.731498718
W 194.905410767 -59.964038849 272.888854980
W 323.897064209 -47.875114441 31.599321365
W 12.579183578 -120.054977417 196.358169556
W 153.461105347 30.367614746 -22.888257980
W -660.149353027 -888.985656738 -2780.868164062
W 211.131103516 -25.457695007 -56.431705475
W 230.857269287 -35.396820068 40.797195435
W 241.452178955 62.397052765 104.602294922
W 23582.408203125 -8039.853027344 -25624.714843750
W 18.099081039 -77.670845032 16.509210587
W 256.427368164 31.952903748 180.704895020
W -2.009360790 -68.861030579 48.690219879
W -10833.858398438 -44328.566406250 5658.363769531
X 251.498657227 -67.031311035 255.807998657
W 100.797706604 -43.385383606 -53.880149841
W -2809.702636719 846.562683105 607.275512695
W 312.870788574 -90.142906189 -3.014969110
W 4064.728515625 -541.344970703 3039.509277344
W -4353.772949219 9567.625000000 9500.789062500
W 280.352569580 -18.638454437 212.572830200
W 47.829204559 -81.133865356 238.316909790
W 2246.838134766 -3051.124023438 -3348.350830078
W 115.362052917 -54.987590790 43.425258636
W 171.265518188 37.594783783 211.431655884
W 302.963043213 -113.221496582 220.027435303
W 179.220596313 14.337470055 234.906631470
W 230.432327271 -66.179054260 128.551467896
W 60.669799805 24.336307526 169.602203369
W 318.844207764 -172.103469849 176.208709717
W 101.992530823 183.182586670 395.913696289
W 177.914840698 73.125289917 133.747817993
W -749.455810547 -260.925384521 975.243957520
W 173.059783936 -144.262878418 276.986907959
W -831.473144531 -45317.562500000 -11089.394531250
W 239.033752441 33.344383240 186.579635620
W 159.206100464 133.843933105 497.177520752
W 238.778854370 -186.776901245 249.994369507
W 155.059722900 -150.810668945 -69.258110046
W -513.976257324 3085.441650391 3716.737548828
W 299.632995605 -125.897827148 -17.612745285
W -30859.179687500 -23840.158203125 -27612.792968750
W 13.219189644 -177.067764282 44.068195343
W 62.520687103 38.061923981 142.268753052
W 72.402534485 -40.105587006 -35.946617126
W 345.495178223 -103.272102356 80.782173157
W 328.457305908 -184.322814941 95.713302612
W 103.652435303 -141.315521240 -60.413974762
W 162.348037720 -190.026382446 -53.451244354
W 49.543907166 -239.959777832 136.715240479
W 107.816612244 -249.265029907 198.517257690
W 38.940113068 -124.342086792 229.734725952
W -2115.521972656 -12182.485351562 3910.510498047
W 188.729873657 -31.157882690 262.842742920
W 213.612915039 66.192939758 59.342094421
W 7826.284179688 -6977.390136719 -1703.348999023
W 123.228713989 -270.400939941 50.609745026
W 217.363418579 -244.730743408 211.680130005
W 280.493438721 8.654131889 14.218555450
W 126.005477905 -116.261283875 279.422027588
W 144.815933228 63.133087158 35.117038727
W 224.501296997 -128.202209473 93.920234680
W 18475.398437500 -6287.171386719 -26924.712890625
W 122.713005066 -67.710174561 -67.620529175
W 204.834716797 222.827987671 -4174.091308594
W -11335.541992188 -3109.607910156 2785.508544922
W 169.101684570 -207.003875732 208.730178833
W -7562.530761719 -5633.853515625 -1306.592041016
W 296.148773193 -156.281173706 -10.478069305
W 103.286651611 -264.467742920 158.065475464
W 3021.843994141 2664.492187500 609.663574219
W 213.636795044 -194.782836914 3.767199516
W 309.090515137 -206.666870117 149.355865479
W 34.477664948 -166.117111206 210.668930054
W 179.403579712 -109.868194580 281.541503906
W 31.789222717 -28.472938538 7.816211224
W 331.499053955 -91.514060974 31.708866119
W 190.260620117 -89.413467407 122.751792908
W -742.686950684 603.175903320 -854.133239746
W 150.525802612 -275.057373047 129.396667480
W 133.436065674 -234.703948975 -12.539047241
W 256.544708252 -253.161010742 162.040145874
W -355.200958252 -557.515747070 12.905828476
W 307.589447021 -217.319320679 121.079658508
W 314.875915527 -0.061353482 85.008171082
W 295.714080811 -229.550231934 112.108093262
W 54.259292603 38.664104462 105.764450073
W 211.355224609 -272.144104004 154.895538330
W 91.432235718 32.640167236 188.662597656
W 341.497161865 -60.485153198 117.501899719
W 154.575225830 -204.251922607 257.286895752
W 90.030601501 -216.852523804 110.982902527
W 34.306163788 -40.520092010 209.588104248
W 1109.005615234 683.163879395 1041.921386719
W 106.568756104 -136.606918335 260.221069336
W 237.193832397 58.789184570 61.626441956
W 218.241973877 -277.557250977 97.181922913
W 154.774505615 -115.206108093 151.419082642
W 326.656158447 -69.347846985 179.781799316
W 1.660205841 -171.656494141 94.954711914
W 76.280509949 -7.300331593 -20.532674789
W 201.725448608 -260.302398682 23.823537827
W 203.634979248 -193.085418701 -47.273910522
W 4248.874023438 10175.583007812 13754.271484375
W 150.221313477 -285.108062744 120.138023376
W -3204.184570312 -2272.555175781 -2017.249023438
W 10.690773964 -24.831340790 115.519195557
W 192.512130737 -132.855606079 -62.755043030
W 329.197296143 -177.090270996 129.201339722
W -2228.124755859 2733.541748047 1689.626586914
W 4635.443359375 -9343.959960938 -2588.262939453
W -18240.148437500 23180.640625000 18921.085937500
W 326.892120361 -28.777835846 63.235092163
W 103.282005310 -47.242900848 259.205169678
W -213.332290649 2314.399658203 2153.074707031
W 297.194396973 -226.868255615 87.423820496
W 331.025146484 -148.720657349 161.949920654
W 78.196640015 -54.253643036 37.015148163
W 167.103652954 -91.019538879 212.720031738
W 142.363449097 -5.504001141 245.422790527
W 248.897476196 45.340301514 36.471923828
W 215.601791382 -30.317434311 257.713195801
W 263.246948242 -254.116561890 87.037582397
W 210.382827759 1.642730474 138.389465332
W 243.316314697 -17.208879471 -38.595165253
W 139.166854858 -110.762634277 224.339920044
W 315.636413574 -9.112771988 143.782470703
W 142.228149414 -176.902236938 268.236114502
W 113.507614136 -234.320083618 218.300872803
W 295.268554688 -91.124389648 227.744689941
W -519.876403809 -9776.789062500 -4299.276367188
W 315.409942627 -58.901245117 9.037371635
W 42.128257751 -231.899581909 118.670738220
W 154.879074097 -140.622787476 11.667764664
W -900.652282715 -353.464630127 -935.556457520
W -16.934555054 -141.653030396 -959.535705566
W 163.336624146 -158.924728394 276.562927246
W 80.956779480 -109.652381897 257.919891357
W 5009.932128906 2498.790771484 195.638946533
W 195.993698120 -146.626312256 -69.348442078
W 143.592010498 -261.070037842 192.803771973
W 264.664093018 -206.409423828 -6.398320198
W 84.981483459 -260.847930908 153.566314697
W 945.889099121 -1407.650512695 26.020092010
W 156.262329102 -384.892425537 1267.752807617
W 74.684852600 -1560.509277344 379.644317627
W -3734.699462891 20864.289062500 -49553.027343750
W 317.933929443 -85.774284363 198.382812500
W 236.573715210 -58.296077728 -58.059253693
W 228.299362183 -71.337821960 266.599731445
W 181.081939697 -78.853172302 278.480010986
W 113.095153809 436.561187744 130.229095459
W 152.452606201 -281.687164307 149.720092773
W 4.313738823 -122.761634827 30.007740021
W 67.837852478 -60.066921234 247.193664551
W 127.883003235 -87.909759521 76.498634338
W 105.674041748 46.473510742 18.162576675
W 302.900512695 -201.762329102 167.637161255
W 34.143775940 4.786695480 40.519508362
W 25.791097641 -209.717636108 147.881988525
W 86.343391418 -100.980117798 225.504364014
W 9.487900734 -41.967308044 165.428054810
W 52.300315857 -154.222717285 234.839599609
W 2788.833251953 603.469604492 -1325.597290039
W 201.290039062 33.959205627 -12.968509674
W 345.438171387 958.066833496 1302.533325195
W 20.269153595 -40.648960114 19.487989426
W 33250.167968750 15326.026367188 3958.293212891
W 2526.319824219 -8039.177734375 -7175.311523438
W 6.720308781 -76.191535950 183.905654907
W 157.966751099 76.327087402 109.664955139
W 205.840759277 -265.219055176 178.371780396
W 76.070121765 15.010549545 -2.117508650
W 309.452606201 -165.829574585 13.530469894
W 214.352066040 -154.958175659 270.260803223
W 25.690464020 -142.637893677 0.942289293
W 72.233489990 15.769116402 60.283184052
W 122.822227478 -258.648406982 28.656652451
W 190.678039551 -245.527694702 220.861312866
W -6229.401855469 157.228179932 4281.832031250
W 28.345872879 -210.438674927 56.272968292
W 339.406250000 -114.207313538 50.544483185
W 120.931411743 -135.532241821 50.901206970
W 116.082984924 -22.912708282 253.671615601
W 329.970794678 -21.723058701 105.218482971
W 99.959335327 -236.485488892 3.164868116
W 47.967655182 -90.072959900 -31.713464737
W 243.567901611 247.126113892 805.412170410
W 88.739875793 -265.124603271 82.860847473
W 93.603813171 -256.719940186 41.904567719
W 55.174102783 -3.408875942 3.685994864
W 318.731567383 -28.275711060 111.802810669
W -3255.379882812 -16040.386718750 8317.443359375
W 84.739356995 -32.323604584 245.219970703
W 32.213127136 -190.602066040 188.943008423
W -200.325881958 -777.983947754 -458.739929199
W 336.378082275 -81.332214355 74.187255859
W 2632.052246094 11312.706054688 7425.681152344
W 341.081695557 545.985473633 1422.652832031
W 5.307045460 -160.160461426 164.485183716
W 245.030303955 12.069259644 -14.548806190
W 251.061920166 -168.282745361 -42.105125427
W 14.457350731 -17.632427216 146.119476318
W 150.284622192 -71.817810059 277.490997314
W 250.254730225 -37.634746552 213.088287354
W 183.246994019 -96.261665344 50.868541718
W 4995.309082031 -414.129119873 217.615264893
W 70.376747131 -254.697967529 74.598785400
W 1138.723999023 -1658.037963867 -59.893806458
W 41.506454468 -191.758880615 10.945432663
W 159.700469971 -53.594688416 -70.564445496
W 3369.808105469 -533.745178223 2938.995117188
W 49.815620422 -243.473571777 98.528312683
W 219.552337646 -218.797058105 236.229522705
W 138.723693848 -233.259674072 231.968032837
W 237.024642944 -103.179519653 -58.649467468
W 170.716415405 1.447167277 -47.571025848
W -5.020770073 -132.602081299 149.505279541
W 23.474699020 0.286989272 133.876480103
W -1744.076416016 -245.911361694 -471.130462646
W 258.076843262 -141.494827271 -36.360656738
W 2288.438964844 220.693954468 1528.200805664
W -12.266586304 -91.780830383 113.733825684
W -16897.498046875 -24740.470703125 19112.716796875
W 562.360656738 -588.822143555 1410.497802734
W 277.784698486 -239.902435303 151.111145020
W 158.128906250 53.540458679 11.146848679
W -3739.209716797 -9261.664062500 -6695.523437500
W 204.934341431 -153.521057129 148.179595947
W 2055.815917969 -586.927795410 2147.419677734
W 24.850187302 -193.253463745 166.752182007
W 339.596282959 -145.720046997 130.412414551
W -9.824182510 -105.102081299 135.878280640
W 339.498809814 -109.034088135 155.351623535
W 181.621459961 -207.350631714 -34.395584106
W 65.414482117 -149.998535156 -35.731773376
X 273.361022949 -66.402999878 242.015701294
W 340.658142090 -142.719512939 72.645065308
W 109.707916260 -277.357727051 103.742385864
W 212.641860962 -185.030090332 259.883453369
W 169.975570679 -253.208496094 17.673810959
W 321.937164307 -117.033676147 11.341541290
W 138.044479370 -197.834136963 94.161972046
W 64.985366821 43.019916534 65.640953064
W 311.167816162 -13.175882339 37.429725647
W 156.692260742 0.546841264 163.316650391
W 247.620758057 -245.781066895 30.625173569
W 172.552337646 174.967391968 -469.755981445
W 253.838104248 -49.966644287 146.768615723
W 173.199615479 -230.948593140 223.876342773
W 71.497795105 -224.473724365 15.016064644
W 231.181472778 -268.928161621 71.736579895
W 175.752487183 -113.517181396 -76.424217224
W 87.204849243 -72.456932068 -57.252162933
W 0.224046320 -88.468208313 36.959743500
W -2916.209960938 905.548034668 508.645141602
W 219.241485596 27.149251938 213.372680664
W -197.958831787 366.477050781 410.631103516
W 71.588218689 -247.604187012 153.226745605
W 19.943872452 -117.572708130 0.602006972
W 165.201446533 -270.661224365 35.615604401
W -3295.421630859 4832.341796875 9205.559570312
W 141.472198486 11.670849800 235.725891113
W -11586.348632812 32487.341796875 -2862.037353516
W 221.967987061 -166.745849609 -55.080497742
W -3.240405321 -51.694179535 69.425804138
W 41.554462433 17.398155212 103.314491272
W 293.459564209 -183.097625732 89.777732849
W 183.031921387 -190.215774536 1115.637084961
W 214.374740601 6.293681622 -36.416706085
W 16.095153809 -67.584899902 193.766448975
W 12118.481445312 4461.369140625 -7531.479492188
W 183.404312134 -284.964935303 104.918968201
W 74.276588440 -127.359588623 -47.954559326
W 241.641799927 -146.173904419 262.246856689
W 336.682617188 -56.980884552 62.100826263
W 275.330688477 12.409934998 187.628875732
W 121.334144592 61.399448395 153.613555908
W 129.349105835 -176.450210571 -55.606296539
W 1594.942260742 -4593.089355469 -2411.076660156
W 336.947601318 1236.041748047 1026.248779297
W 160.972763062 -248.527832031 -1.392641902
W 170.270034790 -224.071838379 -28.777685165
W 23.923629761 -191.773544312 74.182182312
W 182.837585449 67.972183228 152.947570801
W 268.132476807 43.789184570 129.336288452
W 226.881881714 -216.202804565 -21.938302994
W 69.963806152 28.971576691 20.093433380
W 196.543212891 -44.141010284 96.276458740
W 244.752792358 -268.147552490 116.722702026
W 54.588832855 -200.967178345 205.169998169
W 118.720039368 48.041217804 185.119766235
W 7377.216308594 -8781.426757812 -897.764465332
W 255.878234863 -241.243652344 128.386917114
W 42.035579681 -12.313097954 196.817062378
W -1091.817138672 -13.783642769 -5049.549804688
W 179.592193604 56.504528046 183.847000122
W 328.678955078 -170.633285522 61.134452820
W 223.978424072 53.153778076 171.005874634
W 225.292663574 -326.591827393 -92.079238892
W -12726.663085938 9902.310546875 -13898.989257812
W 63.491016388 -119.509239197 253.149368286
W 226.810028076 -16.794645309 246.465866089
W 10.906788826 -142.551895142 187.358200073
W 170.916915894 76.396621704 81.040847778
W 102.590393066 60.235534668 57.028984070
W 211.175842285 -56.387947083 -65.696304321
W -12100.649414062 5639.476074219 -10471.215820312
W 91.612548828 59.946876526 113.153167725
W 53.236083984 -236.882232666 58.218788147
W 102.368515015 -102.521034241 272.192260742
W 270.325805664 -164.826385498 240.541519165
W -1876.707153320 -733.526977539 402.933166504
W 201.726028442 73.014411926 103.749259949
W 313.738616943 -187.835113525 41.740753174
W 173.402313232 -176.760116577 19.660200119
W 300.518432617 -188.576217651 192.798858643
W 285.599914551 22.932649612 151.384918213
W 22.893623352 -100.700180054 213.283676147
W 247.660430908 -132.736419678 -56.760768890
W 288.673309326 -216.290008545 33.100498199
W 21477.191406250 -26092.177734375 33140.687500000
W 3614.641357422 -2531.301025391 1762.036987305
W -12003.695312500 1390.710205078 7162.822753906
W 4289.391113281 -10968.664062500 -2433.182373047
W 250.148925781 30.325038910 11.038883209
W 238.011917114 -264.852081299 156.122100830
W 10.316658974 -186.519271851 137.450561523
W 112.509033203 21.412471771 217.756729126
W 326.433105469 -42.082611084 161.142074585
W 84.775588989 -166.444366455 186.466659546
W 119.987091064 -275.751037598 147.504486084
W 47.313365936 -40.518836975 -16.211479187
W 264.623626709 -54.065799713 187.103240967
W 255.410095215 -16.952404022 232.340621948
W -10129.163085938 6361.490234375 -404.302795410
W 105.861763000 16.820543289 -20.762582779
W 222.154647827 -96.176414490 -68.914222717
W 51.023506165 -25.830644608 188.545928955
W 231.698577881 -260.116149902 44.316844940
W 382.473480225 441.146087646 1511.829589844
W 238.526840210 50.493469238 124.785049438
W 272.626678467 -108.714271545 -45.028968811
W 134.949371338 70.693626404 130.165100098
W -206.461380005 3117.261718750 -808.455444336
W 2888.503417969 3712.768310547 808.281250000
W 227.101333618 -98.182212830 270.421691895
W 497.518402100 153.707580566 -263.431671143
W 122.634796143 -4.051997662 -43.137908936
W 17186.917968750 33401.742187500 15914.874023438
W 292.142669678 -52.494445801 -18.137144089
W 120.318466187 -206.561813354 -34.456974030
W 147.581787109 72.890922546 82.728523254
W -2027.025268555 -62.223159790 869.015686035
W 1078.382202148 -534.247192383 959.245666504
W 276.070739746 -226.821609497 182.418945312
W 159.577880859 -29.853479385 44.034755707
W 1948.748413086 3105.550292969 -522.175781250
W 328.001892090 -110.767822266 182.649093628
W 326.090454102 -145.641876221 29.957082748
W -43.587368011 1335.634277344 2833.588134766
W -1951.450683594 2273.679931641 4582.736816406
W 232.549789429 -149.405136108 3.962932110
W 150.907623291 -29.035284042 -62.445674896
W 26.020538330 -162.639984131 10.557547569
W 22.528162003 -209.900741577 84.618148804
W 222.932373047 65.563690186 133.637710571
W 127.300354004 -149.715011597 -42.445137024
W 226.639144897 2.939589262 147.231124878
W 210.604858398 -241.872909546 -1.506923795
W 1059.194946289 433.248535156 -701.211914062
W 345.931457520 -74.698905945 94.410148621
W 125.533409119 -472.535705566 -278.037567139
W 127.299926758 -1267.581909180 656.330139160
W -487.457275391 -1297.000610352 -2455.097900391
W -2811.322753906 25835.220703125 -33004.917968750
W 59.772686005 -222.015716553 192.885131836
W -5370.319824219 -9272.609375000 -467.408111572
W 292.847503662 -17.909299850 10.095159531
W 579.021850586 -362.943145752 -87.276550293
W 287.088165283 -138.501937866 233.035293579
W 110.910118103 -200.550857544 247.067657471
W 13644.375976562 -832.046325684 -3408.282470703
W 92.267127991 -148.128646851 54.270748138
W 146.988235474 -123.962188721 281.054809570
W 262.194885254 -220.899108887 7.931834698
W 261.900146484 50.713531494 83.080802917
W 8104.089843750 9295.709960938 17725.064453125
W 74.264938354 -241.097900391 181.014007568
W 344.960662842 -102.547927856 131.710647583
W 267.238494873 -179.908599854 -25.094215393
W 346.874114990 -119.458915710 112.460441589
W 136.939285278 -61.532936096 135.931198120
W 29.652904510 16.189519882 110.297821045
W -2962.025878906 2824.230224609 2014.331054688
W 278.257171631 -94.663505554 -34.597698212
W 337.218597412 -163.236999512 95.484436035
W -9085.274414062 -3434.731689453 8139.015136719
W 206.845718384 -279.820922852 127.666748047
W 159.264114380 -15.807942390 257.165252686
W -2865.881591797 266.563812256 4658.247558594
W 281.868774414 -195.099456787 14.695899963
W 249.599975586 -200.521438599 182.065185547
W -19760.482421875 6210.249511719 3944.456298828
W 300.330169678 -9.870464325 179.604583740
W 127.411140442 -123.112701416 -70.489006042
W 267.557373047 31.456544876 69.201049805
W 278.951049805 -102.884994507 56.000728607
W 1729.353637695 513.611083984 1099.698608398
W 555.807250977 525.035156250 243.251174927
W 182.222534180 -209.464233398 76.421211243
W 7.417926311 -187.536178589 109.344917297
W -8.969153404 -146.577850342 100.363876343
W 137.327713013 38.674350739 204.601760864
W -8693.363281250 7919.382324219 -2378.256591797
W 282.471496582 -72.632194519 -33.870681763
W 139.301742554 -42.026885986 267.350006104
W 105.063957214 -235.419052124 101.359611511
W 152.859771729 11.150016785 -17.804258347
W 280.887451172 -200.084289551 208.759719849
W 8.580641747 -19.682126999 80.121932983
W 68.302391052 -181.281723022 234.849914551
W 124.172393799 63.024356842 43.436832428
W 84.060531616 -102.883232117 -56.692115784
W 209.935073853 -123.470268250 276.748046875
W 778.389831543 -1217.467163086 -407.475219727
W 163.303024292 -257.723052979 202.831100464
W -7.993518353 -136.654403687 121.332504272
W 5259.325683594 8280.465820312 -2401.073730469
W 178.573257446 38.791988373 -10.928812981
W 258.304565430 -54.205284119 -43.795623779
W 150.068084717 62.566097260 166.035995483
W 151.935668945 -220.187026978 242.657241821
W 218.274963379 7.803880692 231.812759399
W 95.304725647 -171.426437378 -44.275905609
W 293.880950928 22.597955704 66.454231262
W -246.688400269 1340.286743164 492.475341797
W 200.127487183 46.871601105 184.554321289
W 47.625751495 -176.923141479 -0.191104546
W 106.982086182 -77.841613770 270.905609131
W 196.578399658 -10.622057915 -41.990219116
W 26.902595520 -75.696769714 -7.067630291
W 172.521865845 65.095130920 33.644924164
W 183.604919434 -51.299068451 -68.727622986
W -13321.846679688 12179.719726562 2709.406738281
W 67.985702515 -17.211645126 225.707015991
W 40.418579102 -110.636032104 -23.153116226
W 14321.135742188 6538.955566406 -243.928634644
W 2242.139404297 3697.734375000 3497.942871094
W 336.696624756 -54.584976196 141.558364868
