533

A 393.091644287 -56.157592773 142.699752808
A 107.338447571 -195.871047974 422.750915527
A 345.938293457 -150.051803589 459.432403564
A 282.586212158 -311.710144043 286.269958496
A 434.932495117 -44.077541351 334.122833252
A 451.630157471 -103.379623413 300.303039551
A 325.077392578 -227.425888062 323.151672363
A 319.866973877 -114.386268616 458.949615479
A 344.020080566 -5165.388671875 -49275.234375000
A 446.943878174 -145.153396606 273.861633301
A 122.348960876 1.608148813 130.866073608
A 328.785400391 -81.796745300 409.070739746
A 322.276702881 -289.261535645 225.685180664
A 404.458557129 -29.544441223 391.636627197
A 71.829360962 -50.376029968 157.095458984
A 3389.512207031 -779.468078613 7479.905761719
A 264.617858887 -138.014816284 486.321502686
A 192.466110229 -288.251037598 377.007293701
A 101.059066772 -179.343566895 291.998931885
A 326.261016846 23.979520798 135.624557495
A 238.475662231 99.835548401 339.656951904
A 443.916320801 -141.804885864 310.465545654
A 225.997421265 -142.080474854 490.390655518
A 6171.170410156 4656.114257812 4.367634773
A 308.573516846 34.968799591 422.534820557
A 316.246337891 -303.781127930 312.772521973
A 350.674926758 -8.338420868 431.785583496
A 443.167480469 -72.122039795 330.607513428
A 421.793426514 -201.031570435 244.521835327
A 197.674484253 -55.198780060 101.636131287
A 217.308517456 91.254722595 195.171646118
A 440.474792480 -106.467117310 338.980804443
A 444.900665283 -61.277736664 240.748184204
A 329.112915039 -274.772949219 370.634155273
A 418.496734619 -200.115844727 339.069671631
A 89.082038879 -193.815826416 156.030364990
A 260.628662109 -3.605458975 466.910919189
A 102.391830444 58.156250000 299.476165771
A 439.559020996 -135.927642822 217.824798584
A 33.435867310 -108.338325500 324.972473145
A 391.400299072 -148.118026733 138.220901489
A 127.713768005 -104.428962708 94.594238281
A 149.618225098 15.846703529 124.577896118
A 290.175476074 -260.674407959 416.052764893
A -1152.259033203 388.084381104 291.184692383
A 308.215179443 -15.527725220 98.966644287
A -47475.523437500 62726.828125000 39868.781250000
A 211.627670288 95.737518311 334.378082275
A 149.965103149 56.138866425 388.010986328
A 144.660568237 -161.122909546 288.474609375
A 66.594367981 21.959768295 270.950805664
A 52.216144562 -61.575714111 184.060821533
A 93.146667480 -152.869384766 126.285476685
A 132.863327026 -215.488311768 428.408020020
A 259.146362305 102.928421021 316.088897705
A 214.574661255 -312.822021484 327.048278809
A 152.241714478 52.329570770 161.479461670
A 95.884773254 -263.460998535 294.701873779
A 79.609313965 -218.377120972 368.468566895
A -65275.066406250 16098.213867188 -50332.246093750
A 122.108818054 -74.056785583 102.361061096
A 237.780975342 -99.425010681 493.889739990
A 125.244758606 -179.406005859 443.484985352
A 177.797027588 -269.836853027 399.506835938
A 75.414360046 -246.180084229 274.827270508
A 334.487182617 -224.746414185 131.879516602
A 257.201782227 109.477706909 288.434204102
A 380.545013428 -261.592773438 243.835952759
A 387.880950928 -246.677749634 323.630706787
A 434.283233643 -187.669555664 279.757232666
A 432.456939697 -84.721382141 189.830535889
A 388.986785889 -172.895614624 221.997283936
A 369.435852051 -235.450073242 175.383438110
A 91.446807861 40.311733246 330.849670410
A 104.654541016 -256.943481445 359.221527100
A 59.058269501 -160.493545532 174.756500244
A 333.550415039 -38.220294952 102.858985901
A 282.592254639 -200.436309814 465.638824463
A 338.526519775 19.141677856 420.667175293
A 212.294296265 14.764152527 102.279251099
A 4021.646484375 -12312.230468750 23148.398437500
A 317.110839844 -13.560803413 454.303222656
A 137.444747925 -232.715667725 141.681655884
A 370.705169678 40.390968323 357.269470215
A 198.415893555 -163.300659180 77.773628235
A 50.105617523 -175.124160767 361.438598633
A 417.640960693 -86.309501648 163.374328613
A 245.431472778 -256.036102295 427.716339111
A 299.014801025 -44.193462372 475.196014404
A 186.804351807 -201.900283813 463.432128906
A 128.305297852 -237.911132812 405.470275879
A 162.307083130 -302.148773193 281.767364502
A 38787.207031250 -13222.246093750 -42133.921875000
A 418.796752930 -139.604354858 387.820251465
A 136.449005127 -266.108032227 186.356948853
A 434.298217773 -153.041915894 341.038421631
A -19473.070312500 -79817.640625000 10201.314453125
A 139.304382324 -150.709564209 93.559005737
A 309.098907471 -187.711303711 465.198272705
A 435.847106934 -167.778884888 229.241561890
A 70.541290283 -119.126525879 413.978424072
A 65.722206116 -86.553764343 159.390426636
A -2600.254150391 5983.111816406 6173.156738281
A 114.461463928 -213.429656982 145.014343262
A 374.348785400 -135.860992432 120.403755188
A 155.595092773 22.227396011 411.096099854
A 346.462921143 -218.820144653 420.791351318
A 220.202438354 -277.662139893 151.934722900
A 72.864799500 -91.622947693 137.047500610
A 215.102172852 -237.019241333 115.328926086
A 44.526626587 -191.040802002 233.008453369
A 354.916503906 -266.348876953 207.056137085
A 55.109542847 -22.907115936 202.530364990
A 286.959625244 -263.623016357 143.245681763
A 227.472595215 -319.253082275 247.250503540
A 394.687744141 -90.013977051 135.746383667
A 209.105178833 -52.885894775 72.972351074
A -1503.595825195 -81968.031250000 -20008.318359375
A 156.803955078 -267.045837402 166.738235474
A 275.388031006 -164.241439819 101.669738770
A 148.611343384 -14.099590302 108.068824768
A 231.494430542 -67.085029602 489.320617676
A 272.238708496 -230.232055664 141.555801392
A 81.342941284 -80.975006104 423.862152100
A -56208.906250000 -43448.703125000 -50303.722656250
A 425.600891113 -17.811948776 340.902465820
A 357.577514648 -275.840240479 235.749267578
A 343.313568115 -185.353469849 446.446258545
A 23.327426910 -98.193656921 295.539184570
A 48.350337982 -11.512909889 276.516510010
A 325.873931885 -79.336563110 473.053741455
A 216.794921875 -7.987648964 468.571594238
A 375.663543701 48.563461304 224.623703003
A 306.518218994 65.485946655 166.665420532
A 377.074523926 -83.952407837 118.264747620
A -825.015625000 -5848.620117188 2045.145019531
A 208.470413208 -195.627777100 85.486206055
A 192.609954834 -304.844757080 339.810150146
A 925.889343262 -745.184143066 106.692642212
A 290.574401855 91.350196838 333.224182129
A 174.637390137 63.549949646 160.895660400
A 111.100349426 -241.305969238 382.962371826
A 290.279083252 -79.232391357 70.786216736
A 261.354461670 -303.607635498 362.995697021
A 42.818637848 -26.212162018 306.927825928
A 29511.115234375 -10040.588867188 -42883.257812500
A 285.806549072 -160.085937500 481.764221191
A 262.921112061 -138.932296753 264.878143311
A -4005.039794922 -1192.729858398 1275.518920898
A 235.434417725 39.028896332 123.564674377
A 91.081275940 -213.154998779 252.286911011
A 80.299987793 -46.833469391 415.243957520
A 302.805084229 80.077354431 197.954421997
A 93.775230408 -255.808059692 252.585891724
A 152.007431030 30.279708862 424.031646729
A 65.769943237 11.044960976 225.387176514
A 393.803466797 -30.851348877 160.356353760
A 212.492691040 -102.839767456 62.668937683
A 384.576019287 -207.975753784 395.741302490
A 40.444198608 -127.043098450 360.455535889
A 72.736831665 -180.895172119 172.581008911
A 84.608642578 -24.835620880 167.423187256
A 250.719070435 106.015907288 235.290969849
A 279.155609131 57.538234711 410.342224121
A 135.704544067 65.149024963 204.473632812
A 83.658668518 -246.510284424 233.751861572
A 74.414894104 24.763387680 244.659606934
A 65.024551392 -225.990768433 306.289184570
A 97.594245911 52.651901245 256.631866455
A 363.746490479 -275.024993896 289.678039551
A 186.040756226 89.816078186 213.040893555
A 330.636047363 -270.728759766 180.059814453
A 32.118408203 -153.849426270 262.597808838
A 257.429290771 13.151730537 100.377662659
A 360.986999512 69.628608704 259.975158691
A 379.842376709 -177.433868408 140.390167236
A 376.958312988 3.311686754 397.458923340
A 316.539947510 -61.421627045 85.704727173
A 161.614395142 -297.202026367 339.965209961
A 172.432998657 95.140495300 271.373138428
A 292.129669189 -45.447879791 83.330581665
A 42.831233978 -130.578552246 192.437438965
A 433.341003418 -19.182714462 293.449829102
A 326.064910889 -215.386581421 439.774200439
A 193.922180176 82.700714111 365.852935791
A 180.232620239 -11.418146133 465.812438965
A 4106.656250000 9576.419921875 13106.000000000
A 258.260803223 105.701568604 262.421722412
A 91.834045410 -215.373626709 173.655822754
A 418.648345947 -216.960586548 278.599731445
A 191.181594849 -84.320320129 489.424163818
A 47.690189362 -19.188701630 241.018875122
A 374.930511475 -248.932281494 202.371887207
A 794.621276855 -1252.681518555 -59.566925049
A -29717.304687500 37834.906250000 30887.611328125
A 46.965354919 -192.263473511 323.982360840
A 318.012695312 -168.621063232 91.098007202
A 249.855834961 -263.366546631 134.688888550
A 78.713111877 34.243518829 297.818054199
A 41.384136200 -52.591243744 212.432312012
A 391.440521240 -183.250762939 406.245758057
A 242.608612061 -136.913650513 68.219284058
A 275.444976807 -219.770950317 99.621986389
A 146.824188232 -281.670349121 364.886230469
A 177.567535400 -187.462585449 93.569419861
A 123.662582397 70.987945557 288.258758545
A 170.116439819 -300.915863037 223.092910767
A 160.178115845 -209.267456055 449.083496094
A 289.997558594 -107.034881592 74.176002502
A 57.313171387 -217.908340454 241.369079590
A 278.482452393 -12.756510735 90.025497437
A 307.526123047 46.733844757 143.528533936
A 89.926101685 -106.384269714 122.122665405
A 166.722808838 -1350.520385742 -283.511291504
A 64.517982483 -157.899139404 395.101287842
A 395.380096436 41.075561523 257.446929932
A 259.780914307 -54.656211853 485.848205566
A 88.500030518 -133.072753906 132.798004150
A 271.962280273 -112.826950073 490.214630127
A 255.628158569 -33.907272339 75.916007996
A 336.215576172 -98.273612976 92.182571411
A 403.847320557 -17.747440338 269.578765869
A 196.367218018 -57.076801300 484.409423828
A 276.041717529 76.741485596 172.560806274
A 112.721168518 2.134442329 416.142181396
A 325.200347900 78.987182617 215.623794556
A 312.533660889 -298.684387207 256.003448486
A 237.763519287 -60.157360077 69.906036377
A 217.078613281 -302.041625977 277.215667725
A -7022.704589844 39258.773437500 -93216.523437500
A 56.232013702 -123.702766418 166.140487671
A 157.537979126 -164.509460449 467.459472656
A 165.618286133 -150.740997314 81.377410889
A 213.882812500 -144.761932373 68.767585754
A 210.554885864 105.510421753 282.375488281
A 249.961135864 97.518051147 212.938034058
A 432.485107422 -83.277343750 366.520599365
A 354.369293213 -157.150802612 108.077255249
A 406.478210449 -184.735702515 378.081420898
A 295.878326416 -280.389160156 384.806152344
A 80.465324402 14.904469490 200.847488403
A 383.238800049 -240.562500000 357.544677734
A 396.548034668 25.401723862 223.092956543
A 355.264739990 -119.932960510 102.046615601
A 420.297790527 -175.120239258 193.665145874
A 362.594482422 -45.275691986 116.085227966
A 52.199203491 -145.848495483 378.992645264
A 199.820465088 -258.532440186 423.857421875
A 264.795623779 32.817649841 439.118530273
A 419.611907959 -171.107315063 369.324829102
A 55322.046875000 25500.914062500 6635.224121094
A 702.969299316 -1661.792114258 -1105.534667969
A 425.649291992 -132.270904541 183.179733276
A 248.152832031 -317.451812744 272.254180908
A 186.860427856 80.169487000 184.684265137
A 328.243530273 -249.848434448 405.387817383
A 64.031951904 -33.797180176 384.799530029
A 172.270202637 -46.849052429 81.445144653
A 399.732299805 -66.649536133 413.263519287
A 362.353485107 -265.644409180 345.080047607
A 292.364990234 82.362686157 363.422149658
A 201.255096436 62.456329346 147.553131104
A 57.644065857 -98.499435425 394.238403320
A 401.223999023 22.602828979 330.239898682
A 34.625606537 -79.408958435 339.806091309
A 377.253540039 -42.407974243 429.980468750
A 305.540496826 -204.444549561 101.957443237
A 44.960235596 -199.947326660 291.865173340
A 318.348663330 60.558403015 388.470336914
A 374.682403564 -126.840988159 441.780090332
A 245.616470337 -19.627698898 476.915374756
A 322.367248535 88.019447327 307.766998291
A 322.062652588 75.639099121 353.064788818
A 364.290710449 -231.854263306 401.040191650
A 40.531154633 -188.749832153 269.665496826
A -3143.645751953 -16043.672851562 8423.260742188
A 334.558959961 -190.700836182 110.937896729
A 393.731262207 -2.010569572 176.115066528
A 128.716430664 -260.315277100 324.633911133
A 28.873624802 -136.549026489 316.039581299
A 1672.436157227 6518.406250000 4539.026855469
A 237.880905151 41.513240814 213.499786377
A 422.609222412 -29.545257568 202.013717651
A 158.441085815 -241.642715454 422.473907471
A 138.313735962 -30.003189087 456.914062500
A 415.952392578 -208.713897705 219.094635010
A 271.101623535 -147.367828369 72.766143799
A 130.721145630 -184.612197876 111.646667480
A 176.760299683 -145.808959961 480.633026123
A 37.282264709 -88.478569031 263.832946777
A 357.390930176 69.909393311 303.421722412
A 347.534179688 -287.307556152 265.841644287
A 385.587829590 12.544054985 377.453491211
A 251.220169067 -168.669479370 483.065124512
A 185.101440430 -103.043075562 192.893325806
A 377.703979492 53.868892670 288.391540527
A 181.295257568 33.825473785 127.165046692
A 276.558074951 52.502651215 139.242324829
A 146.933319092 -113.463691711 475.852325439
A 236.387145996 -222.238983154 456.984588623
A 434.021667480 -61.623943329 216.524337769
A 400.211364746 -237.997726440 242.899353027
A 435.862792969 -81.008071899 302.329132080
A 115.453926086 -68.673034668 452.524291992
A 418.255859375 -87.521675110 393.671691895
A 450.209136963 -115.995918274 275.632110596
A -27656.673828125 -40609.207031250 31377.527343750
A 196.295761108 -2.482558727 99.184791565
A 106.268188477 53.268985748 223.003799438
A 246.939117432 -286.095428467 390.675689697
A -1120.213989258 -3396.771728516 -2135.398193359
A 135.331451416 34.566040039 155.584060669
A 374.053649902 -150.407852173 435.400695801
A 402.882843018 6.089703083 200.873474121
A 35.669624329 -53.583599091 241.297256470
A 445.271911621 -107.151062012 239.158203125
A 31.477710724 -95.938575745 216.629592896
A 205.244827271 20.143793106 449.313629150
A 362.278198242 -61.185848236 447.878448486
A 119.071884155 -144.023696899 105.629997253
A 31.976757050 -59.669628143 313.377624512
A 296.500518799 99.409538269 256.782745361
A 175.697067261 -6.270212173 97.162231445
A 225.555252075 78.252929688 382.095336914
A 60.948516846 -75.145622253 396.234222412
A 294.427917480 97.757881165 291.721679688
A 342.811035156 -285.050445557 325.335205078
A 64.951164246 -212.185394287 346.098449707
A 250.885482788 -294.674682617 185.453125000
A 140.691299438 67.622795105 355.040069580
A 232.434997559 -11.044569016 82.995849609
A 62.933380127 -206.614776611 205.641235352
A 223.348587036 51.835845947 135.788696289
A 348.502166748 44.997913361 383.541778564
A 146.820632935 88.123016357 301.389221191
A 212.208526611 -107.588920593 490.858093262
A 318.167480469 -149.998657227 473.938262939
A 432.687194824 -125.268013000 360.694671631
A 440.299743652 -159.097534180 255.461151123
A 172.324020386 -258.615692139 147.584854126
A 113.721977234 45.095386505 369.592895508
A 355.936157227 55.208190918 209.246917725
A 408.999298096 -107.153625488 404.102722168
A 249.306701660 91.992080688 361.175506592
A -323.958038330 697.080932617 1725.625732422
A 263.738189697 -244.043762207 116.753692627
A -18796.638671875 52739.703125000 -4574.582519531
A 167.331329346 -45.244159698 470.348999023
A 432.807617188 -172.798721313 317.869415283
A 383.554809570 -255.457183838 294.405822754
A 62.085491180 6.946943760 308.595001221
A 229.327423096 -100.099159241 71.804748535
A 186.047683716 -238.000411987 439.686401367
A 411.705017090 -153.499954224 164.129760742
A 8788.206054688 3116.362060547 -5142.560058594
A 213.364089966 106.148132324 258.560546875
A 355.550903320 -87.684265137 459.260009766
A 144.951065063 -55.730487823 91.667205811
A 38.326713562 -164.601715088 323.576873779
A 117.809295654 -244.190216064 174.870040894
A 287.638824463 -304.339874268 225.395034790
A 289.846343994 -10.026233673 464.079162598
A 293.438934326 -280.091125488 179.002227783
A 264.496368408 72.717147827 387.427276611
A 240.038330078 65.314109802 403.751068115
A 240.207107544 46.527545929 429.128662109
A 418.108612061 7.156008720 314.148559570
A 216.621261597 -308.732116699 218.255554199
A 118.521865845 -281.593688965 251.394607544
A 162.282165527 11.570611000 443.992828369
A 354.018768311 -258.089447021 379.175140381
A 156.365676880 -302.301696777 312.306579590
A 145.259475708 85.036933899 255.165420532
A 362.488464355 20.941007614 161.365371704
A 299.740753174 -294.981353760 196.083923340
A 1980.617431641 -2224.526123047 1.683436871
A 121.499145508 67.978820801 245.181930542
A 373.581054688 -211.143188477 157.544876099
A 182.322906494 -113.825134277 73.350402832
A 220.169692993 -296.186004639 187.701080322
A 47.866073608 -29.557538986 339.054443359
A 176.657669067 -289.392303467 195.921737671
A 194.567428589 55.993541718 413.134918213
A -15115.895507812 11791.166015625 -16433.724609375
A 356.713836670 -79.162605286 101.641166687
A 171.226348877 -209.822540283 105.441604614
A 414.524688721 -50.368103027 175.012863159
A 235.066558838 -318.376678467 308.202789307
A 315.776855469 -297.620880127 338.204467773
A 192.541015625 -168.137741089 480.068023682
A -10991.541015625 5168.067382812 -9413.953125000
A 320.718841553 -302.339996338 275.952880859
A 376.147735596 49.809398651 327.730957031
A 320.857116699 -116.977416992 81.525108337
A 121.425750732 -30.297161102 116.028434753
A 435.779937744 -28.673248291 249.328109741
A 197.604629517 -315.663452148 283.908599854
A 61.667507172 -7.571903706 351.676086426
A 211.869461060 38.565128326 433.519744873
A 75.174751282 -4.887540340 174.756515503
A 107.891075134 -262.155395508 214.891052246
A 405.015441895 -116.020759583 146.779602051
A 150.211685181 -76.570426941 473.269683838
A 78.941894531 19.689767838 353.167785645
A 38984.304687500 -47368.910156250 60165.511718750
A 399.360412598 -219.671554565 352.456359863
A -7310.366210938 841.374145508 4628.339843750
A 1624.816040039 -3726.544189453 -588.932006836
A 149.532012939 -265.427276611 390.736633301
A 155.005691528 82.674209595 213.959182739
A 421.243804932 -2.838591814 230.634765625
A 311.557006836 -243.204483032 134.941223145
A 43.035663605 -163.879333496 211.185699463
A 362.234619141 5.139449596 142.385116577
A 292.082183838 95.540245056 221.755310059
A 369.367248535 -182.065429688 427.546997070
A 89.998374939 -171.126785278 136.991683960
A 145.126113892 -213.146224976 119.211006165
A -3548.375244141 2272.985351562 100.182281494
A 304.571563721 -242.948776245 428.503356934
A 180.523666382 -116.241691589 486.247741699
A 397.521392822 -191.297805786 167.305679321
A 165.609344482 81.659561157 340.646240234
A 233.355895996 -27.492643356 467.553253174
A 146.520690918 -299.085662842 254.045562744
A 115.441383362 -102.429382324 461.646240234
A 270.546356201 -313.961975098 249.954086304
A 260.979705811 -292.729858398 352.482849121
A 325.330108643 0.481265515 280.996276855
A 151.250381470 -109.535644531 79.985389709
A 373.233551025 -19.626855850 138.978622437
A 288.127868652 -225.330413818 451.354858398
A 29738.597656250 57783.175781250 27573.320312500
A 88.248687744 -153.703002930 424.400573730
A 298.146484375 20.010244370 445.177398682
A 269.972808838 -315.225311279 313.719665527
A 434.791046143 -104.272132874 205.022811890
A 94.458473206 -33.189212799 136.187866211
A 104.766471863 39.445266724 196.955535889
A 258.695465088 -272.430389404 408.448120117
A 342.168701172 76.471298218 238.807662964
A 42.642253876 -93.664833069 190.179748535
A 50.476375580 -49.370254517 359.797637939
A 253.306121826 -194.224624634 85.522598267
A 161.997741699 -25.008010864 439.997558594
A 112.669227600 -41.497589111 441.033447266
A 253.992156982 -200.324661255 470.286376953
A 418.704498291 -50.230415344 376.958465576
A 404.035217285 28.583478928 291.968231201
A 183.247283936 -308.991027832 250.267059326
A 296.035125732 -67.161041260 482.904968262
A 139.064315796 -283.272857666 214.521545410
A 180.546005249 68.087844849 389.773040771
A 84.881240845 -186.289855957 404.746093750
A 26.893712997 -141.817520142 284.231689453
A 204.416168213 -255.897079468 134.395935059
A 242.340408325 88.165138245 182.158065796
A 190.010635376 -35.575134277 314.289672852
A -4920.319824219 45213.808593750 -57777.312500000
A 362.337951660 37.435413361 181.563079834
A -506.972137451 -1366.875976562 190.830917358
A 86.797683716 -209.971206665 392.514312744
A 399.055389404 -219.910369873 200.578186035
A 98.123016357 -67.979705811 120.249191284
A 303.452331543 15.568106651 114.831275940
A 8453.356445312 -543.678161621 -1883.034790039
A 410.347564697 -8.728566170 360.914215088
A 263.721801758 -84.786361694 67.427413940
A 113.805267334 23.753509521 393.952484131
A 126.276237488 -289.915405273 294.753753662
A 9694.347656250 11067.322265625 21175.714843750
A 337.499816895 53.209751129 175.180770874
A 24.796745300 -111.018943787 241.696990967
A 103.329208374 -20.780902863 426.474121094
A 20.547492981 -78.855888367 271.896606445
A 345.327972412 -244.941238403 157.784286499
A 400.057220459 -241.270782471 280.235565186
A 111.032180786 8.857433319 346.741668701
A 94.736541748 -112.756500244 439.116973877
A 35.162296295 -42.857810974 278.597259521
A -3860.696044922 -1554.961914062 3799.981445312
A 188.246780396 98.411872864 240.942626953
A 231.139205933 -214.255874634 93.201805115
A 134.403961182 -105.742576599 432.772338867
A 82.614151001 -7.841977119 386.226593018
A 119.610939026 39.692626953 174.272293091
A -23109.228515625 7321.879394531 4746.924316406
A 90.890518188 -233.327865601 197.974441528
A 284.658752441 -96.669616699 489.641418457
A 118.197792053 -275.928802490 330.419281006
A 40.102005005 -97.961151123 364.236663818
A 351.206115723 22.728889465 366.270202637
A 343.963928223 72.272140503 330.490997314
A 199.341781616 99.667015076 310.207855225
A 422.185577393 7.479468346 266.298004150
A 446.169799805 -51.463233948 290.404937744
A 267.227142334 -281.129699707 161.288513184
A -3099.859130859 2881.571533203 -615.422485352
A 107.345787048 -144.179779053 444.317626953
A 274.995513916 -175.877151489 76.979751587
A 328.497131348 91.099670410 271.643951416
A 255.152511597 -240.852127075 444.692687988
A 99.968826294 6.236962318 156.749832153
A 418.705413818 -211.756973267 310.997680664
A 340.650756836 -6.987296104 121.328216553
A 287.661773682 -301.031066895 350.227905273
A 333.004577637 -117.326766968 477.347076416
A 172.625808716 -80.299781799 76.668266296
A 116.691741943 59.105754852 335.247283936
A 243.735885620 69.325798035 154.517333984
A 449.038299561 -75.880035400 264.151123047
A 299.196441650 -1.702266812 248.850662231
A 216.754074097 -274.180999756 407.774749756
A 134.489822388 -159.917114258 459.113800049
A 253.808273315 -308.178131104 216.403076172
A 268.566955566 32.364475250 116.095031738
A 175.576675415 -235.569549561 124.063400269
A 337.459716797 -38.069961548 455.630126953
A 82.526412964 -250.333511353 328.567443848
A 166.086776733 87.794639587 317.491912842
A 192.531997681 -284.848724365 175.905410767
A 380.563995361 -21.606279373 418.316925049
A 310.486663818 -142.692382812 80.606620789
A 205.614974976 -220.624267578 455.642944336
A 402.449035645 -141.416427612 411.533630371
A 221.519210815 -301.307983398 361.591522217
A 221.760757446 -180.601211548 476.722839355
A -13283.663085938 12191.321289062 2867.690673828
A 354.557373047 -201.469116211 128.299560547
A 384.731994629 -95.115791321 435.600860596
A 11318.587890625 5071.990234375 -26.431646347
A 311.656829834 37.702610016 400.718597412
A 32.507522583 -146.284790039 234.186035156
