533

A 349.590423584 -49.566291809 126.930778503
A 95.410530090 -174.458923340 377.600006104
A 308.410888672 -133.576599121 409.709381104
A 252.483703613 -278.079101562 255.969741821
A 387.326080322 -39.298404694 298.290740967
A 402.912658691 -92.027709961 267.847076416
A 289.472015381 -202.661697388 288.454895020
A 285.060699463 -102.129127502 409.068420410
A 306.835540771 -4604.845214844 -43916.218750000
A 398.921356201 -129.134750366 244.227416992
A 108.865783691 0.986800194 116.307769775
A 292.840820312 -73.250854492 363.998779297
A 287.962677002 -258.138916016 200.914230347
A 360.629730225 -26.883014679 348.627960205
A 64.263938904 -45.120002747 139.660125732
A 3020.973144531 -695.330444336 6665.829101562
A 235.888565063 -123.100265503 433.839874268
A 171.939727783 -256.536743164 336.678375244
A 89.564620972 -159.240722656 260.511596680
A 290.817749023 21.396949768 121.025352478
A 213.452209473 88.580085754 302.682220459
A 395.685058594 -126.564987183 275.967315674
A 200.952194214 -126.770423889 437.228973389
A 5500.074218750 4149.833984375 4.014782429
A 275.472106934 32.116027832 376.495513916
A 281.833099365 -270.363922119 278.766479492
A 312.447418213 -7.285399437 385.610107422
A 395.189025879 -64.249183655 294.871643066
A 376.173400879 -178.996871948 216.885269165
A 175.925079346 -49.060970306 90.457572937
A 193.355331421 81.517578125 174.215011597
A 393.304321289 -95.006515503 302.379241943
A 396.185302734 -54.160949707 214.874526978
A 292.842742920 -245.075149536 330.571594238
A 372.659332275 -178.216094971 301.275939941
A 79.997314453 -172.622406006 137.966720581
A 231.671142578 -3.012072802 415.989929199
A 92.198059082 51.815086365 267.116638184
A 391.548400879 -120.654846191 193.308853149
A 30.297723770 -96.826377869 289.158020020
A 349.003997803 -131.824356079 123.031723022
A 113.070877075 -92.577590942 84.796310425
A 133.478988647 14.025160789 110.609222412
A 258.849151611 -232.382766724 371.490539551
A -1027.127563477 345.424865723 259.527130127
A 273.933410645 -13.973999977 88.451416016
A -42312.820312500 55905.222656250 35532.964843750
A 188.333816528 84.951713562 297.758819580
A 134.644653320 49.736404419 346.031768799
A 129.508544922 -143.166580200 256.908569336
A 59.306278229 19.187318802 241.761337280
A 45.603504181 -55.287391663 163.963714600
A 83.689712524 -135.993240356 111.280128479
A 118.307243347 -192.415145874 382.134918213
A 230.815277100 92.285163879 281.400634766
A 191.061340332 -278.640625000 291.546264648
A 135.608551025 45.973186493 144.147491455
A 84.617645264 -234.977096558 261.939392090
A 70.654472351 -194.336959839 327.510681152
A -58176.835937500 14347.072265625 -44858.687500000
A 108.313949585 -65.313049316 91.139831543
A 212.311386108 -88.116088867 439.765228271
A 112.185424805 -160.383453369 395.032318115
A 158.451614380 -240.889190674 356.395507812
A 67.163856506 -219.799240112 245.192001343
A 297.804626465 -201.054229736 117.849143982
A 229.142868042 96.654685974 257.259582520
A 338.599029541 -233.303421021 217.126586914
A 345.645782471 -220.350875854 287.803009033
A 387.174316406 -166.608230591 249.024414062
A 385.578186035 -75.725044250 169.082595825
A 346.750823975 -153.991928101 198.183212280
A 329.749725342 -209.710647583 156.677139282
A 81.650077820 36.520301819 294.979492188
A 94.033973694 -228.394439697 319.395080566
A 52.303718567 -143.115631104 155.829406738
A 298.383178711 -34.107929230 91.761299133
A 250.627410889 -177.453323364 414.927490234
A 302.373107910 17.465036392 375.236297607
A 188.865066528 13.399005890 90.339698792
A 3584.191650391 -10973.491210938 20630.992187500
A 283.393676758 -11.036513329 404.710723877
A 122.615959167 -206.708709717 125.793472290
A 331.678588867 36.539142609 318.876678467
A 176.728820801 -145.239257812 68.858070374
A 44.355937958 -155.317871094 321.234375000
A 371.852172852 -77.824577332 145.339355469
A 218.883392334 -228.026046753 381.761108398
A 266.492675781 -39.591007233 423.950134277
A 166.205413818 -179.056243896 413.230346680
A 114.506996155 -212.773056030 361.556274414
A 143.934738159 -269.050445557 251.031082153
A 34569.503906250 -11784.509765625 -37552.019531250
A 373.676330566 -123.605751038 345.508941650
A 121.335479736 -236.927368164 165.942871094
A 387.289001465 -135.946441650 303.327911377
A -17355.335937500 -71137.726562500 9092.248046875
A 124.279853821 -134.897781372 83.735946655
A 276.081817627 -166.974960327 414.552490234
A 388.307006836 -149.041183472 203.351638794
A 62.728462219 -106.043640137 369.385986328
A 58.672866821 -78.000999451 142.858245850
A -2317.552978516 5332.223144531 5501.812500000
A 101.344757080 -190.456527710 128.445358276
A 333.548187256 -121.180831909 107.258399963
A 139.097473145 20.422672272 366.333526611
A 308.855072021 -194.916717529 375.347198486
A 196.298126221 -246.611480713 135.013031006
A 64.713867188 -81.345382690 122.063858032
A 192.110855103 -210.700149536 102.621536255
A 40.260883331 -170.088150024 206.849945068
A 316.538085938 -237.682357788 184.470840454
A 49.471656799 -20.468112946 179.973373413
A 256.059600830 -234.659332275 128.084182739
A 202.239135742 -284.346435547 219.891998291
A 351.531921387 -80.760597229 120.832359314
A 186.068405151 -47.031295776 65.475067139
A -1340.274291992 -73053.828125000 -17832.769531250
A 139.898925781 -238.337631226 148.527893066
A 244.982513428 -145.955795288 90.925498962
A 133.159774780 -12.668973923 96.014549255
A 206.432754517 -59.552352905 436.081268311
A 241.965103149 -204.639450073 126.541503906
A 72.602806091 -71.980056763 377.821899414
A -50095.476562500 -38723.789062500 -44833.199218750
A 379.241302490 -16.234361649 303.603088379
A 317.875854492 -246.003646851 209.848678589
A 306.200439453 -165.797576904 397.704956055
A 21.311292648 -87.258140564 263.756042480
A 42.527622223 -10.461522102 246.378311157
A 290.941223145 -70.943382263 421.420013428
A 193.812026978 -7.027885437 416.673706055
A 335.028747559 43.103950500 201.244857788
A 273.126983643 57.364097595 148.386978149
A 335.772155762 -75.247825623 105.297149658
A -735.791687012 -5211.654785156 1823.867431641
A 186.008804321 -174.024124146 76.227798462
A 171.455200195 -271.865356445 303.485046387
A 824.385070801 -664.258605957 95.471359253
A 259.337188721 81.706481934 296.670623779
A 155.468170166 56.023864746 143.661987305
A 99.593353271 -215.396057129 340.530212402
A 257.795837402 -71.205718994 62.727222443
A 232.257308960 -270.835113525 323.512878418
A 38.868053436 -23.105913162 273.469726562
A 26301.728515625 -8948.762695312 -38220.000000000
A 254.601104736 -142.656753540 429.192687988
A 233.505142212 -124.294708252 236.315063477
A -3569.922119141 -1063.314819336 1136.752685547
A 209.023239136 34.793548584 109.293869019
A 80.591339111 -189.285827637 224.962417603
A 70.825241089 -41.918766022 370.485046387
A 269.205230713 70.905685425 176.463256836
A 83.939453125 -228.400665283 224.936416626
A 136.330505371 26.587409973 377.781555176
A 58.175685883 9.530103683 201.249710083
A 351.462371826 -27.769399643 142.622894287
A 189.917175293 -91.369361877 56.357116699
A 342.244293213 -185.579528809 353.026885986
A 36.330745697 -114.167129517 321.993133545
A 64.426139832 -160.816268921 153.344970703
A 74.733001709 -22.821029663 149.488327026
A 223.333648682 93.823669434 210.023269653
A 249.380157471 51.445476532 365.764862061
A 120.929382324 58.268287659 181.917739868
A 74.548690796 -219.763534546 208.073898315
A 65.725990295 22.371902466 218.560562134
A 57.747432709 -201.495971680 273.740844727
A 87.262069702 46.942169189 228.372253418
A 323.746917725 -245.052719116 258.416961670
A 165.539718628 79.965805054 190.032821655
A 294.451751709 -241.666046143 159.990539551
A 28.926807404 -136.427246094 234.302108765
A 229.275238037 11.695890427 90.165870667
A 321.361175537 61.900436401 232.369888306
A 339.170562744 -158.696304321 125.040618896
A 335.782531738 2.775955439 354.275543213
A 282.543243408 -55.597797394 76.636047363
A 144.590820312 -264.741058350 302.965881348
A 152.821838379 84.742584229 241.364227295
A 260.305358887 -39.841365814 75.552764893
A 38.238346100 -116.360847473 172.472305298
A 386.031646729 -17.722864151 261.028259277
A 290.092224121 -192.255630493 391.492797852
A 172.660552979 73.988075256 325.692535400
A 160.974166870 -9.729181290 415.393859863
A 3660.279541016 8534.610351562 11680.841796875
A 230.359069824 94.200027466 233.312561035
A 81.379051208 -192.495132446 155.199218750
A 373.730804443 -192.666305542 249.227310181
A 170.533813477 -74.375068665 435.574798584
A 41.776813507 -16.721220016 214.865966797
A 333.905029297 -221.642410278 181.063323975
A 708.148254395 -1116.905639648 -53.155563354
A -26485.091796875 33721.253906250 27528.822265625
A 42.283042908 -170.585144043 288.561584473
A 284.003967285 -150.856521606 81.026252747
A 222.563705444 -234.185012817 120.133903503
A 70.291595459 30.153009415 265.742584229
A 36.910514832 -46.877098083 189.116043091
A 348.814758301 -163.624740601 362.269927979
A 216.378753662 -122.039741516 60.814437866
A 245.974624634 -195.400192261 88.605918884
A 130.947708130 -250.400451660 324.939025879
A 158.098693848 -166.649246216 84.202278137
A 110.053237915 63.923942566 256.445709229
A 151.299270630 -268.236389160 198.693557739
A 143.095199585 -186.399566650 400.183776855
A 257.611389160 -95.514801025 65.969818115
A 51.323219299 -194.683715820 214.670150757
A 248.115005493 -11.754703522 80.608489990
A 274.053558350 40.790782928 127.613685608
A 79.927536011 -95.204299927 109.299674988
A 148.765472412 -1203.342041016 -253.350921631
A 57.705253601 -141.206253052 352.267028809
A 352.619262695 36.395095825 229.413406372
A 231.123382568 -49.030868530 433.167205811
A 79.115577698 -118.797233582 118.041290283
A 242.162658691 -100.907104492 436.508483887
A 227.533096313 -29.420194626 67.929786682
A 298.726257324 -88.096336365 81.790344238
A 359.847961426 -15.943945885 240.355255127
A 175.336700439 -50.750198364 431.906250000
A 246.412841797 68.282974243 154.396347046
A 100.578720093 1.580754399 370.877014160
A 290.645477295 70.084968567 192.016525269
A 278.298675537 -265.746795654 228.130615234
A 211.729614258 -54.166400909 62.479942322
A 193.235992432 -269.151062012 247.492721558
A -6258.114746094 34989.703125000 -83079.070312500
A 50.308956146 -110.217506409 147.372268677
A 139.527297974 -146.897293091 417.648468018
A 147.313949585 -133.704635620 73.155525208
A 190.717864990 -128.572265625 61.493419647
A 187.945175171 94.007431030 252.228683472
A 223.066177368 86.817451477 189.522583008
A 384.833770752 -74.333259583 326.694427490
A 315.352508545 -139.633926392 96.388328552
A 361.955444336 -165.239059448 336.726470947
A 264.403533936 -249.353271484 343.517486572
A 71.426109314 13.681581497 178.648330688
A 341.500915527 -214.112670898 318.610137939
A 352.817779541 22.846979141 198.513961792
A 316.126281738 -107.337455750 91.272209167
A 375.070556641 -155.934188843 172.641296387
A 323.283111572 -40.842842102 103.856185913
A 46.092964172 -129.270706177 337.852905273
A 178.223617554 -230.207702637 377.851440430
A 236.149948120 29.087116241 390.910919189
A 374.331573486 -152.571609497 329.290649414
A 49305.660156250 22728.496093750 5913.749511719
A 626.923889160 -1482.067504883 -985.840332031
A 379.146972656 -118.203926086 163.556518555
A 221.435668945 -283.091552734 243.154403687
A 166.370681763 70.724609375 165.531219482
A 292.353424072 -222.804016113 360.999267578
A 57.673892975 -30.555833817 342.990447998
A 154.558898926 -41.283153534 72.335975647
A 355.974853516 -59.474185944 368.422302246
A 322.839599609 -237.371353149 306.967803955
A 260.111968994 73.650413513 324.328918457
A 179.016677856 55.267776489 131.122940063
A 50.878204346 -87.754226685 350.775848389
A 357.554046631 19.889219284 294.886932373
A 30.055994034 -71.322273254 302.926879883
A 335.688293457 -37.944114685 383.358917236
A 272.109710693 -181.867889404 91.913459778
A 40.326972961 -178.350814819 259.764831543
A 283.576019287 54.098464966 345.347015381
A 333.516326904 -112.806663513 393.682647705
A 219.198074341 -17.658246994 424.970001221
A 287.181549072 78.849159241 275.003784180
A 287.352386475 68.089881897 314.687469482
A 324.581146240 -206.572509766 356.938232422
A 35.943332672 -167.538986206 239.580902100
A -2801.126708984 -14298.943359375 7506.926269531
A 298.206512451 -169.535980225 98.673187256
A 351.454010010 -1.817582726 156.508422852
A 114.496383667 -231.533676147 289.566131592
A 25.884891510 -122.173507690 281.232299805
A 1489.872802734 5809.658203125 4045.749267578
A 212.497604370 36.555831909 190.731735229
A 376.658721924 -25.966354370 180.046844482
A 141.128509521 -215.728988647 376.741088867
A 123.664794922 -26.933189392 407.635986328
A 370.645446777 -185.527709961 195.317611694
A 241.094558716 -131.377670288 63.973033905
A 116.703804016 -163.668563843 99.839378357
A 157.499435425 -129.731384277 428.109039307
A 33.327182770 -78.321083069 235.399230957
A 319.355041504 63.100116730 270.735748291
A 309.937072754 -255.769821167 237.309753418
A 343.607452393 11.384868622 336.763946533
A 223.304855347 -149.887954712 429.441619873
A 164.746887207 -91.957550049 171.849868774
A 336.562774658 48.508563995 256.993957520
A 161.605148315 30.145963669 113.660797119
A 246.267135620 46.202873230 124.205566406
A 131.488006592 -100.999649048 423.337402344
A 210.076492310 -198.105163574 407.462768555
A 387.006408691 -54.947357178 192.700668335
A 356.396484375 -211.849746704 215.983428955
A 388.935943604 -71.634735107 269.402862549
A 103.717163086 -60.777072906 402.640228271
A 372.551971436 -77.691474915 349.465148926
A 401.499725342 -103.128242493 244.995498657
A -24647.638671875 -36193.343750000 27964.843750000
A 174.777893066 -2.880686045 88.899246216
A 94.470520020 47.306457520 198.580764771
A 219.909240723 -255.103042603 348.288604736
A -998.275878906 -3027.732421875 -1902.833984375
A 121.064994812 31.566995621 139.084396362
A 333.514739990 -134.023986816 388.367889404
A 359.644012451 5.269940376 179.553146362
A 30.822593689 -46.912235260 215.686309814
A 397.402038574 -95.835784912 213.473937988
A 28.096290588 -85.317413330 193.741378784
A 183.358825684 17.627431870 400.696563721
A 323.773773193 -54.367496490 398.805145264
A 106.394073486 -128.280960083 93.971725464
A 28.622514725 -53.087856293 279.974700928
A 265.043365479 88.746002197 229.610168457
A 156.385238647 -5.985755444 86.308540344
A 201.066390991 70.185035706 340.856781006
A 54.614006042 -66.890380859 352.981842041
A 262.018310547 87.892539978 259.840667725
A 306.662567139 -253.971450806 289.772460938
A 58.530738831 -188.809509277 308.971527100
A 224.054870605 -262.024719238 164.853317261
A 125.551208496 60.858600616 316.496948242
A 206.763961792 -9.657762527 74.435134888
A 56.481716156 -184.129959106 183.176223755
A 198.649887085 45.833507538 121.249885559
A 310.754028320 40.325553894 342.192840576
A 130.904113770 78.564720154 268.411193848
A 188.988128662 -96.710685730 437.734100342
A 283.656280518 -133.825180054 422.206542969
A 385.854187012 -111.735176086 321.497192383
A 392.902465820 -141.849456787 228.182388306
A 153.417434692 -230.305618286 131.593338013
A 101.165267944 40.005737305 330.092254639
A 316.920593262 49.320842743 185.851531982
A 364.942810059 -95.308593750 360.828826904
A 221.756835938 81.798980713 321.610351562
A -288.117095947 621.804992676 1537.485595703
A 234.813674927 -217.750579834 102.943458557
A -16752.238281250 47004.183593750 -4076.692138672
A 148.647094727 -40.580982208 419.494628906
A 386.433990479 -153.791000366 282.953247070
A 342.337768555 -228.021759033 263.155822754
A 55.082115173 6.560951710 275.444274902
A 204.613754272 -89.729866028 63.641254425
A 166.142730713 -211.526138306 392.301818848
A 367.579803467 -136.424468994 146.303573608
A 7833.691406250 2777.559326172 -4584.084472656
A 190.373794556 95.119720459 230.658126831
A 317.499786377 -78.471069336 409.701324463
A 129.085617065 -50.611091614 81.842445374
A 32.945606232 -145.577667236 288.274475098
A 105.241561890 -217.996902466 155.846176147
A 256.056579590 -271.434844971 200.540145874
A 257.588562012 -9.006992340 413.254241943
A 262.430541992 -250.088088989 159.652084351
A 236.827819824 65.283500671 345.668640137
A 214.065536499 58.170265198 359.555389404
A 213.741226196 41.159065247 381.975891113
A 372.698547363 6.034749985 279.852600098
A 192.974227905 -275.523864746 194.752151489
A 106.711814880 -251.191909790 224.437271118
A 144.243850708 10.359251022 395.963378906
A 314.600494385 -229.346771240 337.536102295
A 139.569458008 -268.763214111 278.283691406
A 129.608840942 76.071510315 228.024169922
A 323.267272949 18.542291641 144.238006592
A 267.253845215 -261.978759766 174.667037964
A 1765.015625000 -1983.071533203 0.963734508
A 108.814193726 60.952644348 218.484420776
A 333.515502930 -187.609680176 140.287155151
A 162.357009888 -102.092208862 64.771179199
A 195.894134521 -264.587341309 167.211364746
A 42.229576111 -26.069427490 301.930603027
A 156.879760742 -258.392547607 174.508499146
A 173.793350220 48.818111420 368.430511475
A -13472.647460938 10508.750976562 -14646.590820312
A 317.216857910 -70.939773560 90.559036255
A 152.836380005 -186.795135498 94.476394653
A 369.621795654 -45.312240601 156.131454468
A 209.152694702 -283.330200195 274.345245361
A 280.955017090 -264.777343750 301.671173096
A 171.599639893 -150.414764404 427.435455322
A -9796.842773438 4606.228515625 -8390.221679688
A 285.632324219 -269.327087402 245.475891113
A 335.470703125 44.206817627 292.378845215
A 286.049346924 -104.268882751 72.881904602
A 107.713996887 -27.027370453 103.529098511
A 389.041534424 -25.425199509 221.877319336
A 175.310089111 -281.494232178 252.491485596
A 55.389560699 -6.942492008 313.627624512
A 188.641967773 34.205009460 386.095184326
A 67.282363892 -4.011142254 157.219192505
A 95.933921814 -233.344772339 191.911407471
A 361.078826904 -103.116996765 130.661590576
A 133.944793701 -68.390075684 421.456970215
A 70.340827942 17.199029922 314.507354736
A 34744.503906250 -42218.042968750 53622.804687500
A 356.075927734 -196.067718506 314.682678223
A -6515.721191406 750.325622559 4125.122070312
A 1447.955444336 -3321.022949219 -525.257934570
A 133.899108887 -236.328536987 347.556640625
A 137.963073730 72.735542297 190.607345581
A 374.937072754 -2.803370714 205.883621216
A 277.758056641 -216.930740356 120.166748047
A 37.796710968 -146.249801636 188.238601685
A 323.400482178 4.767683506 127.030761719
A 260.351409912 84.414085388 199.104873657
A 330.211303711 -161.354705811 381.735687256
A 81.078880310 -152.537292480 121.906570435
A 129.185516357 -189.787399292 106.308967590
A -3162.612304688 2026.014648438 89.890609741
A 271.253601074 -217.025024414 381.517547607
A 160.161285400 -103.753082275 432.839263916
A 353.730010986 -170.230194092 148.638671875
A 147.752807617 73.531394958 304.084564209
A 208.426101685 -24.393184662 416.184631348
A 131.246643066 -266.308288574 225.686279297
A 103.446395874 -91.277168274 410.806579590
A 241.086288452 -279.813079834 222.872039795
A 232.097671509 -260.039215088 313.537353516
A 290.628997803 1.552924991 250.559082031
A 134.583038330 -97.593490601 72.084129333
A 331.774627686 -17.347663879 124.255065918
A 257.571929932 -200.539962769 401.983978271
A 26506.029296875 51499.171875000 24574.189453125
A 78.734916687 -137.550979614 378.492462158
A 265.453552246 17.314195633 396.764007568
A 239.858032227 -280.734741211 280.185302734
A 386.971618652 -93.367553711 182.969558716
A 84.880500793 -29.651176453 121.361701965
A 92.977203369 34.249858856 175.794509888
A 230.810729980 -242.758026123 364.179290771
A 304.735870361 68.627708435 213.402893066
A 38.344131470 -83.748794556 169.265670776
A 44.282512665 -44.706939697 321.107543945
A 225.668380737 -173.281402588 76.216506958
A 144.284072876 -22.612842560 392.597778320
A 100.867187500 -37.367721558 392.886932373
A 226.185668945 -178.747482300 418.848449707
A 372.881744385 -44.498531342 336.144439697
A 360.926818848 25.696435928 260.122985840
A 162.718307495 -275.406433105 222.852645874
A 263.714538574 -60.652618408 429.251770020
A 123.391769409 -252.312637329 191.029663086
A 160.745742798 60.499347687 346.806335449
A 75.808685303 -165.713821411 360.509857178
A 24.270631790 -126.531707764 253.831970215
A 181.810714722 -227.726440430 119.839347839
A 215.733779907 78.724540710 162.589843750
A 169.806106567 -31.032218933 279.802185059
A -4384.285644531 40296.000000000 -51494.347656250
A 322.391021729 33.308425903 161.913635254
A -451.291595459 -1218.091186523 170.280624390
A 77.316055298 -187.311538696 349.503601074
A 355.409271240 -195.941802979 178.692703247
A 87.146141052 -59.625648499 106.901893616
A 270.398437500 13.449541092 102.594383240
A 7533.323242188 -485.136260986 -1677.788085938
A 365.941589355 -7.818636894 321.540008545
A 234.244354248 -75.911865234 59.745635986
A 101.147941589 21.318021774 350.764007568
A 112.620765686 -258.248596191 262.181030273
A 8640.546875000 9864.220703125 18873.804687500
A 300.731872559 46.891246796 156.109161377
A 22.216838837 -99.032844543 215.852066040
A 92.392059326 -19.477027893 379.272216797
A 18.560924530 -69.771392822 242.323669434
A 307.022644043 -218.275146484 140.418029785
A 356.032379150 -214.933944702 249.693176270
A 99.150978088 8.223845482 309.147460938
A 84.318397522 -100.777320862 390.813018799
A 30.767620087 -38.488220215 248.346099854
A -3441.069824219 -1385.576416016 3386.655761719
A 167.024871826 86.990638733 214.440887451
A 205.010070801 -191.255676270 83.237098694
A 119.492393494 -92.854690552 386.856048584
A 73.511360168 -6.895589352 344.063110352
A 106.533668518 35.144023895 155.161682129
A -20596.179687500 6525.213378906 4231.124023438
A 80.727798462 -208.324615479 176.035583496
A 252.768981934 -85.896209717 436.475219727
A 104.416725159 -246.903564453 294.853302002
A 35.816921234 -87.211326599 324.048370361
A 313.308685303 19.888124466 326.385986328
A 305.826690674 64.198417664 294.248199463
A 177.420852661 88.637977600 276.074493408
A 375.845733643 6.728686810 237.322753906
A 397.629791260 -45.797225952 258.857696533
A 237.974960327 -250.511245728 142.796478271
A -2762.814941406 2568.367431641 -548.232177734
A 96.314277649 -128.059036255 396.267730713
A 244.365936279 -156.404525757 68.651863098
A 292.112548828 80.491325378 242.494308472
A 227.497329712 -214.231964111 396.156005859
A 88.415000916 4.323908329 138.757522583
A 373.540344238 -188.438858032 277.004791260
A 303.720520020 -6.372674465 106.786346436
A 256.678680420 -267.786010742 312.090667725
A 296.234191895 -104.776710510 425.049804688
A 153.818557739 -72.084518433 67.883819580
A 103.860893250 52.900333405 299.605224609
A 217.185852051 62.729873657 137.620407104
A 400.629119873 -68.204399109 235.673309326
A 267.013732910 -1.834543347 222.293365479
A 193.072158813 -244.298660278 363.040924072
A 120.636436462 -142.974761963 409.249176025
A 226.694030762 -274.176361084 193.203033447
A 239.134719849 28.476367950 104.204277039
A 156.627059937 -210.822662354 110.964172363
A 300.856231689 -33.412021637 406.132934570
A 74.042633057 -222.677047729 293.250610352
A 148.119216919 78.083496094 282.539123535
A 172.098770142 -254.256057739 156.596496582
A 338.898590088 -19.004652023 373.097259521
A 276.331665039 -127.145133972 72.311508179
A 183.216247559 -196.863616943 405.819549561
A 359.042236328 -126.354164124 366.915069580
A 197.651672363 -268.249481201 323.131072998
A 196.973220825 -160.471176147 424.991424561
A -11839.461914062 10864.916992188 2556.096679688
A 315.974822998 -179.303436279 115.005104065
A 343.428680420 -85.237556458 388.722991943
A 10088.100585938 4520.553222656 -24.101175308
A 277.789276123 33.252613068 356.596038818
A 29.290761948 -130.335159302 208.854248047
