533

I 691.589904785 133.571029663 -491.723052979
Z -587.852355957 -345.795684814 220.713226318
Y -242.159286499 15.809275627 -722.074523926
Z -114.898384094 842.022338867 -1.206968307
Z 205.085311890 -40.910488129 41.565418243
I 162.071853638 196.448013306 -335.667419434
O -496.054748535 504.923980713 157.907623291
I -417.796142578 -2.751898050 -911.302062988
Z 99.005134583 -1484.780029297 -13393.384765625
Y -434.177429199 -111.949401855 239.474227905
I 59.269790649 195.374984741 -153.579010010
Z 1564.438110352 -1172.311523438 -552.434509277
I 321.616424561 -352.162078857 104.148223877
I 653.017517090 370.637786865 589.373962402
Z 184.252593994 494.097015381 426.969421387
I 2018.584228516 -547.945739746 4462.256835938
Y 186.660507202 -70.912147522 -328.383728027
Y -243.421356201 -149.049667358 390.509124756
I 118.383850098 -309.826904297 -774.617065430
I -41.553440094 476.327087402 -43.663101196
I 62.234203339 670.551269531 348.031463623
Z -498.603942871 51.821727753 160.268249512
Y -75.118385315 -363.737213135 283.527374268
Y 3579.438476562 2706.379150391 -99.335983276
I -153.479782104 -629.115295410 -566.803344727
I -181.446075439 165.769424438 303.050292969
I 12.170925140 -192.806838989 530.692321777
I 859.590942383 77.971244812 302.475372314
I -623.088195801 377.099304199 304.020141602
I -139.865341187 249.716888428 -803.900390625
Y 502.468048096 464.337707520 419.738037109
Z -347.877288818 -97.378700256 164.484893799
I -788.439819336 -241.759658813 250.471542358
Z 443.673095703 -671.354492188 473.603637695
I -177.412704468 71.541938782 -76.247619629
I -569.630554199 -424.146240234 -401.009094238
I 155.694839478 330.800354004 800.871398926
Z 459.385070801 -497.862487793 -168.554458618
I -557.039794922 -26.658302307 -39.788810730
I 899.368347168 -53.553348541 -19.864002228
Z -677.773437500 -404.711212158 437.007324219
I 98.932266235 130.804550171 -170.823501587
Z -670.563537598 204.336029053 -7.117803097
I -467.409820557 109.311050415 -23.758037567
I -2601.739013672 774.025756836 48.911628723
I 462.500091553 175.150939941 190.221282959
I -9827.325195312 12919.775390625 8286.071289062
Z 41.331378937 836.598999023 235.801177979
I -225.704742432 710.509460449 598.686462402
I 1589.662231445 763.973693848 -8.556926727
I -653.790100098 578.676818848 124.517585754
Z -624.319091797 -109.899810791 -243.057159424
I -189.219299316 147.396850586 -250.018844604
I -32.077037811 -265.741577148 256.574249268
I 322.205047607 322.322784424 48.221729279
Z 190.422973633 669.561218262 225.070327759
I 143.781341553 469.345428467 -99.713150024
Z -588.623474121 -531.705017090 36.354148865
Z 1442.934692383 1128.762207031 -978.748962402
Z -13763.183593750 3327.628906250 -10584.265625000
I 128.812850952 204.510681152 -292.780944824
I 75.856071472 -144.607727051 -735.415222168
I 546.618225098 201.707748413 -674.820861816
I -115.509376526 196.251358032 -364.866851807
Y 113.539505005 -107.646492004 401.182556152
I 283.003417969 -333.928955078 -58.883216858
W 64.997787476 418.072265625 287.435058594
Z -648.818603516 459.975646973 244.782485962
I 175.309219360 457.705718994 440.104614258
Z 64.990280151 236.211700439 196.238311768
Y 744.248107910 -34.323490143 -371.689147949
I -574.827392578 450.472320557 300.048339844
I -478.776885986 250.461181641 293.346710205
Y -260.191223145 -411.168792725 174.108703613
I -273.605560303 -257.839904785 346.691833496
I -300.464324951 -108.219581604 123.256103516
Z -141.867324829 -168.305206299 418.080963135
Z -110.879592896 -24.076187134 -836.209838867
I 321.140228271 -440.276641846 -481.780853271
I 311.473449707 537.947326660 -61.680591583
Z 1518.556152344 -4803.916503906 8739.400390625
I -327.148864746 -540.395507812 -817.747436523
I -340.022338867 -555.844055176 -456.954193115
I 838.155395508 -391.942321777 588.679321289
Z 331.827209473 -451.475341797 245.897125244
Z 905.340393066 -118.876762390 231.632400513
I -167.771911621 -129.220092773 707.128845215
I -28.226358414 643.843750000 8.953913689
I -219.115402222 -360.266632080 -895.831848145
I 411.765838623 -20.686656952 136.243621826
Y 390.848114014 814.821289062 -188.897521973
I 197.995880127 45.262302399 420.719177246
I 9690.653320312 -3376.611572266 -10479.097656250
Z -483.225555420 183.698913574 89.766761780
I -215.672882080 -439.165283203 -345.000762939
I -196.084686279 242.687423706 177.061508179
I -4115.511230469 -16965.814453125 2196.322753906
I 134.627166748 -264.477020264 -325.294952393
I 525.939086914 223.201370239 259.528717041
I -761.803955078 236.287445068 275.455902100
L -37.236854553 -144.696533203 628.334167480
I 939.925415039 -167.567230225 730.899047852
Z -730.142211914 1626.515747070 1735.819580078
I 312.250915527 -478.958221436 -214.595291138
I 246.245666504 -429.959625244 435.895935059
Q 469.820251465 -649.799377441 -593.283752441
I -472.301361084 357.935760498 -602.447998047
Y -120.989929199 -46.813442230 -353.523773193
Z 126.035011292 52.284732819 13.869714737
I -143.606491089 -494.436553955 -169.431549072
I -394.320343018 -408.219116211 -74.011299133
Y 35.975318909 61.451580048 -100.833602905
Z 637.897827148 -53.495544434 175.971084595
I -50.913825989 595.628601074 736.558166504
I -550.486022949 -419.932769775 90.724021912
I -390.262817383 -121.713951111 671.094177246
I 102.996688843 -123.178123474 315.991485596
I -297.952728271 -17274.455078125 -4172.433593750
Z 469.782135010 777.711059570 587.227722168
I 48.638370514 388.253753662 858.722106934
I 57.616733551 312.454437256 -279.241668701
I 214.631164551 176.411407471 590.106323242
I -97.282211304 649.841674805 885.215576172
I 542.195678711 -137.624816895 205.585037231
I -11656.384765625 -9083.324218750 -10402.434570312
I 527.170959473 190.596817017 556.325866699
I -183.054229736 215.359115601 -156.339218140
Z -47.698200226 -11.769647598 160.384475708
Y 258.779449463 95.953186035 -9.486242294
Z 1605.279785156 -725.560424805 32.317436218
I -236.486038208 367.788116455 380.153778076
I 792.248413086 -453.106201172 -215.046417236
I -125.920410156 32.906044006 -225.345703125
Y -135.984405518 454.093780518 438.968627930
I -239.305236816 -248.281784058 407.289794922
Y -889.640930176 -5483.775390625 1615.668212891
Z 298.054168701 -257.686157227 226.349197388
Y -44.155952454 203.239776611 -123.635414124
I 1655.157470703 -1537.362304688 -331.254486084
I 858.653320312 -411.942230225 -236.726943970
I -13.044408798 418.390960693 -140.429122925
Y 171.482604980 513.398254395 434.061767578
Y 323.486114502 -167.303253174 758.107788086
Z -191.616668701 -731.715942383 215.132522583
Z 1646.887817383 -775.210998535 -357.650543213
I 7755.225585938 -2713.220214844 -11242.762695312
I 188.022338867 64.436477661 -234.950531006
I 106.037399292 49.068840027 -867.828247070
I -3575.015869141 -1089.310668945 896.209960938
Z 169.333541870 -737.595947266 882.793457031
Z -1977.379028320 -1349.855468750 -310.653106689
O -372.344238281 87.218566895 154.688995361
Z 613.734741211 520.495483398 -181.477935791
I 708.444519043 635.624450684 186.482513428
Z 20.353315353 575.272583008 592.953491211
Z 348.698669434 87.508323669 -226.551055908
I 558.804626465 266.816162109 -19.211626053
Y 519.485778809 -377.156616211 351.802886963
I -271.809173584 20.727218628 -172.239044189
I -209.761795044 -37.573768616 420.295654297
Z -487.105102539 171.906539917 355.505828857
Z -975.479614258 910.884765625 -1127.605957031
Z 283.312042236 800.446838379 301.649383545
I 474.523010254 -4.455865860 -272.159576416
Y 565.334472656 247.175918579 616.277404785
Z -1490.149169922 -1302.329345703 -164.825683594
I 39.644756317 -391.893035889 0.801877439
Y -333.986511230 445.234863281 -30.398674011
I -296.007568359 425.344787598 78.986740112
Y -14.635689735 51.534622192 -183.072143555
Z 179.407928467 -921.264038086 -45.955314636
I 151.580490112 -57.116878510 75.253616333
Y -689.125732422 -273.403625488 -124.266731262
Z 187.744003296 -554.105651855 247.190979004
Z -247.859161377 -492.483001709 287.717926025
I 694.945922852 158.030059814 -153.602401733
I 509.060333252 443.452301025 641.170104980
Z -192.152420044 -51.467567444 776.324401855
I -283.859436035 317.763610840 -399.903869629
Y 389.936492920 -279.495147705 -427.157836914
I 158.328018188 7.800065517 -339.110595703
I 5.634365082 -78.920951843 -302.621002197
Y 131.452362061 17.836225510 4.929553509
Y 241.296386719 -91.663345337 -645.084289551
Y -232.151092529 123.037010193 378.415985107
I 538.062744141 146.105651855 -119.578079224
Z 784.218811035 1659.301879883 2341.410156250
Z 16.666124344 367.994049072 -13.216753006
I -629.799560547 -558.311401367 -387.964752197
Z 561.447265625 -172.738433838 -65.749420166
Z 7.151155949 -244.084640503 -876.617736816
Z -113.264183044 -610.423828125 91.932693481
I -499.875122070 683.662719727 516.930419922
Y 1019.876342773 -2044.231567383 -548.625183105
I -7554.037109375 9526.460937500 7875.426757812
I 195.914672852 285.122802734 597.411254883
Z 105.730384827 -284.085937500 -701.983520508
I -23.860382080 594.548522949 622.510131836
Z 325.633666992 -552.462158203 138.567367554
Z 782.245605469 -559.899169922 -281.296234131
Z -592.663024902 379.186828613 -599.336181641
I 28.105468750 -209.641723633 -674.207275391
Z 77.024444580 155.059799194 403.785827637
W -228.072570801 -60.215309143 -186.932220459
Y -186.672012329 177.866577148 590.973937988
Y -557.456298828 623.462219238 97.691848755
I -152.795547485 -618.380554199 -84.756195068
Y 216.364974976 108.378479004 -160.477310181
I 319.233093262 -86.650131226 -875.836425781
Y -4.420437336 -316.498809814 -401.055694580
I 20.099138260 499.142059326 413.272583008
Z -299.838653564 -518.284912109 484.990661621
I -64.506050110 103.046119690 -148.157730103
I -55.579986572 -2336.637207031 -1008.644409180
Z 531.541931152 211.601806641 22.996356964
Z -702.011718750 -666.141479492 -178.364105225
I -143.469482422 -563.109924316 -677.481933594
I -507.586883545 -193.679550171 -571.102905273
I -63.710334778 -109.920257568 -742.284667969
I 638.759521484 352.719055176 -614.288146973
Z 10.879198074 -26.800804138 306.076507568
I 1032.674682617 463.937469482 93.633277893
I -222.012359619 -269.180816650 416.959503174
Z 125.898849487 53.310146332 223.831970215
I 396.950775146 658.083984375 306.022399902
I -116.983917236 188.884384155 -500.525115967
I 492.449157715 -969.373168945 72.994056702
I 3.897527218 -212.519332886 926.445800781
I -14.888768196 -779.820678711 246.376693726
I -1347.739624023 7572.251464844 -18087.419921875
Z 238.227630615 -200.479476929 75.260528564
I 205.680282593 307.995300293 553.896118164
Z -198.004623413 -370.642974854 -752.957153320
Y 451.847473145 82.692871094 586.466247559
I 23.763307571 807.272399902 210.915557861
I 447.764190674 228.577743530 148.537200928
Z -32.688877106 130.691650391 218.836593628
I 567.217346191 217.753601074 178.136825562
I -621.387878418 68.519401550 -515.896850586
I 519.017150879 432.288665771 122.154037476
Z 689.253479004 -245.656173706 419.412170410
Y -304.176300049 109.218185425 72.263076782
I -161.890899658 318.822967529 -45.918357849
Z -358.546936035 -44.324630737 458.272155762
W -16.375507355 -366.481994629 18.480300903
I 246.136230469 -287.710784912 338.175476074
I 811.141296387 148.364028931 -334.617797852
I -238.984054565 279.259399414 567.024902344
I 126.736671448 460.790832520 667.158081055
Z -424.357879639 -282.190734863 -364.041595459
Y 13560.148437500 6159.146484375 1635.735351562
I 815.418334961 -2591.958984375 -2188.867431641
I -339.747619629 388.533843994 208.651733398
I 525.340576172 81.005424500 181.812622070
Z 80.624542236 -915.436645508 255.232482910
Z 892.284545898 -606.620239258 942.638916016
I 114.674896240 -27.750516891 -339.684814453
I 44.180904388 383.552612305 -333.884399414
Z 39.194839478 144.085250854 75.842155457
Z 240.148376465 -206.511642456 167.571197510
Y 238.880554199 220.868606567 194.322845459
I 514.085144043 473.721191406 -31.331277847
I -1413.613281250 -14.963996887 1067.151123047
I -596.568969727 -61.570709229 -114.378555298
I -355.616546631 -359.595184326 152.284805298
Z -777.946228027 -853.737121582 -1144.535400391
I -286.368652344 -204.344604492 266.963104248
I 201.603836060 158.395965576 -135.456481934
I 283.221954346 -243.331710815 450.535858154
I -4.321269512 -386.452270508 193.978302002
I 106.503433228 198.297866821 839.106750488
Z 172.542297363 291.576812744 4.735609055
I -312.107208252 -295.323822021 -48.016056061
Y -504.293884277 332.005310059 -69.724731445
Z -633.801452637 -387.952148438 -46.338722229
Z -856.177429199 -4610.194335938 2237.688232422
I 13.448508263 573.645690918 -170.582595825
I 343.964752197 300.425903320 23.506557465
I -197.171066284 -623.086608887 -368.908172607
Z -788.571472168 332.920257568 60.441787720
Y 905.083374023 3617.925537109 2451.706542969
I 105.332939148 246.583236694 834.172180176
I 431.200347900 -399.518829346 118.205841064
I -85.850112915 -42.758319855 -376.718322754
I 372.865753174 352.358551025 -112.942939758
I -272.844238281 -6.902705193 459.585876465
Y 340.002868652 -147.507675171 174.533050537
Z -488.489166260 -553.079956055 -645.680908203
Z 199.015686035 -179.842666626 69.462394714
I 1169.889160156 -112.425674438 102.701622009
I -105.496017456 -651.390563965 88.232269287
I 473.406158447 -854.727783203 5.339866638
Z 90.698280334 19.137411118 209.010955811
I -0.716393948 -477.358947754 524.614318848
Z 1551.241333008 -249.346511841 1375.183715820
I 478.763610840 127.947265625 -428.279541016
I 81.141075134 438.351226807 -91.229866028
Y 171.141983032 -273.475158691 191.738967896
Z 127.155883789 -250.752243042 -835.501403809
Y -236.408645630 -337.423614502 162.518051147
I 423.196441650 39.813510895 -146.949966431
Z -523.671386719 -390.476440430 -176.871032715
Z -1889.779296875 -114.722152710 -580.448669434
Y 311.664245605 -182.010421753 -684.517333984
I 712.136779785 87.032447815 569.716308594
Z -367.065155029 -208.012542725 149.627517700
I -6915.608886719 -10239.539062500 7880.333984375
I 221.709762573 -308.197845459 872.487731934
Y 28.900684357 612.778076172 271.545043945
Z 398.722900391 546.726501465 -552.539489746
Z -1120.400390625 -3061.343017578 -2120.299316406
I -237.275161743 557.400939941 -277.088897705
I 572.961120605 -196.939987183 699.330871582
Z -803.854064941 -502.853912354 -4.239722729
Z 19.387670517 -37.861007690 401.353820801
I 157.237197876 -408.765106201 -112.232978821
Y 104.662803650 -161.558807373 -193.024032593
Z -478.317840576 423.818878174 74.257675171
Z 194.075454712 -101.458618164 231.170242310
I -61.251689911 -145.507888794 -434.883972168
I -443.617187500 -603.147766113 -550.735107422
I 483.246185303 -203.420776367 -536.689331055
I 17.681957245 -280.833435059 -306.885528564
Y -53.976181030 -507.840087891 -114.671615601
Y -75.122314453 90.333435059 709.063110352
I -85.822830200 -634.001586914 -6.398272038
I -154.322433472 220.868347168 504.024627686
Y 421.726348877 88.113647461 46.414581299
Z 23.096931458 -567.255676270 -526.513671875
I 825.812194824 311.843292236 197.522369385
I 51.133914948 273.982818604 -561.585815430
I -623.833129883 -525.001525879 -260.321990967
Z 101.753746033 214.567123413 -705.625122070
Z -478.519042969 -597.042907715 -625.898681641
Y 5.926801682 644.568847656 136.609954834
I -211.100479126 301.186492920 185.705764771
I 585.908935547 317.949890137 -73.313995361
Z 68.828392029 199.556655884 52.998882294
I -867.383239746 278.369445801 225.238067627
Y 229.494232178 -122.942405701 -226.914932251
I -431.422058105 636.642272949 568.964782715
Z 547.089294434 305.044677734 792.412536621
I -234.440399170 -382.453247070 -392.914276123
Y 621.271179199 -301.307189941 -77.332832336
I -926.182006836 1313.488647461 2686.100097656
Y -318.316955566 -387.213165283 -65.997642517
I -4801.430664062 13436.340820312 -1171.135375977
I 326.406585693 -410.580474854 84.189796448
I -11.620348930 238.470321655 278.937957764
Z 807.460083008 -688.466003418 -138.178375244
Z 360.359649658 -679.871887207 -425.396789551
I 46.024711609 -97.818397522 988.120666504
I -92.442619324 170.186599731 521.153869629
I 502.739990234 -354.112731934 157.837432861
Z 3895.358154297 1280.862426758 -2334.608154297
I 338.147705078 347.752868652 251.298049927
I 156.456634521 -362.902709961 -843.786987305
I 257.860900879 127.121887207 -206.976745605
I 336.898254395 498.938140869 -112.164947510
I -114.204933167 423.930328369 -63.779956818
L -307.882873535 -223.225692749 415.298614502
I 10.889853477 -248.632019043 290.930145264
I 323.053009033 -931.749694824 -391.449676514
I 130.391204834 615.218322754 504.540191650
W 495.834594727 482.893615723 -65.808792114
I -521.233703613 78.364028931 352.541107178
Y 414.454559326 310.983978271 394.097259521
I 446.822692871 -278.031616211 291.320190430
Z 185.145645142 -134.800994873 42.239692688
I -40.215946198 12.324528694 120.253028870
I 58.870964050 217.219192505 372.787750244
I 379.938385010 484.206298828 118.692321777
Y 235.302673340 97.799751282 45.481990814
Z 433.535919189 292.822174072 -165.924301147
I 106.171707153 -284.583526611 684.039245605
I 2363.768554688 -2881.792480469 -301.435577393
I -474.673645020 672.583862305 67.624702454
I 310.949920654 34.182548523 117.921691895
I -181.128997803 -36.345100403 -1019.412780762
Y 37.218032837 -184.229644775 473.363464355
I -285.580932617 -467.937927246 -151.537750244
I -558.965637207 126.071716309 -65.556785583
I 196.908370972 -697.367065430 -378.813262939
I -6044.189941406 4647.365234375 -6649.078613281
I -141.896743774 585.844970703 7.613390446
I 278.170318604 -116.168731689 -275.335540771
B 213.569839478 -2.921370268 733.966979980
I 142.591064453 -409.631164551 262.897705078
I -394.009124756 24.002468109 429.432373047
I 324.901519775 311.037200928 -108.703048706
Z -3600.089843750 1552.253784180 -3100.951904297
Y 311.774169922 109.032531738 310.502227783
I 393.032287598 326.905334473 225.117675781
Y 232.495254517 -21.250925064 -317.241607666
I -81.168624878 199.251953125 -33.279163361
I -712.136840820 -330.831665039 211.592651367
I 33.603385925 -135.837265015 383.302581787
Y 240.886596680 163.116699219 -279.411895752
I 143.858078003 -554.078308105 -389.931121826
Z -448.996154785 373.556091309 -221.431671143
Z 205.368484497 127.045349121 23.140226364
I 595.252441406 -361.277893066 -116.390296936
I -468.073547363 -235.798461914 104.052474976
Y 139.265487671 415.440124512 455.874114990
I 8143.938964844 -9950.356445312 12584.350585938
I 857.533020020 -661.026489258 472.948486328
Z -2667.003662109 238.740982056 1603.189819336
Z 1287.260864258 -3351.301513672 -721.860839844
Z 445.559265137 362.501983643 -669.117492676
Y -42.590877533 120.767524719 130.916732788
Z -372.275115967 -353.207031250 252.670272827
I 99.884841919 -143.981613159 315.852172852
I -290.232849121 -13.570384026 427.516632080
I -228.529403687 -288.758636475 484.594818115
I -323.437774658 118.236961365 609.471435547
Z -31.307374954 -200.136138916 -1001.159484863
I -520.111877441 -453.500976562 -477.485351562
Z -207.349304199 -379.197967529 160.465301514
Z -2089.700927734 1248.486328125 -34.383274078
I -244.996551514 51.914512634 -158.380661011
I 509.071166992 246.415145874 92.795799255
Z 392.419189453 -413.073089600 -693.355346680
Y 14.353249550 -221.842636108 -46.186420441
I 114.278968811 165.499435425 832.562561035
Z -549.591674805 -672.481689453 -474.049530029
I 375.338836670 -27.876852036 511.369995117
I -40.126937866 -572.260253906 78.932121277
I -49.765037537 803.613586426 -105.522293091
I 666.739746094 797.268188477 223.493179321
I 53.772190094 -132.179656982 -921.849304199
I 589.039916992 470.255645752 -538.814880371
I 394.190917969 190.232803345 396.090362549
I 6825.168945312 13162.149414062 6332.351074219
I -83.244041443 -293.512908936 708.606750488
I -323.022766113 -123.680137634 -433.572570801
Z -4.421605587 -18.435691833 -72.893936157
I -755.495849609 -21.121463776 445.582153320
I 494.490142822 -308.733581543 686.970703125
Z 527.107482910 -464.157073975 252.754028320
I 69.538696289 -375.542816162 433.701965332
I 489.847930908 798.908813477 -83.746261597
Z -781.232299805 171.652252197 305.937561035
Y 74.112976074 13.799647331 303.911712646
I -4.214985371 386.184326172 914.099548340
I -376.632446289 412.116424561 992.404846191
I 372.259552002 -384.982635498 -525.353210449
I 362.579589844 246.861160278 836.548828125
I -56.810607910 -434.900970459 -202.397445679
Z 33.449253082 14.232862473 -15.160441399
Y 252.747360229 417.577117920 549.606567383
Z -130.766357422 -257.917236328 -658.319641113
I 326.578582764 425.286437988 505.493591309
I 748.309631348 -132.381027222 259.464202881
I 595.116638184 355.298339844 -418.052551270
I -388.707153320 -178.876861572 300.702392578
I 32.371498108 -653.170898438 -518.221496582
I -4.989392757 -700.598632812 439.374908447
I -135.338104248 -462.460388184 -718.609497070
I -1086.317871094 10074.492187500 -12927.213867188
I -255.236206055 76.386482239 97.427314758
I -1161.394409180 -2243.357910156 -138.623153687
Z -267.413238525 70.846168518 136.228393555
K 534.183105469 -393.355041504 -217.353088379
Z 117.906082153 131.966674805 63.737815857
Y -81.521820068 -212.204071045 511.976074219
Z 4896.356933594 -408.372924805 -1229.944580078
Z 353.241943359 461.500274658 522.603942871
I 529.831665039 -435.448883057 269.579101562
Y 23.950037003 -263.024749756 429.522552490
Y 368.162933350 412.141845703 518.539794922
Z 3864.624023438 4253.909667969 8406.565429688
Z 276.694152832 50.823242188 8.764118195
Y 297.205230713 -648.117431641 295.367279053
I 31.476503372 712.867309570 247.048599243
I -472.912475586 -188.474914551 -222.374572754
I -82.181419373 -226.735702515 785.253234863
I 0.619801104 527.876770020 212.980346680
I -646.397399902 610.712463379 540.482666016
Z -342.840515137 192.784179688 904.772094727
Y -131.995788574 457.270782471 -6.084618092
I -2902.493896484 -1206.581054688 2624.139160156
I 247.939285278 -269.088867188 -332.262023926
I 94.976127625 -474.759582520 187.715850830
I -559.244018555 9.128870010 1014.016784668
Z 319.095794678 -497.206420898 -705.879272461
Z -110.789611816 220.691940308 -733.247192383
I -9477.160156250 2863.092773438 1922.322143555
Z 459.898468018 -503.581909180 266.249450684
I 700.316650391 26.575578690 -331.887634277
Z 514.358886719 503.070098877 -171.420074463
Z 760.016174316 -7.406041622 -343.673797607
I 786.229919434 317.932159424 587.676025391
I 509.881378174 819.327758789 345.527984619
Z 1.993728995 -702.120605469 -243.551223755
Z -0.886297643 1.888589859 130.835647583
I 600.349853516 15.695689201 40.057544708
Z 912.275939941 -61.468231201 474.044067383
Z -2627.229492188 2318.696533203 -697.244506836
I 52.519603729 97.181961060 797.672302246
Z 94.756637573 247.415695190 514.971923828
I 372.288543701 803.994506836 249.500991821
Z -295.898590088 183.584976196 128.992248535
I -177.675643921 305.838928223 -115.821098328
Z 3.162235498 200.076431274 -9.084372520
I 92.703140259 -646.650756836 194.196960449
Y -203.109542847 141.424316406 -29.092136383
I 364.225311279 -265.254455566 -350.392852783
I 93.615951538 167.374450684 -418.983154297
I 378.476043701 -826.011840820 -295.316406250
Y 40.056617737 647.596923828 -505.383361816
Z -767.579467773 -448.360412598 -53.720661163
I 1237.701782227 1790.024414062 -450.001098633
I -504.204437256 119.046707153 11.401155472
Z -286.215820312 -141.203567505 443.324432373
Y 226.135223389 -334.190277100 -156.517730713
Z -312.190765381 133.376266479 -425.251098633
Z 660.800231934 47.084445953 609.315063477
Y 271.063232422 -122.895912170 -36.051651001
Z 428.588134766 73.074096680 286.731597900
I -119.644744873 709.731079102 323.454956055
Y 282.701446533 -484.170257568 -474.131530762
Z -200.720520020 727.064880371 -270.501861572
Y 361.909515381 -200.983947754 -36.420520782
Z -750.477050781 -230.224929810 75.876914978
Z 197.310379028 -29.761993408 227.354858398
I 112.624450684 49.461826324 125.050659180
I -584.055175781 -352.475402832 -204.321411133
Z -5990.486816406 5359.220703125 1270.085937500
I 296.207946777 -145.704330444 474.470672607
Z 942.471679688 -525.209838867 -294.120880127
Z 4672.195800781 1998.974609375 -80.036331177
I 497.731842041 748.539123535 788.613769531
I 388.844177246 -455.553802490 -29.981210709
