533

A 333.756347656 -46.838390350 120.756034851
A 91.032608032 -165.603393555 359.263366699
A 293.614410400 -127.572715759 390.644958496
A 240.604644775 -264.907501221 244.011169434
A 369.243621826 -37.356479645 284.469207764
A 383.707855225 -87.251876831 255.287384033
A 276.248291016 -193.209838867 274.931793213
A 271.614288330 -97.591476440 389.595184326
A 292.476348877 -4386.814453125 -41837.644531250
A 380.194335938 -122.486732483 232.413879395
A 103.889488220 1.365423203 111.012168884
A 279.055145264 -69.477890015 346.685943604
A 274.292175293 -246.429626465 191.008590698
A 343.404327393 -25.288978577 332.293334961
A 60.361717224 -42.421859741 133.167785645
A 2877.594238281 -662.379516602 6349.548339844
A 224.920349121 -117.213356018 413.748046875
A 163.919601440 -244.552871704 320.690887451
A 85.087730408 -151.769973755 247.832366943
A 277.187194824 20.297937393 114.753204346
A 203.114166260 83.980255127 288.166961670
A 377.234680176 -120.329650879 263.070007324
A 191.833206177 -121.230644226 416.172424316
A 5239.507324219 3953.676025391 3.674731493
A 262.214782715 30.739582062 358.928283691
A 268.163696289 -258.042938232 265.415313721
A 297.730712891 -6.476418972 367.947296143
A 376.970214844 -61.122241974 281.330780029
A 358.556549072 -170.744293213 206.884201050
A 167.042236328 -46.886016846 86.350189209
A 184.398117065 77.735908508 165.831420898
A 374.876190186 -90.176124573 288.341217041
A 377.092651367 -51.620307922 204.983505249
A 279.259704590 -233.693527222 314.902893066
A 354.936737061 -169.781234741 287.078735352
A 76.042564392 -164.639053345 131.138381958
A 221.126129150 -3.042174816 396.277923584
A 88.114784241 49.282688141 254.850631714
A 372.952575684 -115.027252197 183.794067383
A 29.040525436 -92.303939819 275.611175537
A 332.349761963 -125.783973694 117.099876404
A 107.716621399 -88.169891357 80.806732178
A 127.144371033 13.691156387 105.013931274
A 246.546859741 -221.336212158 354.073516846
A -978.596862793 328.705352783 247.455078125
A 260.458709717 -13.139414787 84.236679077
A -40310.007812500 53259.117187500 33851.500000000
A 179.614486694 81.264160156 283.326934814
A 127.951530457 47.309753418 329.757995605
A 123.253463745 -136.500778198 244.753540039
A 56.975528717 18.330881119 230.777328491
A 43.330871582 -52.920581818 156.190063477
A 79.949127197 -129.415649414 105.403244019
A 112.920722961 -183.372238159 364.084655762
A 219.694732666 87.637901306 267.966949463
A 182.331939697 -265.673248291 278.090026855
A 129.709365845 44.416484833 137.609527588
A 81.163131714 -223.688796997 249.716537476
A 67.101821899 -184.782516479 312.302886963
A -55423.257812500 13668.209960938 -42734.953125000
A 103.640861511 -62.753139496 86.648361206
A 202.316574097 -83.800712585 418.954437256
A 107.280509949 -152.624359131 376.364868164
A 151.159439087 -229.869659424 339.857360840
A 64.151664734 -209.007492065 233.121047974
A 284.009582520 -191.714385986 112.209335327
A 218.304489136 92.210426331 244.986267090
A 322.412628174 -221.948486328 207.124923706
A 329.295532227 -210.097381592 274.660156250
A 368.590850830 -158.179229736 237.333816528
A 367.419036865 -72.457977295 161.021621704
A 330.605651855 -146.796569824 188.178955078
A 313.887695312 -200.306076050 149.416625977
A 77.658317566 34.922733307 280.733215332
A 89.466522217 -217.275894165 305.005584717
A 49.677066803 -136.162445068 148.821487427
A 284.613250732 -32.610942841 87.082885742
A 239.107681274 -169.182403564 395.796081543
A 287.572509766 16.845966339 357.196350098
A 180.421035767 12.735670090 86.068237305
A 3414.047119141 -10453.832031250 19654.480468750
A 270.074829102 -10.665484428 385.681823730
A 116.926940918 -196.827194214 119.416107178
A 316.270599365 34.867691040 303.938659668
A 168.173553467 -138.787170410 65.850158691
A 42.352443695 -148.201843262 305.680206299
A 353.949920654 -74.181221008 138.613723755
A 208.116104126 -217.169113159 363.726226807
A 254.135070801 -37.539062500 404.245849609
A 158.364486694 -171.051147461 393.730865479
A 109.262657166 -202.770462036 344.635009766
A 136.966140747 -256.595550537 239.277603149
A 32933.316406250 -11227.032226562 -35774.429687500
A 355.733032227 -117.777091980 329.047454834
A 115.240226746 -225.462966919 158.143386841
A 368.918029785 -129.581390381 289.072601318
A -16534.082031250 -67770.562500000 8661.797851562
A 118.426208496 -128.526473999 79.176856995
A 263.171722412 -159.271408081 394.809234619
A 370.000915527 -141.974243164 193.921325684
A 60.108840942 -100.898017883 351.360382080
A 55.707515717 -74.117752075 136.247390747
A -2207.997802734 5079.487792969 5241.692871094
A 96.462135315 -181.400558472 122.289085388
A 317.756835938 -115.202575684 102.306625366
A 132.138320923 19.553581238 348.756683350
A 294.271026611 -185.964660645 357.705474854
A 187.181610107 -234.376861572 128.925338745
A 61.855907440 -77.221755981 116.766540527
A 183.021224976 -200.888656616 97.878845215
A 38.824672699 -161.570343018 196.988403320
A 301.299072266 -226.364974976 175.441131592
A 46.907318115 -19.368581772 171.453979492
A 243.915802002 -223.277359009 122.336372375
A 192.640106201 -270.968841553 209.301910400
A 334.252075195 -76.815979004 115.014694214
A 176.935714722 -45.119365692 62.262554169
A -1276.230590820 -69596.093750000 -16988.953125000
A 133.131683350 -226.995498657 141.644073486
A 233.068389893 -138.699691772 86.273460388
A 126.787612915 -11.603861809 91.088684082
A 196.915130615 -57.012325287 415.709991455
A 230.260986328 -195.109893799 120.391426086
A 69.184913635 -68.652755737 360.334136963
A -47723.601562500 -36890.964843750 -42710.425781250
A 360.654479980 -15.344613075 289.053833008
A 302.808319092 -233.714614868 199.543380737
A 291.957061768 -157.701187134 378.878112793
A 19.960256577 -83.142723083 251.902221680
A 40.659442902 -9.629269600 234.645828247
A 277.121978760 -67.458389282 401.395660400
A 184.382263184 -6.581121445 397.115905762
A 319.170043945 40.981021881 192.097213745
A 260.020721436 54.654792786 141.658630371
A 319.692443848 -71.328834534 100.161773682
A -701.131652832 -4965.233398438 1737.543701172
A 177.279525757 -165.849365234 72.635246277
A 163.569869995 -259.245330811 289.210998535
A 785.454528809 -632.852844238 90.839843750
A 247.618103027 78.136062622 282.175140381
A 147.730499268 53.278900146 136.624328613
A 94.952056885 -205.003112793 324.044799805
A 245.424667358 -68.407783508 59.728092194
A 221.134094238 -258.499969482 308.119903564
A 36.943119049 -21.690008163 260.367584229
A 25056.177734375 -8525.019531250 -36410.347656250
A 242.782424927 -135.981323242 408.626586914
A 222.471847534 -118.684371948 224.674804688
A -3401.489746094 -1013.119201660 1083.326904297
A 199.323684692 32.818950653 103.767005920
A 76.572807312 -180.108718872 214.237487793
A 67.993858337 -40.465614319 353.058654785
A 256.484832764 67.558013916 168.383026123
A 80.110557556 -217.486968994 214.176025391
A 129.670806885 25.872068405 359.655517578
A 55.405788422 8.807280540 191.678619385
A 335.438507080 -26.028162003 135.536102295
A 181.108673096 -86.745773315 53.667091370
A 326.179199219 -176.963317871 336.279388428
A 34.344619751 -108.129730225 306.850158691
A 60.902294159 -152.907318115 146.329101562
A 71.379364014 -21.801769257 142.556274414
A 213.239212036 89.377380371 200.514404297
A 237.686889648 48.936790466 347.996398926
A 114.854217529 55.357570648 172.942337036
A 70.793395996 -209.677749634 198.267028809
A 62.846260071 21.791316986 208.041503906
A 55.194728851 -191.893875122 260.836364746
A 82.789573669 44.542266846 217.688095093
A 308.772491455 -233.656845093 246.244934082
A 158.015472412 76.421676636 181.218658447
A 280.051513672 -230.131103516 152.681289673
A 27.482694626 -130.009628296 223.287384033
A 218.863342285 11.148698807 85.616340637
A 305.702972412 58.694152832 221.598785400
A 323.057006836 -151.348571777 119.143348694
A 320.187255859 2.633094549 337.494934082
A 269.243621826 -52.850955963 73.243553162
A 138.194564819 -252.086074829 288.060302734
A 145.277374268 80.703002930 229.785171509
A 248.429687500 -37.851890564 72.177185059
A 36.551708221 -110.810333252 164.465194702
A 367.976501465 -16.933881760 248.500946045
A 276.802520752 -182.805023193 372.745513916
A 164.083068848 70.307540894 310.168945312
A 153.189056396 -9.823324203 395.766357422
A 3486.854248047 8130.931152344 11127.842773438
A 219.375854492 89.583580017 222.374588013
A 77.999855042 -183.097686768 147.613021851
A 355.759063721 -183.699935913 237.359085083
A 162.344131470 -70.570327759 414.399414062
A 39.611946106 -15.917698860 204.559997559
A 317.709320068 -211.185989380 172.515914917
A 674.654418945 -1063.559448242 -50.506458282
A -25231.515625000 32125.406250000 26226.037109375
A 40.622966766 -162.511978149 275.466857910
A 270.577239990 -144.088882446 77.219528198
A 212.178451538 -223.088394165 114.016563416
A 67.273262024 29.236732483 253.236312866
A 34.855640411 -44.375621796 180.472915649
A 332.493377686 -155.969360352 345.000183105
A 205.987716675 -115.956718445 57.810493469
A 234.420669556 -186.121307373 84.922492981
A 124.598609924 -238.802749634 309.645141602
A 150.935119629 -159.015884399 80.428169250
A 105.014732361 61.087512970 244.350173950
A 144.547790527 -255.145065308 189.367050171
A 136.064773560 -176.985733032 381.223815918
A 245.069320679 -90.709159851 62.663246155
A 48.923706055 -184.923080444 204.627319336
A 235.485412598 -11.488559723 76.534431458
A 261.126159668 38.676937103 121.978393555
A 76.525016785 -90.873184204 103.812683105
A 141.881088257 -1146.010986328 -241.231781006
A 55.294715881 -134.276931763 335.932922363
A 336.028289795 34.196640015 218.166046143
A 220.114532471 -46.923069000 412.270019531
A 74.981285095 -112.658691406 112.826377869
A 230.560668945 -96.577056885 415.643066406
A 216.263458252 -28.342597961 64.476318359
A 284.508666992 -84.319557190 77.899696350
A 343.274993896 -15.103024483 229.188583374
A 167.070114136 -48.641479492 411.112274170
A 234.634323120 65.151321411 146.873489380
A 96.109222412 1.717823625 353.401062012
A 276.633453369 67.415443420 183.413467407
A 265.207885742 -253.450942993 217.350601196
A 201.605209351 -51.948654175 59.450805664
A 184.273101807 -256.496276855 235.891601562
A -5962.315429688 33333.429687500 -79147.046875000
A 48.242126465 -105.374328613 140.137954712
A 133.114868164 -140.061096191 398.344390869
A 139.962677002 -127.420097351 69.328903198
A 181.194595337 -122.547897339 58.865871429
A 179.416275024 89.378684998 239.903289795
A 213.017715454 82.900779724 180.338211060
A 366.901611328 -70.677146912 311.391235352
A 299.771484375 -133.282424927 91.850639343
A 344.390502930 -157.578948975 321.004486084
A 251.833969116 -238.197097778 327.867553711
A 67.610328674 13.537529945 170.543319702
A 325.690704346 -203.829208374 303.830474854
A 336.497680664 21.951986313 189.183334351
A 301.492401123 -102.326774597 86.615905762
A 357.396820068 -148.038467407 164.915573120
A 308.297485352 -39.361289978 98.570060730
A 43.692356110 -123.644035339 321.640960693
A 169.825866699 -219.079467773 359.778839111
A 224.916137695 27.765386581 372.025054932
A 356.678253174 -145.079330444 313.575927734
A 46971.742187500 21652.498046875 5633.784667969
A 597.127441406 -1411.803833008 -939.140930176
A 361.507751465 -112.275306702 155.559478760
A 211.142074585 -270.094207764 231.629394531
A 158.392044067 67.152503967 157.593582153
A 278.456176758 -212.430618286 344.316589355
A 55.439632416 -29.248533249 326.641113281
A 147.052947998 -38.801944733 68.631614685
A 339.321502686 -56.735160828 351.058441162
A 307.254547119 -225.516677856 291.911254883
A 247.949783325 70.056221008 308.960296631
A 169.974151611 52.839939117 125.441169739
A 48.314815521 -83.343170166 333.888916016
A 340.373809814 18.777366638 280.866119385
A 28.218446732 -67.875549316 288.610626221
A 319.688018799 -36.257148743 364.992004395
A 259.488494873 -173.562210083 87.992904663
A 38.830329895 -169.343643188 247.326583862
A 270.459411621 50.816188812 328.865661621
A 317.676300049 -107.395782471 375.276275635
A 208.533035278 -16.428997040 404.862792969
A 273.903045654 75.529830933 261.718261719
A 273.603027344 65.080024719 300.060272217
A 309.160339355 -196.726608276 340.086090088
A 34.636024475 -159.654525757 228.054916382
A -2668.751953125 -13621.254882812 7151.851562500
A 283.915191650 -161.538223267 93.861892700
A 334.647094727 -1.878136277 149.462036133
A 108.771720886 -220.846496582 275.660156250
A 24.569581985 -116.432495117 268.009368896
A 1419.106567383 5534.414062500 3854.173828125
A 202.705963135 34.860038757 182.227081299
A 359.091491699 -24.872770309 171.663040161
A 134.317672729 -205.660842896 358.973999023
A 117.613494873 -25.492891312 387.821289062
A 352.735076904 -176.817565918 186.200515747
A 229.194625854 -125.287490845 61.284355164
A 111.101669312 -156.197738647 95.012855530
A 149.668991089 -123.927108765 407.951446533
A 31.771377563 -74.403411865 223.370941162
A 304.419403076 59.820278168 257.474731445
A 294.932250977 -243.964004517 226.282089233
A 327.316986084 10.749337196 320.481994629
A 212.511444092 -143.033462524 409.002990723
A 157.284469604 -87.874671936 163.047912598
A 320.352081299 46.249092102 244.776245117
A 154.030334473 28.482915878 108.338783264
A 234.669982910 43.884273529 117.474029541
A 125.917739868 -96.303237915 402.962402344
A 199.792266846 -188.753280640 387.732025146
A 369.073028564 -52.009738922 183.665618896
A 339.674285889 -202.133911133 206.355529785
A 369.939086914 -68.187355042 256.908813477
A 98.660713196 -57.884609222 383.318054199
A 354.928771973 -73.819450378 332.591735840
A 382.706695557 -97.897155762 233.828613281
A -23480.648437500 -34479.968750000 26640.992187500
A 166.677871704 -3.131715298 84.821670532
A 89.717735291 44.568943024 188.449859619
A 209.245666504 -243.083816528 331.601928711
A -950.595397949 -2884.591796875 -1812.511718750
A 115.501274109 30.067129135 132.422378540
A 317.716735840 -127.969284058 369.983245850
A 342.744049072 4.363790035 170.760192871
A 29.177803040 -45.095115662 205.063415527
A 378.824645996 -90.818466187 203.438507080
A 26.809669495 -81.198692322 184.453308105
A 174.930557251 16.417854309 381.820953369
A 308.371490479 -52.199344635 380.117370605
A 101.346115112 -121.691062927 89.584350586
A 27.071689606 -50.940975189 266.647552490
A 252.154342651 84.258262634 218.717315674
A 148.885482788 -5.708473206 82.307525635
A 191.180328369 67.452644348 325.191040039
A 52.032794952 -63.856708527 335.963043213
A 249.752655029 84.068359375 247.835479736
A 292.390502930 -242.168014526 275.622192383
A 55.845977783 -179.429443359 294.261871338
A 213.071121216 -249.914245605 157.153472900
A 118.986602783 57.857769012 301.369812012
A 196.939239502 -8.991665840 71.132682800
A 54.343708038 -175.280685425 174.293670654
A 189.114166260 43.853675842 115.439582825
A 296.209991455 38.212631226 325.955017090
A 124.406845093 75.230552673 256.124633789
A 180.383438110 -92.708328247 417.152587891
A 270.469635010 -127.566665649 401.980804443
A 367.848815918 -106.177650452 306.239288330
A 373.798278809 -134.756164551 216.739608765
A 145.736724854 -219.023757935 125.846740723
A 95.940505981 37.803600311 314.828765869
A 302.171905518 46.553115845 176.198974609
A 347.863281250 -90.931747437 344.181060791
A 211.299713135 78.177719116 306.675628662
A -274.330383301 592.645507812 1464.305664062
A 223.467727661 -207.109588623 97.947593689
A -15959.351562500 44779.621093750 -3883.592529297
A 141.007492065 -38.559944153 399.974853516
A 368.117004395 -146.237075806 270.553588867
A 326.524047852 -217.406585693 250.678329468
A 52.533802032 6.380477905 262.243530273
A 194.860107422 -85.329147339 60.650886536
A 157.908294678 -201.815139771 373.378631592
A 349.900726318 -130.020263672 139.892776489
A 7462.809082031 2646.651611328 -4367.345214844
A 181.516769409 90.589530945 219.498809814
A 302.477661133 -74.400451660 390.306152344
A 122.705268860 -48.084552765 77.962684631
A 30.882017136 -138.666702271 274.314147949
A 100.059082031 -207.601440430 148.441925049
A 244.637344360 -258.433990479 190.570144653
A 246.143447876 -8.684683800 393.313934326
A 250.467681885 -238.631118774 152.426879883
A 225.643157959 62.196712494 329.396301270
A 203.553482056 55.430416107 343.046447754
A 204.288192749 39.467720032 363.826995850
A 354.988220215 5.116739273 266.723083496
A 183.457290649 -262.811462402 185.564468384
A 101.332901001 -239.400421143 214.180694580
A 137.757827759 10.238134384 376.940673828
A 299.589141846 -218.622299194 320.960357666
A 132.958587646 -255.975769043 264.915283203
A 123.053710938 71.796073914 217.421859741
A 307.784423828 17.863817215 137.389541626
A 254.636871338 -248.805725098 166.178817749
A 1681.492431641 -1888.970825195 0.754813373
A 103.918022156 58.108997345 208.360671997
A 317.632568359 -178.674179077 133.955795288
A 154.685134888 -97.078109741 62.135116577
A 186.263916016 -251.927124023 159.383239746
A 39.587917328 -24.776584625 287.387084961
A 149.285079956 -246.831451416 166.428527832
A 165.658340454 46.607955933 350.812866211
A -12834.697265625 10011.979492188 -13953.624023438
A 302.586334229 -67.933677673 86.519134521
A 145.924499512 -178.136032104 90.190223694
A 352.353729248 -43.100734711 148.772766113
A 198.526290894 -270.316467285 261.032318115
A 267.884735107 -252.168579102 287.669311523
A 163.773361206 -142.957107544 407.324951172
A -9333.220703125 4387.893066406 -7993.343261719
A 271.959747314 -256.559600830 234.066329956
A 319.916809082 42.380226135 278.341583252
A 272.426422119 -99.574729919 69.820060730
A 102.401702881 -25.906814575 98.256126404
A 370.444671631 -24.517723083 211.132141113
A 166.670303345 -268.200897217 240.494323730
A 52.472194672 -6.147641659 298.478942871
A 180.269134521 32.007362366 367.957153320
A 64.063362122 -4.086329937 150.760940552
A 91.626899719 -222.640426636 182.523529053
A 344.427246094 -98.270561218 124.539955139
A 127.975776672 -65.494583130 401.529663086
A 67.414222717 15.547151566 299.515594482
A 33099.882812500 -40219.777343750 51084.726562500
A 338.461639404 -187.408615112 299.702117920
A -6207.360839844 715.070373535 3929.426513672
A 1378.862060547 -3163.085937500 -500.220336914
A 127.309906006 -225.136245728 330.531036377
A 131.413833618 68.980781555 180.821838379
A 356.732360840 -2.529682636 196.232650757
A 264.454162598 -206.642578125 114.555679321
A 35.710430145 -139.447463989 178.842605591
A 308.236755371 4.273861408 120.807701111
A 248.071517944 80.688827515 189.607406616
A 315.384979248 -153.718292236 364.177734375
A 77.658958435 -145.497741699 116.984870911
A 122.621177673 -180.046478271 101.533538818
A -3013.376708984 1930.332763672 85.830505371
A 258.704956055 -206.936508179 363.661468506
A 152.421829224 -98.823402405 412.051116943
A 337.461639404 -162.464813232 141.618942261
A 140.383178711 69.852455139 289.948852539
A 198.924255371 -23.454507828 396.416198730
A 125.271774292 -253.753631592 214.939086914
A 98.881118774 -86.870841980 391.169494629
A 229.479614258 -266.321807861 211.655792236
A 221.263092041 -247.179367065 298.664733887
A 277.386474609 1.323286533 238.462448120
A 128.584472656 -92.974670410 68.799034119
A 316.325775146 -16.151449203 118.641136169
A 245.122070312 -190.955307007 382.410919189
A 25251.261718750 49061.425781250 23410.841796875
A 75.743400574 -131.529022217 360.239959717
A 253.055206299 16.566776276 377.871032715
A 227.856170654 -267.080596924 266.669433594
A 368.973083496 -89.090324402 174.371490479
A 81.163780212 -28.178373337 115.627136230
A 88.150108337 32.771854401 168.096923828
A 220.024856567 -231.022811890 346.705780029
A 290.669250488 65.144187927 203.792022705
A 36.377086639 -79.862030029 161.315963745
A 42.337997437 -42.932235718 306.593383789
A 214.772491455 -165.153823853 72.880767822
A 137.320266724 -22.207393646 374.122955322
A 96.120857239 -35.572887421 374.372222900
A 215.386825562 -170.117645264 399.180236816
A 355.546905518 -42.188407898 320.241333008
A 344.233184814 24.314365387 247.502014160
A 155.111022949 -262.322570801 212.623199463
A 250.834793091 -57.900901794 408.958831787
A 117.730590820 -240.234146118 181.705505371
A 153.845214844 57.552543640 330.687896729
A 72.066810608 -157.820693970 343.764556885
A 23.112699509 -120.442787170 242.226318359
A 172.582275391 -217.311996460 114.568939209
A 204.894149780 75.123138428 154.746536255
A 162.281234741 -29.882949829 266.411254883
A -4176.716308594 38388.925781250 -49056.781250000
A 307.266632080 31.335464478 154.299209595
A -430.281463623 -1160.388671875 162.099761963
A 73.503433228 -178.739059448 332.504211426
A 339.408538818 -186.593429565 170.048049927
A 82.793746948 -56.830570221 101.753433228
A 257.722534180 12.938878059 97.254539490
A 7176.736816406 -462.393432617 -1598.422119141
A 348.811065674 -7.618143082 306.293090820
A 222.923583984 -72.658447266 57.271873474
A 96.245964050 19.857587814 334.941406250
A 107.786338806 -245.877105713 249.948852539
A 8230.961914062 9397.346679688 17980.701171875
A 286.131164551 44.386295319 149.142227173
A 21.491786957 -93.629760742 205.812225342
A 87.934211731 -18.617052078 361.142639160
A 18.190803528 -66.228683472 230.702056885
A 292.046417236 -207.875473022 134.209701538
A 338.974243164 -204.670989990 237.427474976
A 94.185646057 6.979546070 294.683624268
A 80.439826965 -96.160850525 372.733947754
A 28.862155914 -36.724952698 236.254501343
A -3278.233886719 -1319.956665039 3226.361083984
A 159.329025269 83.087234497 204.303314209
A 195.404434204 -182.174591064 78.972145081
A 113.553718567 -88.644271851 368.319458008
A 70.100708008 -6.780729771 327.549926758
A 100.388702393 33.541286469 147.704986572
A -19621.382812500 6216.202148438 4030.783447266
A 76.523933411 -198.943038940 167.490844727
A 241.742156982 -81.622756958 415.552825928
A 100.170036316 -235.495910645 281.096862793
A 33.885105133 -83.392997742 308.842834473
A 298.279357910 19.126947403 310.596435547
A 291.744079590 61.473846436 280.211181641
A 168.780319214 84.381271362 262.953491211
A 358.156005859 6.536387920 225.957794189
A 378.666137695 -43.877029419 247.055786133
A 227.515777588 -238.738967896 136.110290527
A -2631.957275391 2446.904052734 -522.663696289
A 92.290832520 -121.851661682 377.895324707
A 232.531768799 -148.825195312 65.968338013
A 277.865112305 76.466812134 230.839096069
A 216.034591675 -203.890594482 377.619903564
A 84.372024536 3.567791939 131.748733521
A 355.411865234 -179.204391479 264.144134521
A 289.306274414 -6.165568352 101.677589417
A 244.282363892 -254.916702271 297.662628174
A 282.556396484 -99.933006287 405.015655518
A 146.211776733 -68.833984375 64.375434875
A 98.863464355 50.629581451 285.069427490
A 206.787750244 60.184173584 131.602188110
A 381.715423584 -65.113609314 224.498672485
A 254.430908203 -1.768501282 212.009399414
A 184.405685425 -232.717422485 346.120056152
A 115.315979004 -136.234542847 389.817230225
A 215.767425537 -260.941131592 183.909042358
A 228.050537109 27.244800568 99.236984253
A 149.307037354 -200.847366333 105.655502319
A 286.770996094 -31.997652054 386.820922852
A 70.748542786 -211.841003418 279.385498047
A 141.302520752 74.503601074 269.844299316
A 164.373764038 -242.591537476 149.079483032
A 322.535614014 -17.804096222 355.732086182
A 262.608825684 -121.050186157 68.935691833
A 175.311325073 -187.643753052 386.657501221
A 341.912811279 -120.686759949 349.996002197
A 188.308624268 -255.672149658 307.448669434
A 187.323852539 -153.096710205 404.932495117
A -11278.811523438 10350.490234375 2435.090576172
A 300.718963623 -171.015869141 110.195320129
A 327.560607910 -80.949249268 369.886444092
A 9610.577148438 4306.541015625 -23.058748245
A 264.003173828 31.632131577 339.956909180
A 28.081539154 -124.116783142 198.432373047
