533

A 306.942596436 -43.603546143 110.758514404
A 83.651092529 -152.721572876 330.415832520
A 269.931671143 -117.378410339 359.950683594
A 221.384155273 -243.446899414 224.867156982
A 340.008636475 -34.651012421 262.134185791
A 353.316711426 -79.750778198 235.308242798
A 254.262313843 -178.188766479 252.896881104
A 249.454360962 -89.556938171 358.238922119
A 268.733520508 -4036.277099609 -38496.664062500
A 349.911987305 -112.062469482 214.162994385
A 95.770561218 0.998194873 102.594024658
A 257.105010986 -63.481678009 319.165710449
A 252.042678833 -226.862518311 175.766235352
A 315.572235107 -23.234172821 305.626342773
A 55.832580566 -39.062194824 123.191841125
A 2647.996826172 -609.563476562 5842.554687500
A 207.029785156 -108.142944336 381.473022461
A 151.619491577 -225.081314087 295.271148682
A 78.211524963 -139.553787231 228.730834961
A 255.297637939 18.815034866 105.213760376
A 187.727264404 76.838882446 265.078063965
A 347.003784180 -110.855667114 242.407196045
A 176.660049438 -111.520118713 383.309143066
A 4821.335449219 3637.289062500 4.021918297
A 240.425735474 28.165397644 330.329986572
A 246.844848633 -236.817687988 244.157073975
A 273.732452393 -6.104222775 338.820587158
A 347.510406494 -57.068332672 258.800506592
A 330.038146973 -157.226669312 191.515884399
A 153.271667480 -43.337226868 79.119216919
A 169.937957764 71.783943176 152.437942505
A 345.463775635 -83.316230774 265.380798340
A 346.724456787 -47.013435364 188.149185181
A 256.599395752 -214.805450439 289.610778809
A 326.318939209 -156.623413086 264.634185791
A 69.642265320 -151.749191284 120.317207336
A 203.245086670 -3.360327244 363.886688232
A 81.075302124 45.124794006 234.461135864
A 343.583038330 -105.963127136 169.117065430
A 26.360000610 -84.872566223 253.039794922
A 305.724487305 -116.103065491 108.031829834
A 98.615310669 -81.354713440 74.530952454
A 117.469520569 12.258287430 96.534599304
A 226.186233521 -203.800292969 325.755828857
A -900.410644531 302.402374268 227.973587036
A 239.541107178 -12.171815872 78.163856506
A -37090.886718750 49006.136718750 31147.445312500
A 165.027893066 75.161979675 260.800476074
A 117.389968872 43.433406830 303.701538086
A 113.857414246 -125.623413086 224.768173218
A 52.017753601 16.843633652 212.679214478
A 39.906799316 -48.041553497 143.509490967
A 73.871711731 -119.400878906 97.064994812
A 104.066490173 -168.764495850 335.157806396
A 202.053298950 80.754669189 246.053054810
A 167.384552002 -244.273635864 255.698684692
A 119.440849304 40.287189484 127.281326294
A 74.023910522 -206.260803223 230.099578857
A 61.641277313 -170.603897095 287.516784668
A -50996.722656250 12576.571289062 -39322.410156250
A 95.055938721 -57.958080292 79.145812988
A 186.162567139 -78.030532837 385.835449219
A 98.573692322 -140.652404785 345.898559570
A 139.781936646 -211.927124023 312.530578613
A 58.532993317 -192.710952759 214.451904297
A 260.488616943 -175.719100952 103.541175842
A 201.062072754 85.253471375 225.570816040
A 296.140808105 -204.290771484 190.907379150
A 303.125518799 -192.897720337 252.558486938
A 339.535736084 -145.481491089 218.464263916
A 337.894470215 -66.944122314 148.304458618
A 304.586059570 -135.247543335 173.062774658
A 288.731872559 -184.173309326 137.478134155
A 71.377517700 32.131122589 258.245544434
A 82.462394714 -200.352264404 280.654510498
A 45.101840973 -125.168991089 137.813171387
A 261.971618652 -29.943141937 80.854248047
A 219.999465942 -155.602142334 364.168273926
A 264.710540771 15.668241501 328.885406494
A 166.152740479 11.353950500 79.093299866
A 3141.992675781 -9619.288085938 18084.857421875
A 248.628860474 -10.043746948 354.019561768
A 107.978225708 -180.389144897 109.754920959
A 291.553436279 32.072982788 279.749603271
A 155.128005981 -127.923103333 60.382354736
A 39.028160095 -136.241287231 281.144683838
A 325.653137207 -68.464324951 127.127693176
A 191.562240601 -199.589187622 335.398956299
A 234.551956177 -33.833499908 371.712341309
A 145.671676636 -157.321334839 362.050994873
A 100.436828613 -186.869598389 316.832092285
A 125.541221619 -235.995941162 220.112747192
A 30302.994140625 -10330.234375000 -32916.878906250
A 326.808105469 -108.618927002 302.068176270
A 106.383804321 -207.299713135 145.563278198
A 340.247161865 -119.704238892 265.853363037
A -15213.515625000 -62357.238281250 7970.296386719
A 109.119705200 -118.124702454 73.079895020
A 241.735534668 -146.445129395 362.967010498
A 339.894714355 -130.254791260 179.082092285
A 55.800842285 -93.013954163 322.384460449
A 50.858444214 -67.586227417 125.518608093
A -2031.652709961 4673.775390625 4822.872070312
A 88.185905457 -166.789810181 112.587081909
A 291.911621094 -105.401016235 94.109115601
A 121.989242554 17.975351334 321.668579102
A 271.175964355 -171.486618042 328.937774658
A 171.584518433 -215.299041748 118.498069763
A 57.470260620 -70.767349243 106.924720764
A 168.361053467 -185.429580688 89.738861084
A 35.862701416 -148.473876953 181.486923218
A 276.964752197 -208.784896851 161.311248779
A 43.048503876 -17.937334061 157.856063843
A 224.729385376 -205.745635986 112.542228699
A 176.769180298 -249.601684570 192.727951050
A 307.370147705 -70.464797974 106.525512695
A 163.289154053 -40.604625702 56.875827789
A -1173.683837891 -64038.187500000 -15632.036132812
A 122.260787964 -208.562774658 130.418182373
A 214.063858032 -127.788833618 80.118560791
A 116.469680786 -10.837979317 83.966140747
A 181.802520752 -52.332447052 382.467376709
A 211.335952759 -179.529129028 111.171501160
A 63.725296021 -62.902889252 332.211242676
A -43911.554687500 -33944.355468750 -39298.781250000
A 331.545043945 -13.784088135 265.821807861
A 278.003601074 -215.458297729 182.664382935
A 268.273040771 -145.228683472 348.793670654
A 18.705516815 -77.031417847 232.259704590
A 36.460361481 -8.685155869 216.102157593
A 254.942916870 -61.899333954 369.529144287
A 169.891830444 -6.137805939 365.409332275
A 293.242675781 37.472003937 176.957702637
A 239.311050415 50.393447876 131.007659912
A 294.084014893 -65.659019470 92.711318970
A -645.724060059 -4568.702636719 1598.816040039
A 163.110519409 -152.946838379 66.042091370
A 150.442001343 -239.437728882 265.817321777
A 722.501098633 -582.046936035 83.255561829
A 227.655807495 71.720191956 258.766265869
A 136.093246460 49.116447449 125.643074036
A 87.211669922 -188.782562256 298.552734375
A 225.821228027 -63.062072754 55.810489655
A 203.291534424 -237.806823730 283.557373047
A 33.589675903 -19.565191269 238.829055786
A 23054.705078125 -7844.636230469 -33502.867187500
A 223.625534058 -124.215858459 375.243469238
A 204.606307983 -108.838478088 207.109344482
A -3129.820800781 -932.439880371 996.456542969
A 183.291976929 30.436227798 95.778533936
A 70.622711182 -165.691085815 197.580078125
A 62.228622437 -37.751605988 323.828613281
A 235.776458740 62.399623871 155.037948608
A 73.403701782 -199.858535767 197.139465332
A 119.899276733 23.915391922 330.196594238
A 50.890674591 8.369976997 177.066757202
A 309.065185547 -24.244192123 124.703369141
A 166.421279907 -79.634460449 49.137310028
A 299.888916016 -163.458694458 308.729644775
A 31.311710358 -100.014389038 282.152313232
A 55.369869232 -140.361480713 134.812042236
A 66.016448975 -19.721118927 131.423797607
A 196.405288696 82.253173828 184.073760986
A 218.700561523 45.431930542 320.579071045
A 106.157173157 50.860721588 159.637161255
A 64.652961731 -192.653167725 182.425842285
A 57.528667450 19.943916321 191.822586060
A 49.982509613 -176.535385132 239.807891846
A 76.234306335 41.232410431 200.114685059
A 284.020690918 -214.863861084 226.346588135
A 146.067565918 70.911483765 167.354278564
A 257.169586182 -211.886367798 140.343872070
A 24.674789429 -119.485588074 205.385848999
A 201.984466553 10.115943909 79.023963928
A 281.207672119 53.938415527 203.712738037
A 297.346893311 -139.036682129 109.056159973
A 294.678283691 2.784203768 311.097930908
A 247.537155151 -48.858680725 67.180809021
A 127.114212036 -231.153198242 265.089324951
A 133.749053955 74.319793701 211.427352905
A 229.217147827 -34.665718079 66.078559875
A 33.060474396 -102.269287109 151.059127808
A 338.260986328 -15.409981728 228.659210205
A 254.944808960 -168.442367554 343.079528809
A 150.554550171 64.449150085 285.768127441
A 140.638763428 -9.696099281 363.559204102
A 3208.320068359 7480.960449219 10239.046875000
A 200.637710571 82.612190247 203.921997070
A 72.123260498 -169.140243530 135.829467773
A 327.748870850 -168.753005981 219.054504395
A 149.150222778 -64.734146118 381.151275635
A 36.327785492 -14.473948479 187.980499268
A 291.854095459 -194.181747437 158.216445923
A 620.294067383 -978.761169434 -46.381057739
A -23216.390625000 29559.240234375 24131.476562500
A 37.434898376 -149.682632446 253.464523315
A 248.804000854 -132.122634888 70.809394836
A 195.409011841 -205.213729858 104.989173889
A 62.065567017 26.693830490 232.836090088
A 32.433986664 -40.566696167 165.963882446
A 306.453704834 -143.359466553 316.717956543
A 189.409103394 -106.377403259 53.506744385
A 215.448486328 -170.467575073 78.100601196
A 115.353965759 -219.011367798 284.377288818
A 139.184875488 -145.995773315 73.041526794
A 97.066581726 56.379783630 224.102127075
A 133.138610840 -235.411178589 174.121078491
A 126.206939697 -163.221862793 350.789672852
A 225.908096313 -84.131790161 57.671768188
A 45.265522003 -170.234985352 188.665084839
A 216.688461304 -10.424771309 70.732643127
A 240.561843872 35.162563324 111.840866089
A 70.539665222 -83.894920349 95.655754089
A 130.830169678 -1054.661254883 -221.681350708
A 51.415084839 -123.870895386 309.145263672
A 308.809753418 31.264013290 200.283660889
A 202.482513428 -43.152664185 379.670959473
A 68.728027344 -103.521759033 104.016098022
A 212.526611328 -89.260688782 382.123931885
A 198.393600464 -25.871107101 59.503116608
A 262.275939941 -77.022796631 71.284637451
A 316.002593994 -13.976624489 210.971359253
A 153.688995361 -44.706985474 378.730560303
A 216.015045166 59.599681854 134.229873657
A 88.464157104 1.100123644 324.910644531
A 254.832565308 62.233158112 168.523406982
A 244.313858032 -232.523361206 200.331176758
A 185.990509033 -47.464344025 54.630714417
A 169.603134155 -236.245849609 217.690078735
A -5485.986328125 30671.427734375 -72825.453125000
A 44.331184387 -97.157318115 129.031082153
A 122.624938965 -128.551788330 366.513275146
A 129.259582520 -116.752281189 64.166549683
A 166.448104858 -113.428573608 54.164192200
A 165.237457275 82.432495117 220.863891602
A 195.962463379 76.256256104 165.763626099
A 337.256103516 -64.868766785 286.254302979
A 275.394561768 -122.999061584 84.595039368
A 316.456573486 -145.152038574 295.352050781
A 232.262802124 -218.580780029 302.031158447
A 61.858085632 12.275720596 156.789886475
A 299.824340820 -188.256454468 279.621765137
A 310.075714111 20.436616898 173.753890991
A 277.657440186 -94.127685547 79.909683228
A 328.560791016 -136.419952393 151.992599487
A 283.858520508 -36.280544281 90.804733276
A 40.361499786 -114.022926331 295.194702148
A 155.535308838 -201.272750854 331.067413330
A 206.358795166 25.983266830 342.840911865
A 328.021423340 -134.108612061 288.592071533
A 43220.375000000 19923.150390625 5184.092773438
A 550.022155762 -1298.758544922 -863.823852539
A 332.460174561 -103.450965881 143.240890503
A 193.863983154 -248.789581299 213.440338135
A 144.957824707 61.910392761 145.261184692
A 256.523223877 -195.688812256 316.986541748
A 50.668514252 -26.836811066 300.037994385
A 135.249588013 -35.679805756 62.844726562
A 311.582031250 -52.211196899 322.695587158
A 282.050933838 -208.289154053 269.508544922
A 228.832855225 64.382270813 284.245971680
A 156.452819824 48.509048462 115.826362610
A 44.352912903 -76.931945801 307.337097168
A 312.921600342 17.485893250 258.689788818
A 25.907882690 -62.204071045 264.570739746
A 294.364379883 -33.709640503 335.479675293
A 238.710418701 -159.957763672 79.951812744
A 35.618419647 -156.145568848 228.083251953
A 248.910598755 47.058601379 303.023193359
A 293.012939453 -98.354827881 346.190521240
A 192.143341064 -15.651979446 372.420806885
A 251.798904419 69.164405823 240.778549194
A 252.065231323 60.093498230 275.722595215
A 284.286315918 -180.945129395 312.372619629
A 32.141510010 -147.395004272 209.713455200
A -2455.246093750 -12533.756835938 6579.914062500
A 261.197937012 -148.824996948 86.589241028
A 307.991790771 -2.043858290 137.898178101
A 99.348327637 -202.891067505 253.852508545
A 22.663028717 -107.307121277 246.143371582
A 1306.097534180 5092.040527344 3547.088867188
A 186.672378540 32.500026703 167.685424805
A 329.988922119 -22.508214951 157.808120728
A 123.309829712 -189.095718384 329.876403809
A 108.708786011 -23.799419403 356.770660400
A 323.870361328 -162.403244019 171.325195312
A 210.919326782 -114.882026672 56.010765076
A 101.989021301 -143.698898315 87.831199646
A 137.733123779 -114.147048950 375.387420654
A 29.064336777 -68.658912659 205.502029419
A 280.047515869 55.906707764 236.892593384
A 271.297332764 -223.847122192 208.169097900
A 301.484924316 10.570714951 295.526214600
A 195.807586670 -131.573852539 375.946990967
A 145.942413330 -80.371902466 150.426223755
A 295.277526855 42.108608246 224.958465576
A 141.895141602 26.118413925 99.259086609
A 216.240737915 39.644561768 108.132080078
A 115.556152344 -87.902488708 370.106842041
A 184.034591675 -174.100753784 356.811279297
A 339.473358154 -47.587516785 168.667892456
A 311.785430908 -186.214996338 189.669250488
A 340.171203613 -62.722396851 235.999664307
A 90.771209717 -52.818744659 352.746307373
A 326.781768799 -67.943954468 305.950683594
A 352.887939453 -89.812774658 215.154174805
A -21605.068359375 -31726.345703125 24512.447265625
A 153.464279175 -2.171738148 78.115715027
A 82.869323730 40.893810272 174.256286621
A 193.041442871 -223.485778809 304.776428223
A -874.563232422 -2654.133300781 -1667.769287109
A 106.463912964 27.281829834 121.620536804
A 292.266143799 -117.696197510 340.371429443
A 314.979675293 3.835655212 157.196166992
A 26.870950699 -41.595546722 188.290344238
A 349.399902344 -83.997924805 186.889663696
A 24.272609711 -74.918342590 169.479492188
A 161.060317993 14.619629860 351.936187744
A 283.690795898 -48.673683167 350.144927979
A 92.867340088 -111.381805420 82.293601990
A 25.048393250 -47.233291626 245.675399780
A 232.257339478 77.255783081 202.157302856
A 138.059829712 -5.855992794 75.355957031
A 175.332260132 61.715766907 298.490875244
A 47.783542633 -58.498107910 308.884155273
A 230.053604126 77.859100342 228.422470093
A 269.513549805 -222.384063721 253.776504517
A 52.102775574 -164.961227417 270.215606689
A 196.348922729 -229.788696289 145.048919678
A 109.311103821 53.603309631 277.352966309
A 181.668029785 -8.225556374 65.567787170
A 50.088424683 -161.034515381 159.799987793
A 173.970352173 40.324245453 105.977890015
A 272.558898926 35.227237701 300.186401367
A 114.983924866 69.128616333 235.967132568
A 166.381668091 -85.148788452 384.187683105
A 249.040618896 -118.242309570 370.117584229
A 339.012542725 -97.610076904 281.336120605
A 343.522888184 -124.258773804 199.469833374
A 133.978149414 -201.432250977 115.676391602
A 88.586776733 34.532138824 290.127166748
A 277.680145264 43.550243378 162.240646362
A 319.833343506 -83.821365356 316.503417969
A 193.990478516 72.272209167 282.110870361
A -252.294494629 545.149597168 1347.717529297
A 205.217437744 -189.366729736 90.103759766
A -14685.542968750 41202.757812500 -3573.457275391
A 129.638504028 -35.432716370 368.543029785
A 339.083984375 -134.940414429 249.351867676
A 301.021911621 -199.958801270 230.402389526
A 47.649417877 5.932654381 241.145370483
A 180.178588867 -78.204498291 55.745800018
A 145.635375977 -184.929702759 344.297241211
A 321.955352783 -119.403518677 128.800109863
A 6865.980957031 2435.860107422 -4018.234619141
A 167.271865845 83.312126160 201.848876953
A 278.085113525 -68.631454468 358.657775879
A 111.985397339 -44.886631012 72.152442932
A 28.228742599 -127.440895081 252.185150146
A 92.150588989 -191.121551514 136.387100220
A 225.446044922 -237.632034302 174.957351685
A 226.070037842 -7.736133099 362.407287598
A 230.662292480 -219.244659424 139.570083618
A 207.161026001 57.477901459 303.026641846
A 187.521438599 50.935340881 315.839935303
A 187.735488892 36.365859985 334.618103027
A 326.574768066 4.738426208 244.448867798
A 169.647796631 -241.317977905 171.128173828
A 93.812210083 -219.567840576 197.337463379
A 126.922706604 9.294988632 347.016632080
A 275.656707764 -201.497070312 295.002288818
A 122.279106140 -235.066253662 243.678436279
A 113.331466675 66.938354492 199.286392212
A 283.226287842 16.655082703 126.069351196
A 234.752563477 -228.646209717 152.991226196
A 1546.677734375 -1738.481445312 0.874086440
A 95.894332886 54.196681976 192.079589844
A 292.159149170 -164.133041382 122.965766907
A 143.059677124 -89.992240906 57.793834686
A 171.312942505 -232.202957153 146.518157959
A 36.295509338 -22.956027985 264.578033447
A 137.204849243 -227.508407593 153.175369263
A 152.055725098 42.368335724 323.011352539
A -11809.415039062 9212.317382812 -12839.462890625
A 277.747375488 -62.227699280 79.616043091
A 134.187515259 -164.235015869 82.224525452
A 324.757629395 -40.147052765 136.636505127
A 182.911178589 -248.970031738 240.214523315
A 245.990570068 -232.001754761 265.211425781
A 150.388824463 -130.640136719 375.185150146
A -8587.877929688 4037.020507812 -7355.338378906
A 250.372802734 -236.614440918 215.907775879
A 294.358856201 38.279155731 255.876632690
A 249.920272827 -91.627655029 64.557952881
A 93.810073853 -23.963602066 90.835067749
A 340.756256104 -23.193527222 194.418457031
A 153.686370850 -246.652999878 221.168350220
A 48.671733856 -5.776525497 274.497924805
A 165.714050293 29.416957855 339.113372803
A 59.045021057 -3.555590391 139.226196289
A 84.396224976 -204.892654419 168.062454224
A 317.030090332 -90.965927124 114.174545288
A 117.175437927 -60.110641479 369.507659912
A 61.811420441 13.890969276 276.000793457
A 30456.199218750 -37007.066406250 47004.601562500
A 311.531005859 -172.066070557 275.477661133
A -5711.223144531 657.224853516 3615.544433594
A 1268.920288086 -2910.223144531 -460.345184326
A 117.642280579 -207.191268921 303.819061279
A 121.011962891 63.752998352 166.549713135
A 328.844390869 -2.232100725 180.439926147
A 243.066299438 -190.494812012 105.464317322
A 33.758274078 -128.357528687 164.543777466
A 282.862152100 3.908683062 111.461608887
A 227.887817383 74.317596436 174.360961914
A 290.073913574 -141.750457764 335.307159424
A 71.541999817 -134.587524414 108.103134155
A 113.225013733 -165.817672729 93.383010864
A -2772.358642578 1775.649291992 79.427406311
A 238.636367798 -190.190551758 334.636016846
A 139.941207886 -90.728813171 379.467895508
A 309.775726318 -148.697937012 131.172164917
A 129.084136963 64.343490601 267.429473877
A 183.082427979 -21.507003784 364.828186035
A 115.290565491 -233.413238525 197.341629028
A 90.299362183 -79.840003967 359.818969727
A 210.860778809 -245.013793945 195.028808594
A 203.485031128 -226.832839966 275.027923584
A 255.024108887 2.155112743 219.263565063
A 117.974609375 -86.102966309 63.747253418
A 290.583770752 -14.816434860 109.221824646
A 225.329421997 -175.384277344 351.102508545
A 23234.353515625 45142.609375000 21541.164062500
A 69.869445801 -121.373992920 331.608642578
A 232.972595215 14.821416855 347.695312500
A 209.066162109 -245.565246582 245.061904907
A 340.084838867 -81.645195007 160.642013550
A 74.355827332 -26.065969467 106.086120605
A 81.420104980 30.400741577 154.755828857
A 202.015411377 -212.476867676 318.720153809
A 267.127258301 60.015262604 188.185638428
A 33.268409729 -73.901138306 148.638671875
A 38.462451935 -39.327888489 282.457611084
A 197.186141968 -151.912673950 66.537338257
A 125.678604126 -20.823753357 344.553680420
A 88.448776245 -32.294948578 344.742156982
A 198.005325317 -156.339111328 367.206207275
A 327.439697266 -38.444118500 294.929321289
A 316.416381836 22.364278793 227.525680542
A 142.660949707 -241.105026245 195.104568481
A 230.746322632 -53.434700012 376.297302246
A 108.389480591 -220.478942871 167.082214355
A 141.778778076 52.633781433 304.869415283
A 66.682807922 -145.552627563 315.644775391
A 20.812011719 -110.066764832 222.777893066
A 157.969940186 -199.493194580 105.249000549
A 188.992645264 69.337577820 142.159927368
A 149.655517578 -27.218914032 245.288452148
A -3842.864501953 35323.207031250 -45139.410156250
A 282.389434814 28.863315582 141.758224487
A -395.587371826 -1067.815551758 149.461395264
A 68.833038330 -164.752883911 306.239837646
A 312.154785156 -171.945343018 156.738479614
A 76.313095093 -52.370105743 92.984550476
A 237.419586182 11.828123093 89.357391357
A 6603.677246094 -424.977600098 -1470.553466797
A 320.595367432 -6.979873657 282.494506836
A 205.249069214 -66.321464539 52.130538940
A 88.766120911 18.832471848 307.714782715
A 99.158462524 -226.095718384 229.745635986
A 7573.632812500 8647.389648438 16545.667968750
A 262.787017822 40.401290894 137.426223755
A 19.469230652 -85.969276428 189.222366333
A 80.428794861 -16.748821259 332.091339111
A 16.302537918 -61.183071136 212.081695557
A 268.357482910 -191.065628052 124.555274963
A 312.182434082 -188.485168457 218.056610107
A 87.125259399 6.775947571 270.486724854
A 74.326919556 -88.718124390 343.556182861
A 26.725641251 -33.805461884 217.743057251
A -3015.657470703 -1214.694702148 2968.276123047
A 146.930236816 76.394622803 188.164749146
A 180.246032715 -167.064895630 72.908256531
A 104.746849060 -81.910644531 338.915618896
A 64.431861877 -5.819305897 301.402130127
A 92.372070312 30.007169724 135.138076782
A -18053.191406250 5719.749023438 3709.005371094
A 70.262634277 -182.054748535 153.607055664
A 223.072784424 -75.036834717 382.360290527
A 91.626991272 -217.064712524 257.899230957
A 31.533212662 -76.526184082 284.921234131
A 273.903442383 17.584608078 286.060394287
A 267.204925537 56.831264496 258.003936768
A 155.675582886 77.622749329 241.787597656
A 329.518280029 5.486021996 207.622756958
A 348.941131592 -40.518375397 227.094085693
A 209.602966309 -219.832809448 126.032821655
A -2421.599853516 2251.569091797 -480.641571045
A 84.235694885 -111.812431335 348.329193115
A 214.289443970 -136.872863770 60.554233551
A 256.227203369 69.668266296 211.688323975
A 198.482589722 -187.997207642 347.608032227
A 78.343704224 2.850964069 121.136863708
A 326.788513184 -164.478088379 242.864196777
A 265.613494873 -5.874167919 92.980621338
A 225.354843140 -234.897644043 273.461364746
A 260.225921631 -91.679710388 372.931274414
A 133.650207520 -63.324741364 58.779453278
A 90.943130493 46.808826447 262.628143311
A 190.078369141 55.466552734 121.964912415
A 351.937164307 -60.403274536 206.641448975
A 233.854980469 -1.606895089 195.091690063
A 169.566452026 -214.280136108 318.346343994
A 106.253997803 -126.180908203 358.616882324
A 198.327163696 -239.782989502 168.833877563
A 209.880615234 24.878818512 91.118865967
A 137.449005127 -185.118408203 96.951240540
A 264.172363281 -29.152641296 356.438934326
A 65.358055115 -194.270538330 256.428955078
A 130.099349976 68.563293457 248.469573975
A 151.801269531 -223.571975708 136.744781494
A 296.675354004 -16.426008224 326.882415771
A 241.600555420 -112.073699951 62.999488831
A 160.776947021 -173.168457031 356.089569092
A 314.052612305 -111.048393250 322.561431885
A 174.164199829 -235.021865845 282.370208740
A 171.685562134 -140.989639282 372.825683594
A -10377.426757812 9524.044921875 2240.456787109
A 277.178771973 -156.989166260 101.056518555
A 301.176330566 -74.353668213 340.219543457
A 8842.975585938 3962.135498047 -21.556903839
A 242.983581543 29.353191376 312.616149902
A 25.477161407 -114.047744751 182.600677490
