533

A 294.268188477 -41.435066223 106.101623535
A 80.284049988 -146.787612915 316.990142822
A 259.165740967 -112.782913208 345.151733398
A 212.152465820 -233.602157593 215.521591187
A 326.134246826 -33.297660828 251.510055542
A 337.962005615 -75.764053345 225.933425903
A 243.711776733 -170.427963257 242.373428345
A 239.782852173 -85.808456421 343.539215088
A 257.590179443 -3870.647460938 -36910.710937500
A 335.248168945 -107.548065186 205.249694824
A 92.069442749 0.893455982 98.827957153
A 246.537063599 -61.140064240 305.374877930
A 241.805557251 -217.535690308 168.483825684
A 302.151519775 -21.862234116 292.974761963
A 53.356586456 -36.786548615 117.647613525
A 2538.750976562 -584.533142090 5601.833984375
A 198.445022583 -103.744636536 365.979309082
A 145.554367065 -215.690155029 283.016693115
A 74.594978333 -133.668426514 219.390213013
A 245.138793945 17.650714874 100.874458313
A 180.516036987 73.525367737 254.105300903
A 332.914947510 -106.407287598 231.962738037
A 169.388275146 -107.074996948 367.327545166
A 4622.890625000 3487.281005859 3.444222450
A 230.166564941 26.955448151 316.510986328
A 236.844985962 -226.481079102 233.853607178
A 262.340881348 -5.304683685 324.633605957
A 332.939117432 -54.857414246 248.063796997
A 316.623718262 -151.744857788 183.268402100
A 147.021850586 -41.472103119 75.678405762
A 162.560241699 69.345336914 146.212402344
A 331.125976562 -80.080833435 254.768463135
A 331.953247070 -44.909828186 180.396316528
A 245.849212646 -205.884979248 277.517852783
A 312.676879883 -150.607177734 253.793441772
A 66.607460022 -145.751922607 115.388168335
A 194.781738281 -3.120207071 348.920532227
A 78.074073792 43.121078491 224.654800415
A 329.587280273 -101.177459717 162.092010498
A 25.437047958 -81.198364258 242.894500732
A 293.390869141 -110.891006470 103.342369080
A 94.405593872 -77.656524658 71.920143127
A 112.729415894 11.915804863 92.326492310
A 216.355514526 -195.461303711 312.594604492
A -863.297912598 289.925354004 218.968856812
A 230.075866699 -11.221213341 74.577964783
A -35562.859375000 46986.914062500 29863.847656250
A 157.863006592 72.270477295 250.314834595
A 112.237648010 41.375492096 291.107635498
A 108.991409302 -120.236724854 215.358062744
A 49.972316742 16.357667923 204.010253906
A 38.290805817 -46.751800537 137.642990112
A 71.067077637 -114.428230286 92.960823059
A 99.782905579 -161.758743286 321.549255371
A 193.797836304 77.355796814 236.006546021
A 160.057388306 -233.874114990 245.224578857
A 114.537422180 39.186378479 121.647590637
A 70.790000916 -197.727691650 220.559371948
A 59.411560059 -163.274597168 275.491577148
A -48895.433593750 12058.420898438 -37702.542968750
A 91.176345825 -55.189014435 76.049568176
A 178.497726440 -74.656951904 369.858154297
A 94.517768860 -134.980514526 331.848297119
A 134.018539429 -203.393966675 299.570892334
A 56.506206512 -184.651412964 205.757781982
A 249.959060669 -168.768539429 99.243362427
A 192.895812988 81.701171875 216.521301270
A 284.018493652 -195.852127075 182.901290894
A 291.121887207 -185.345184326 242.466690063
A 325.055969238 -139.700592041 209.601196289
A 323.422454834 -64.391563416 142.788742065
A 291.691192627 -129.171997070 165.422088623
A 277.338134766 -176.710937500 132.014312744
A 68.313667297 30.801740646 247.660552979
A 79.286308289 -192.086471558 268.998657227
A 43.199573517 -120.074882507 131.980316162
A 251.042022705 -28.569795609 77.279762268
A 211.247436523 -148.921661377 348.880889893
A 253.762344360 15.425889015 315.018920898
A 159.152252197 10.693771362 75.841651917
A 3012.639648438 -9222.571289062 17339.617187500
A 238.846221924 -9.297991753 339.520507812
A 103.390197754 -173.008270264 105.599777222
A 279.381134033 31.221866608 267.923248291
A 148.484481812 -122.744895935 57.689899445
A 37.756404877 -130.483886719 269.613800049
A 312.180816650 -65.837875366 121.930099487
A 183.563095093 -192.128982544 321.410766602
A 224.708755493 -32.459869385 356.434387207
A 139.702392578 -150.751480103 347.080749512
A 96.277069092 -178.727706909 303.455688477
A 120.380889893 -226.240615845 210.948898315
A 29054.240234375 -9904.710937500 -31561.408203125
A 313.132171631 -104.134445190 290.034881592
A 101.775794983 -199.261932373 139.185791016
A 326.272460938 -114.647865295 254.669021606
A -14586.598632812 -59788.679687500 7642.472167969
A 104.368469238 -113.087310791 70.176475525
A 232.144607544 -140.802551270 347.697174072
A 326.421417236 -125.240219116 171.825683594
A 53.364349365 -89.719085693 308.583038330
A 48.190570831 -64.828041077 119.945739746
A -1947.773803711 4481.181152344 4624.599609375
A 84.765487671 -160.195159912 107.832450867
A 280.288146973 -100.777786255 89.945732117
A 116.727676392 17.057418823 308.439331055
A 260.177001953 -164.376708984 315.112670898
A 163.947677612 -206.115264893 113.482009888
A 55.068111420 -67.600166321 102.605598450
A 161.604873657 -177.959899902 86.066345215
A 33.942684174 -142.393081665 173.584136963
A 265.465148926 -199.900665283 154.388214111
A 40.931041718 -16.870868683 151.834686279
A 215.761581421 -197.127288818 107.995697021
A 169.291732788 -239.158355713 184.666870117
A 294.942504883 -67.213386536 102.102783203
A 157.040756226 -38.228042603 54.581672668
A -1125.505859375 -61400.160156250 -14988.290039062
A 117.449287415 -200.317169189 125.195770264
A 205.105941772 -122.152870178 76.929679871
A 111.836387634 -10.487251282 80.504135132
A 174.203445435 -50.174072266 366.750701904
A 202.928451538 -172.345748901 107.259086609
A 61.073310852 -60.277526855 318.880737305
A -42102.304687500 -32545.705078125 -37679.562500000
A 317.902221680 -13.215644836 254.654357910
A 266.528442383 -206.810882568 175.340118408
A 256.879669189 -138.976409912 333.909973145
A 18.051498413 -74.069396973 222.227722168
A 34.882263184 -8.335879326 207.186965942
A 244.491775513 -59.375068665 354.287017822
A 162.746673584 -5.698987007 350.180053711
A 281.296051025 35.535717010 169.557662964
A 229.410781860 48.473136902 125.519409180
A 281.589996338 -63.129714966 89.021232605
A -619.247558594 -4380.095703125 1532.800781250
A 156.300720215 -146.915344238 63.465019226
A 143.692276001 -229.590759277 255.258987427
A 692.071350098 -557.921447754 79.821266174
A 218.120834351 68.987960815 248.469253540
A 130.061264038 47.172836304 120.383987427
A 83.180267334 -181.408432007 286.145751953
A 216.756317139 -60.163089752 53.451145172
A 195.140899658 -228.103912354 271.857849121
A 32.523853302 -18.202375412 229.002456665
A 22104.751953125 -7521.178710938 -32122.253906250
A 214.414260864 -119.351692200 359.237579346
A 196.050079346 -104.509147644 198.809173584
A -3000.876708984 -893.986083984 955.096191406
A 176.203933716 29.066944122 91.577133179
A 67.693984985 -159.089233398 189.416046143
A 59.772453308 -36.344726562 310.598693848
A 226.242736816 60.215522766 148.557922363
A 70.548858643 -191.913360596 188.750885010
A 114.715423584 23.411933899 316.219787598
A 48.880249023 7.881426811 170.026550293
A 296.600952148 -23.103458405 119.444458008
A 159.208374023 -76.518760681 47.494918823
A 287.618377686 -157.678878784 296.368591309
A 30.043149948 -96.004547119 270.015899658
A 52.756546021 -134.336746216 129.031997681
A 63.500205994 -18.846122742 126.018661499
A 187.857879639 78.700942993 176.792861938
A 210.087295532 42.939319611 307.686218262
A 102.019577026 48.509700775 153.183593750
A 62.180225372 -184.991897583 174.823379517
A 55.587745667 18.938314438 184.250717163
A 47.415149689 -169.677764893 230.566970825
A 73.028152466 39.308517456 192.299011230
A 272.345489502 -206.203948975 217.434219360
A 140.211456299 67.968101501 160.597656250
A 246.307495117 -203.000564575 134.728530884
A 23.571571350 -114.850807190 196.820709229
A 193.452560425 9.883830070 75.809997559
A 269.579040527 51.851562500 195.258529663
A 285.340515137 -133.094924927 104.490142822
A 283.030853271 2.495333195 297.867126465
A 237.038070679 -46.320617676 64.254180908
A 121.668174744 -221.988861084 254.271896362
A 128.031417847 71.199623108 203.139556885
A 220.332504272 -33.112251282 62.953121185
A 31.640464783 -97.702323914 144.842788696
A 323.942108154 -14.607984543 220.050811768
A 244.664672852 -161.328659058 328.729095459
A 144.561157227 61.736095428 274.010620117
A 135.034713745 -9.352354050 348.265533447
A 3076.155273438 7172.212890625 9817.257812500
A 192.566757202 79.309570312 195.533325195
A 68.775550842 -162.386291504 130.555496216
A 314.397766113 -161.895431519 210.500030518
A 143.438034058 -62.297000885 365.691558838
A 34.892635345 -13.770524979 180.026229858
A 279.820892334 -185.836868286 151.539031982
A 594.291503906 -938.355895996 -44.667968750
A -22260.164062500 28341.544921875 23137.166015625
A 36.118679047 -143.455978394 243.125518799
A 238.684082031 -126.466560364 67.741416931
A 187.565643311 -196.738128662 100.850090027
A 59.371574402 26.199859619 222.816070557
A 31.185398102 -39.671058655 159.202087402
A 293.824127197 -136.807723999 303.589813232
A 181.344833374 -101.876091003 51.385555267
A 206.716567993 -163.458511353 74.771080017
A 110.330711365 -209.372329712 272.194458008
A 133.146148682 -139.534317017 69.544509888
A 93.084793091 54.148052216 214.800033569
A 128.346405029 -225.192276001 166.888183594
A 120.590431213 -156.190383911 336.298522949
A 216.651657104 -80.326774597 55.808139801
A 43.645950317 -163.151306152 180.927703857
A 207.663955688 -9.822160721 67.747741699
A 230.425552368 34.128395081 106.942291260
A 67.095031738 -80.578086853 91.508728027
A 125.763786316 -1011.052429199 -212.508666992
A 49.095787048 -118.619461060 296.520141602
A 295.833526611 29.832105637 191.868362427
A 194.500839233 -41.419769287 363.968170166
A 65.480651855 -99.323814392 99.602584839
A 204.531677246 -85.411056519 366.175781250
A 190.459518433 -24.836107254 56.495136261
A 251.689880371 -73.853965759 68.747726440
A 302.734619141 -13.725007057 202.406631470
A 147.604675293 -42.748451233 362.802246094
A 207.284667969 56.758384705 128.908218384
A 84.732078552 1.036530137 311.955261230
A 244.045257568 60.177669525 161.481719971
A 234.151123047 -223.353225708 192.159133911
A 178.781997681 -45.566131592 52.560756683
A 163.266326904 -226.659683228 208.452392578
A -5259.975585938 29408.421875000 -69825.070312500
A 42.638145447 -93.031402588 123.314521790
A 117.550003052 -123.722999573 351.416198730
A 123.577590942 -112.182624817 61.648330688
A 159.221130371 -109.191680908 51.753479004
A 158.635559082 79.023422241 211.801177979
A 187.218063354 73.490921021 159.389129639
A 323.543548584 -62.536285400 274.779663086
A 264.052429199 -117.875892639 81.084312439
A 303.891418457 -139.503616333 283.715515137
A 223.098022461 -209.446731567 289.499755859
A 59.419742584 11.784734726 150.261276245
A 286.898010254 -180.320755005 268.154968262
A 297.367340088 19.434894562 166.490768433
A 266.042175293 -90.142944336 76.730239868
A 315.302154541 -130.831161499 145.228302002
A 272.452911377 -34.865070343 87.118980408
A 39.008037567 -109.682838440 282.893249512
A 149.270065308 -192.887222290 317.467468262
A 197.562484741 24.459836960 328.720306396
A 314.160888672 -128.546981812 276.033386230
A 41439.964843750 19102.103515625 4970.303710938
A 527.574584961 -1245.209838867 -828.197082520
A 318.363098145 -99.520996094 137.189208984
A 185.538391113 -238.318435669 204.431015015
A 139.404998779 59.163928986 139.226715088
A 246.343200684 -187.668853760 303.883392334
A 49.004058838 -25.663215637 287.733673096
A 129.769393921 -33.943031311 60.192600250
A 298.694580078 -50.094573975 308.937072754
A 270.272552490 -200.356765747 258.533843994
A 219.066467285 61.518917084 272.787384033
A 150.099090576 46.009029388 110.786415100
A 42.944503784 -74.041061401 294.692962646
A 300.159759521 17.204162598 248.220825195
A 25.243856430 -59.601406097 253.143630981
A 282.651672363 -32.399734497 322.073974609
A 228.794174194 -153.687850952 76.748977661
A 33.985370636 -149.474456787 218.550781250
A 239.360580444 45.735694885 290.668395996
A 280.831481934 -94.495903015 331.995178223
A 184.160156250 -15.272816658 357.810821533
A 241.657730103 66.247680664 230.780868530
A 242.009719849 57.183544159 264.287597656
A 272.762939453 -173.487731934 299.306396484
A 31.036268234 -141.382019043 201.428817749
A -2354.054687500 -12017.560546875 6308.996582031
A 250.823623657 -142.770019531 83.082084656
A 295.556976318 -1.508872747 132.258148193
A 95.414756775 -194.677749634 243.342239380
A 21.385620117 -103.017272949 235.615188599
A 1252.492065430 4882.132324219 3401.187988281
A 178.997314453 31.297765732 160.614181519
A 316.518157959 -21.926561356 151.628570557
A 118.435783386 -181.578063965 316.433502197
A 104.050590515 -22.779649734 342.203979492
A 310.560119629 -155.765701294 164.381759644
A 202.259063721 -110.000518799 53.413265228
A 98.093284607 -137.576675415 84.126083374
A 131.326095581 -108.755599976 360.160827637
A 27.652748108 -66.042129517 196.983932495
A 268.307373047 53.654609680 227.306015015
A 260.294006348 -214.529098511 199.821228027
A 289.258209229 9.859607697 282.665740967
A 187.701705933 -126.475044250 360.487182617
A 139.358154297 -77.143608093 144.093017578
A 283.246765137 40.768924713 215.476867676
A 135.746765137 24.923929214 95.148506165
A 207.513275146 37.985580444 103.527740479
A 111.177894592 -84.517318726 354.422302246
A 175.999847412 -167.070968628 342.295471191
A 325.498840332 -46.003822327 161.437683105
A 298.907196045 -178.249786377 181.737182617
A 326.266998291 -60.081329346 226.390625000
A 86.342819214 -50.844894409 338.657012939
A 313.598968506 -65.101921082 292.758026123
A 338.075195312 -86.337539673 206.045898438
A -20714.990234375 -30419.576171875 23502.287109375
A 147.000198364 -2.501597881 75.617485046
A 79.686004639 39.603050232 167.357131958
A 185.208480835 -214.981613159 292.085754395
A -838.494567871 -2544.670654297 -1599.059082031
A 102.032020569 26.298368454 116.245254517
A 279.926422119 -113.077247620 326.145477295
A 302.024871826 3.628341675 150.683242798
A 25.451931000 -39.656188965 180.762207031
A 335.012298584 -80.929969788 179.061981201
A 23.402881622 -71.726753235 162.988128662
A 154.448303223 14.274456978 337.367523193
A 272.177551270 -46.754917145 335.698120117
A 89.198539734 -106.767898560 78.756942749
A 24.034755707 -45.608890533 235.204864502
A 222.695404053 73.793251038 193.753631592
A 132.714248657 -5.684836388 72.016021729
A 167.632110596 59.068412781 285.918670654
A 45.670745850 -55.994281769 296.105163574
A 220.781814575 74.152153015 218.908187866
A 258.203979492 -213.208831787 242.971710205
A 50.036792755 -158.373489380 258.990966797
A 188.286682129 -220.362686157 139.265258789
A 104.988525391 51.806385040 266.110229492
A 174.566421509 -8.350782394 62.439285278
A 48.058586121 -154.446228027 153.150772095
A 166.725646973 38.514221191 101.697273254
A 261.415222168 33.656219482 287.514129639
A 110.309417725 66.387573242 225.649703979
A 159.661788940 -81.331970215 368.907165527
A 238.406600952 -113.679496765 355.026763916
A 325.054779053 -93.252410889 270.110626221
A 329.400329590 -119.230354309 191.400054932
A 128.525024414 -193.143783569 111.042907715
A 84.895942688 32.552967072 278.222686768
A 266.303222656 41.944164276 155.976272583
A 306.686462402 -80.418220520 303.961273193
A 185.955963135 69.350120544 270.362548828
A -241.773315430 523.320434570 1292.144775391
A 196.603149414 -181.633743286 86.122055054
A -14080.494140625 39505.367187500 -3425.961181641
A 124.274940491 -33.909496307 353.725738525
A 325.502105713 -129.358169556 239.166809082
A 288.825012207 -192.036895752 221.253128052
A 45.711780548 5.810822010 231.341827393
A 172.774688721 -74.765708923 52.879493713
A 139.844390869 -176.880538940 329.817504883
A 308.496002197 -114.300918579 123.591827393
A 6583.087890625 2334.838378906 -3852.730712891
A 160.459533691 79.537826538 193.405593872
A 267.014495850 -65.314193726 343.536010742
A 107.108688354 -42.901813507 69.566329956
A 26.904188156 -122.376449585 241.595352173
A 88.160377502 -183.268524170 130.787582397
A 216.243438721 -228.190505981 167.721466064
A 216.459289551 -7.654861927 347.682678223
A 221.439636230 -210.499710083 134.329299927
A 198.826446533 55.407939911 290.284942627
A 179.833938599 49.104270935 303.122253418
A 179.428329468 35.119686127 321.389282227
A 313.227874756 4.702118874 234.183883667
A 162.472000122 -231.778289795 164.301010132
A 90.188499451 -210.963165283 189.378601074
A 121.812850952 8.780739784 332.862121582
A 264.247985840 -193.058319092 282.602783203
A 116.821235657 -224.655670166 234.296478271
A 108.497840881 63.810688019 191.310180664
A 271.974212646 15.352393150 121.306045532
A 225.056549072 -219.302825928 146.982406616
A 1483.048095703 -1666.751220703 0.865182638
A 92.508766174 52.114562988 184.272842407
A 279.888031006 -157.617401123 117.795867920
A 137.481903076 -86.367507935 55.426715851
A 164.207366943 -222.546432495 140.549499512
A 34.685905457 -21.920282364 253.189453125
A 131.121276855 -218.129409790 147.124343872
A 145.829345703 40.898700714 309.486389160
A -11322.736328125 8832.393554688 -12310.324218750
A 266.602416992 -59.611606598 76.600372314
A 128.580917358 -157.537017822 78.190338135
A 311.050262451 -38.758670807 131.041229248
A 175.297042847 -238.046844482 230.100219727
A 236.204849243 -222.127593994 253.984893799
A 144.607955933 -125.301544189 359.921112061
A -8234.261718750 3870.607177734 -7052.158691406
A 240.083114624 -227.237960815 206.651809692
A 282.199035645 36.973686218 245.591186523
A 239.152297974 -88.224296570 61.989738464
A 89.962516785 -23.419857025 86.665390015
A 326.609802246 -21.937271118 186.592376709
A 147.463607788 -236.611740112 212.224334717
A 46.034198761 -5.445821762 263.101684570
A 158.750701904 28.281154633 325.268127441
A 56.390937805 -3.275407553 133.300186157
A 80.727905273 -196.377792358 161.318695068
A 303.832000732 -87.646125793 109.400543213
A 112.261398315 -57.919433594 354.567901611
A 59.422988892 13.260613441 265.238159180
A 29201.933593750 -35482.445312500 45068.257812500
A 299.179962158 -164.935623169 264.043670654
A -5476.291503906 630.049682617 3466.548339844
A 1216.478637695 -2789.909423828 -441.072662354
A 112.637084961 -198.306762695 291.607421875
A 116.247123718 61.035369873 160.384124756
A 315.269378662 -2.403449059 173.083587646
A 232.834182739 -182.721038818 101.244026184
A 32.317317963 -123.305305481 157.431274414
A 271.192138672 3.450232983 106.651634216
A 218.357498169 71.607475281 167.180297852
A 278.418090820 -136.140808105 321.349334717
A 68.817710876 -129.252471924 103.227806091
A 108.429588318 -158.977493286 89.671081543
A -2658.305908203 1702.703125000 76.104370117
A 228.933929443 -182.489135742 320.416259766
A 134.051635742 -87.392623901 363.637939453
A 297.100433350 -142.484695435 125.694664001
A 123.589523315 62.291469574 256.650848389
A 175.531921387 -20.303009033 349.839050293
A 110.811981201 -223.185897827 188.977981567
A 87.234336853 -76.650390625 345.368072510
A 202.259140015 -234.507247925 186.683334351
A 195.070983887 -217.188751221 263.832763672
A 243.944046021 2.049537420 210.192092896
A 113.807785034 -82.786018372 61.160160065
A 278.503021240 -14.378224373 104.373390198
A 215.901885986 -168.033203125 336.888916016
A 22277.113281250 43283.285156250 20653.492187500
A 66.794143677 -116.288276672 318.096405029
A 223.119186401 14.438545227 333.215637207
A 199.953155518 -235.424118042 235.283187866
A 326.804595947 -78.477165222 153.896652222
A 71.208641052 -24.887529373 102.182853699
A 78.281547546 29.161962509 148.425720215
A 193.945068359 -203.825973511 305.884399414
A 256.128265381 57.922019958 180.710922241
A 31.580194473 -70.538124084 142.122146606
A 36.953964233 -37.838634491 271.006896973
A 188.903411865 -145.359649658 63.992259979
A 120.265319824 -19.554491043 330.313415527
A 85.242271423 -30.855052948 330.235168457
A 189.562515259 -149.432510376 352.293334961
A 313.816497803 -36.781063080 282.818603516
A 303.169281006 21.620311737 218.044052124
A 137.039947510 -230.933547974 187.025955200
A 221.747543335 -51.304290771 360.865631104
A 104.049705505 -211.735824585 160.177886963
A 136.245361328 49.874252319 292.723846436
A 63.716285706 -139.723220825 302.739349365
A 19.591783524 -105.130043030 213.632293701
A 151.275268555 -191.428131104 100.267723083
A 181.420715332 66.583267212 136.259368896
A 143.915573120 -26.541624069 235.430419922
A -3684.284179688 33868.484375000 -43279.734375000
A 270.880096436 26.872117996 136.456222534
A -379.351531982 -1024.069946289 143.570327759
A 65.753471375 -158.157455444 292.654418945
A 299.581115723 -164.925781250 150.500518799
A 73.872985840 -50.129985809 89.727775574
A 227.697906494 11.521424294 86.066688538
A 6331.871582031 -407.053649902 -1410.074584961
A 307.295745850 -6.358842373 271.048065186
A 196.290603638 -63.287227631 50.475418091
A 85.479080200 18.210260391 295.348968506
A 95.187362671 -216.420410156 220.401977539
A 7261.623046875 8291.383789062 15863.843750000
A 252.291473389 38.834693909 131.753387451
A 18.746295929 -82.780448914 181.653015137
A 77.200576782 -15.867361069 318.262420654
A 15.585116386 -59.124393463 202.824066162
A 257.026336670 -183.464843750 119.306358337
A 299.607635498 -180.875350952 209.146362305
A 83.431404114 6.382725239 259.135498047
A 71.119270325 -84.845199585 329.131744385
A 25.787158966 -32.166240692 208.644607544
A -2891.381835938 -1164.809814453 2845.817382812
A 140.471328735 73.056083679 180.337707520
A 172.577194214 -160.541534424 69.845825195
A 99.934059143 -78.799438477 325.092803955
A 61.720146179 -5.486824036 289.471130371
A 88.725547791 28.920831680 129.882324219
A -17309.759765625 5484.289062500 3555.757080078
A 67.000190735 -174.759399414 146.804397583
A 214.127075195 -71.894805908 366.184600830
A 87.942985535 -208.128768921 248.028594971
A 30.446123123 -73.246391296 273.293518066
A 262.816253662 16.833057404 274.334045410
A 257.017395020 54.830760956 247.411682129
A 148.961975098 74.311599731 231.781555176
A 315.838409424 4.871693134 198.963577271
A 334.469451904 -38.682720184 217.693511963
A 200.425552368 -210.795867920 120.857513428
A -2322.032958984 2159.138183594 -460.864654541
A 80.836288452 -107.325912476 334.147644043
A 205.285964966 -130.911514282 58.162631989
A 245.279434204 66.350959778 203.102539062
A 190.753189087 -180.222396851 333.278076172
A 74.809555054 3.046879292 116.078018188
A 313.683624268 -157.583724976 232.916137695
A 254.611114502 -5.833609581 89.082000732
A 215.688323975 -225.135131836 261.867675781
A 249.634475708 -87.736724854 357.546875000
A 128.112167358 -60.958469391 56.109580994
A 86.892868042 44.639919281 251.599792480
A 182.369216919 53.015560150 117.042358398
A 337.216491699 -57.703910828 198.276000977
A 224.219635010 -1.332546234 186.956832886
A 162.091033936 -205.256042480 305.057800293
A 101.660263062 -120.671012878 343.893157959
A 189.714859009 -230.213043213 162.077789307
A 201.635971069 23.740402222 87.199096680
A 131.525588989 -177.472595215 92.780853271
A 252.970596313 -27.592281342 341.893249512
A 62.627109528 -186.137512207 246.077285767
A 125.247268677 66.026626587 238.338897705
A 146.138961792 -214.541519165 130.894393921
A 284.314514160 -15.726491928 313.412658691
A 231.586593628 -107.491287231 60.643676758
A 154.256057739 -165.762802124 341.969879150
A 300.694671631 -106.325874329 309.598022461
A 167.109680176 -225.492828369 270.873382568
A 164.735504150 -135.428680420 357.786010742
A -9950.221679688 9131.501953125 2147.985839844
A 265.329254150 -150.593811035 97.368530273
A 288.993255615 -71.873252869 326.216278076
A 8478.191406250 3798.757812500 -21.066204071
A 232.616409302 28.312519073 300.163726807
A 24.393243790 -109.137580872 175.057174683
