533

A 408.449584961 -58.620384216 148.203628540
A 111.227775574 -203.325698853 439.081054688
A 359.104614258 -156.152984619 477.584503174
A 293.877166748 -323.956146240 297.545562744
A 451.807312012 -45.763515472 347.118377686
A 468.989532471 -107.608215332 312.345916748
A 338.185424805 -236.381561279 335.318450928
A 332.502685547 -118.922737122 476.601989746
A 357.678131104 -5367.439941406 -51200.042968750
A 464.455718994 -150.697921753 284.211029053
A 127.594398499 1.526293755 135.616806030
A 341.526519775 -85.120742798 425.361114502
A 334.189178467 -300.520874023 234.572814941
A 420.567413330 -30.523979187 407.235809326
A 74.365493774 -52.791156769 163.221481323
A 3521.843505859 -809.721313477 7771.907714844
A 274.820953369 -143.577499390 505.677856445
A 199.943344116 -299.394226074 391.952636719
A 105.071212769 -186.264801025 303.371215820
A 339.446807861 24.946567535 140.463745117
A 248.238113403 103.867507935 353.002838135
A 461.354339600 -147.552154541 322.805999756
A 234.901580811 -147.421524048 509.261688232
A 6411.792480469 4837.624023438 4.666682243
A 320.651214600 36.309864044 439.266113281
A 328.842437744 -315.847229004 325.214233398
A 364.365386963 -8.691540718 448.716400146
A 461.034576416 -75.161346436 343.636230469
A 438.275756836 -209.293777466 253.250854492
A 205.363281250 -57.209106445 105.656173706
A 226.197692871 94.682029724 202.740631104
A 458.012603760 -110.249801636 352.380706787
A 462.124053955 -63.708545685 250.335891724
A 342.296539307 -285.531524658 385.331420898
A 435.070739746 -207.996917725 352.501220703
A 91.996177673 -201.010650635 162.393188477
A 270.692077637 -3.425420284 485.380737305
A 106.549522400 60.424007416 311.141265869
A 456.840545654 -140.886123657 226.756881714
A 35.169841766 -112.564476013 337.785522461
A 406.482421875 -153.791732788 143.614089966
A 132.772598267 -108.218498230 98.323974609
A 155.372528076 16.550569534 129.044677734
A 301.309783936 -270.855712891 433.072540283
A -1197.259521484 403.166442871 303.293212891
A 319.904998779 -16.218593597 102.774009705
A -49329.750000000 65176.734375000 41425.839843750
A 219.458663940 99.204483032 347.576263428
A 156.231079102 58.429809570 402.877624512
A 150.744567871 -167.719055176 300.169219971
A 68.998558044 23.354310989 281.516815186
A 54.273647308 -64.166694641 191.349975586
A 96.949813843 -159.089462280 131.014160156
A 137.533615112 -224.035278320 445.375946045
A 269.161193848 106.754631042 328.383728027
A 222.742813110 -325.382202148 339.113739014
A 157.868759155 54.623039246 167.249633789
A 99.817214966 -273.857360840 306.207092285
A 82.526023865 -226.924102783 383.117736816
A -67824.773437500 16727.152343750 -52298.136718750
A 126.779525757 -77.130661011 106.348075867
A 247.126159668 -103.438697815 513.348083496
A 130.145248413 -186.804580688 460.503723145
A 185.230422974 -280.106658936 415.511535645
A 78.841941833 -255.584075928 285.676330566
A 347.623413086 -233.746444702 137.119247437
A 267.264678955 113.924781799 299.566802979
A 395.519165039 -271.807403564 253.179214478
A 402.472381592 -256.510711670 336.151031494
A 450.850097656 -194.643890381 291.219940186
A 449.175262451 -87.824455261 197.321350098
A 403.653106689 -179.908767700 230.730880737
A 383.469451904 -244.566131592 182.152343750
A 94.910186768 41.702632904 343.590820312
A 108.957977295 -266.926666260 373.425170898
A 61.232963562 -167.091461182 181.240951538
A 346.551147461 -40.010791779 106.646842957
A 293.216247559 -208.164169312 483.347595215
A 351.860809326 19.945327759 436.894073486
A 221.063278198 15.170324326 106.233932495
A 4178.897460938 -12793.242187500 24052.744140625
A 329.323638916 -14.705487251 471.900634766
A 142.419372559 -241.633148193 147.030914307
A 385.094635010 42.319080353 370.953918457
A 206.026229858 -169.557647705 80.652084351
A 52.377101898 -181.545120239 375.088775635
A 433.976348877 -89.863548279 169.650283813
A 255.101409912 -266.302001953 444.225341797
A 310.316741943 -45.963848114 493.555725098
A 194.227554321 -209.491714478 481.872619629
A 133.173629761 -246.470825195 421.247253418
A 168.587097168 -314.195251465 292.899291992
A 40302.425781250 -13738.343750000 -43779.964843750
A 434.576507568 -145.245803833 402.547729492
A 142.142807007 -276.476440430 193.760482788
A 450.856994629 -159.428970337 354.431304932
A -20232.931640625 -82935.312500000 10599.707031250
A 144.349655151 -156.299850464 97.535949707
A 321.328186035 -195.270950317 483.409820557
A 452.755554199 -174.655609131 238.368194580
A 73.365928650 -123.718460083 430.357727051
A 68.461685181 -90.335060120 165.852798462
A -2702.243652344 6217.213378906 6414.393066406
A 119.236137390 -221.586990356 150.259201050
A 388.467773438 -140.946594238 125.307380676
A 161.150177002 22.983989716 427.215179443
A 359.662109375 -227.846771240 437.014770508
A 228.560455322 -288.506195068 157.874298096
A 75.465225220 -95.259284973 142.808609009
A 223.773696899 -246.469909668 119.846626282
A 46.608798981 -198.531631470 241.684143066
A 368.983612061 -276.799316406 215.324584961
A 57.468448639 -23.257287979 210.472351074
A 297.974426270 -273.802276611 148.402465820
A 236.370285034 -331.430816650 256.774200439
A 410.113250732 -93.701538086 140.957778931
A 216.884963989 -55.078395844 76.597938538
A -1562.799682617 -85169.632812500 -20789.949218750
A 163.035873413 -277.515441895 173.606491089
A 286.375427246 -170.949188232 105.588439941
A 154.323623657 -14.592741013 112.738365173
A 240.564254761 -69.994903564 508.359405518
A 283.391754150 -239.472167969 147.422775269
A 84.675216675 -84.392593384 441.045898438
A -58404.464843750 -45145.664062500 -52268.054687500
A 442.162078857 -18.004837036 354.086425781
A 371.364593506 -286.879241943 244.665069580
A 356.771301270 -192.663970947 464.013732910
A 24.320329666 -101.991630554 307.029083252
A 50.111976624 -12.220356941 287.455352783
A 339.051269531 -82.705650330 491.258361816
A 225.540603638 -7.907470703 486.790954590
A 390.668151855 50.343566895 232.891143799
A 318.909881592 67.744552612 173.635650635
A 391.973205566 -87.013175964 123.003753662
A -857.556518555 -6076.753417969 2124.748535156
A 216.521316528 -203.446731567 88.852600098
A 200.024627686 -316.628417969 353.172119141
A 962.246459961 -774.369934082 111.167045593
A 301.761016846 94.878822327 346.050933838
A 180.950790405 65.978393555 167.272323608
A 115.627311707 -250.709381104 398.713623047
A 301.664245605 -82.199920654 73.772254944
A 271.602416992 -316.171417236 377.450592041
A 44.171012878 -27.124126434 318.872558594
A 30664.191406250 -10432.626953125 -44558.050781250
A 297.108184814 -166.366073608 500.521881104
A 273.325286865 -144.587722778 275.755432129
A -4161.747558594 -1239.372558594 1325.946411133
A 244.676803589 41.127822876 128.130645752
A 94.876792908 -221.355636597 262.710479736
A 83.794197083 -48.369609833 431.214721680
A 314.367065430 82.639488220 205.489791870
A 97.072868347 -265.139648438 262.303253174
A 157.763778687 31.521280289 440.633300781
A 68.189781189 11.518156052 234.223846436
A 409.201660156 -32.269626617 166.665740967
A 220.905899048 -106.853851318 65.445732117
A 399.549468994 -216.449890137 411.121459961
A 41.382080078 -131.782806396 374.205413818
A 75.343414307 -187.951354980 179.533798218
A 88.018356323 -26.341869354 173.690902710
A 260.762023926 110.175506592 244.466903687
A 289.937011719 59.903251648 425.636840820
A 140.696212769 67.821395874 211.949890137
A 86.352745056 -256.685546875 243.095245361
A 77.495071411 25.984439850 254.130310059
A 67.495620728 -234.593353271 318.434753418
A 101.265808105 54.617210388 266.372222900
A 377.469390869 -286.219055176 300.831085205
A 193.514373779 93.083473206 221.007568359
A 343.591094971 -281.209625244 187.439102173
A 33.869415283 -159.700241089 272.892364502
A 267.459442139 13.095334053 104.191345215
A 375.463775635 72.578247070 269.730651855
A 394.740600586 -184.108886719 145.846755981
A 391.532470703 4.006468773 412.679107666
A 328.547576904 -64.396148682 89.309455872
A 168.004440308 -308.347595215 353.624145508
A 178.672180176 98.479049683 281.622406006
A 303.547241211 -47.597530365 86.361328125
A 44.642688751 -135.584442139 199.996047974
A 450.361022949 -20.398017883 304.908447266
A 338.494140625 -223.650604248 456.771484375
A 201.220413208 85.919204712 379.903106689
A 186.668579102 -11.561358452 483.859527588
A 4267.218750000 9950.986328125 13617.712890625
A 268.454986572 110.095878601 272.732177734
A 95.254081726 -223.447326660 180.394546509
A 434.845214844 -225.516860962 289.608825684
A 198.723190308 -87.272087097 508.520233154
A 49.223075867 -19.919425964 250.741165161
A 389.539489746 -258.885589600 210.026855469
A 825.427612305 -1301.876220703 -61.771316528
A -30878.246093750 39312.664062500 32093.552734375
A 48.454452515 -199.839904785 336.959136963
A 329.862121582 -175.661895752 94.558631897
A 259.419250488 -273.508483887 139.633026123
A 81.930282593 35.730937958 309.473144531
A 42.693809509 -54.424896240 220.918350220
A 406.534759521 -190.833145142 422.268188477
A 252.167739868 -142.494842529 71.088539124
A 286.416137695 -227.723892212 102.758850098
A 152.525299072 -292.420074463 379.023162842
A 184.664871216 -194.740829468 97.092964172
A 128.380218506 74.022315979 299.695831299
A 176.483551025 -312.620269775 231.485458374
A 166.983596802 -217.734771729 466.584655762
A 301.341705322 -111.169891357 76.728996277
A 59.554058075 -226.760620117 250.603195190
A 289.572692871 -13.470819473 93.629318237
A 319.542541504 48.641742706 149.225723267
A 93.811706543 -110.298133850 127.010192871
A 173.554824829 -1403.111450195 -294.736083984
A 67.008270264 -163.555801392 410.321289062
A 410.967468262 42.600368500 267.363037109
A 270.071685791 -56.940696716 504.584838867
A 91.808853149 -138.671340942 138.284957886
A 282.679565430 -117.399177551 509.747924805
A 265.634307861 -35.616859436 78.434997559
A 349.162048340 -101.867446899 95.870613098
A 419.694732666 -18.545497894 279.818420410
A 204.577102661 -59.542316437 503.239410400
A 287.101562500 79.247299194 179.176589966
A 117.240737915 1.893859386 432.177307129
A 337.844238281 82.193862915 224.097442627
A 325.035552979 -310.599365234 266.482238770
A 247.319259644 -62.744827271 73.049407959
A 225.292846680 -313.587829590 287.907928467
A -7297.242187500 40792.574218750 -96857.484375000
A 58.275184631 -128.643569946 172.467681885
A 164.024673462 -170.942108154 485.062744141
A 171.784851074 -156.041610718 84.882942200
A 222.323410034 -150.658142090 71.509437561
A 218.751800537 109.531471252 293.784973145
A 259.654998779 101.500350952 221.711547852
A 449.272827148 -86.728172302 380.271881104
A 368.964782715 -163.505981445 112.160057068
A 422.041412354 -192.031707764 392.587280273
A 308.102874756 -291.516784668 399.489318848
A 83.925224304 15.507425308 209.157287598
A 398.095489502 -249.907211304 371.179687500
A 412.199890137 26.762769699 231.775604248
A 368.960235596 -124.929122925 105.897117615
A 436.785217285 -181.858444214 201.592391968
A 376.365722656 -46.690128326 120.313705444
A 54.587139130 -151.725723267 393.883209229
A 207.832901001 -268.462127686 440.539733887
A 275.191406250 34.374835968 455.837921143
A 436.003753662 -178.025146484 383.725280762
A 57482.941406250 26497.578125000 6894.126953125
A 730.696105957 -1726.469360352 -1148.591796875
A 441.977569580 -137.657775879 189.983123779
A 257.835510254 -330.014526367 282.472625732
A 194.077209473 83.728363037 192.133621216
A 341.392120361 -259.838287354 420.797149658
A 66.372108459 -35.065761566 400.138122559
A 179.146163940 -48.646579742 84.578247070
A 415.205139160 -69.314155579 429.103088379
A 376.495666504 -275.772064209 358.394744873
A 303.993347168 85.884674072 377.727355957
A 209.063400269 64.346923828 153.365554810
A 59.769714355 -102.303283691 409.665710449
A 417.169036865 23.793821335 343.199645996
A 36.365608215 -82.920562744 353.054656982
A 391.746765137 -44.139942169 447.153686523
A 317.724731445 -212.334533691 105.987976074
A 46.749958038 -207.734375000 303.101165771
A 330.641662598 62.450698853 403.881896973
A 389.366851807 -131.840164185 459.286590576
A 255.883697510 -20.555374146 495.509765625
A 335.145141602 91.291786194 319.697326660
A 334.482086182 78.715911865 366.681793213
A 378.364196777 -241.053955078 416.911956787
A 41.943569183 -196.033782959 280.384277344
A -3266.749023438 -16670.431640625 8752.099609375
A 347.692810059 -198.157424927 115.252380371
A 409.153442383 -1.724242330 182.790496826
A 134.002243042 -270.220794678 337.122650146
A 30.452074051 -141.864181519 328.708374023
A 1738.114624023 6773.218750000 4715.686523438
A 247.242568970 43.425838470 221.677352905
A 439.299957275 -30.135837555 209.675003052
A 164.189743042 -251.287155151 439.012817383
A 144.002044678 -31.441341400 474.613342285
A 432.357269287 -216.993988037 227.591979980
A 281.571197510 -153.386077881 75.657005310
A 135.617904663 -191.852539062 115.293807983
A 183.821243286 -151.518432617 499.578460693
A 38.834480286 -91.760650635 273.840759277
A 371.408996582 72.632804871 315.594238281
A 361.128082275 -298.707336426 276.185485840
A 400.215118408 13.134819984 392.061309814
A 260.712066650 -174.965713501 501.699279785
A 192.140228271 -107.110488892 200.280395508
A 392.181610107 55.834995270 299.216827393
A 188.481597900 35.511211395 132.380233765
A 287.198272705 54.428024292 144.655639648
A 152.761856079 -117.944351196 494.096313477
A 245.999053955 -230.501876831 474.772766113
A 451.472015381 -64.127677917 225.218231201
A 416.157196045 -247.080642700 252.350006104
A 452.714416504 -84.598297119 313.752136230
A 120.103210449 -71.094879150 470.154327393
A 434.555816650 -90.917945862 408.907196045
A 467.413696289 -120.724227905 286.227172852
A -28736.808593750 -42195.156250000 32602.644531250
A 203.847625732 -2.772121668 103.068222046
A 110.155662537 55.689590454 231.674972534
A 256.160064697 -297.249389648 406.054412842
A -1164.386230469 -3529.658935547 -2218.839599609
A 140.923461914 36.215106964 161.928298950
A 388.101501465 -156.426757812 452.527343750
A 418.851867676 6.079488277 208.831726074
A 37.212978363 -55.966091156 250.709808350
A 462.755767822 -111.653297424 248.526763916
A 32.297035217 -99.387619019 224.720382690
A 213.195922852 20.954219818 467.251403809
A 376.338897705 -63.852779388 465.260070801
A 123.648757935 -149.435180664 109.503944397
A 32.948722839 -61.463291168 325.982391357
A 307.907135010 103.888923645 266.915588379
A 182.586318970 -6.509237766 101.219169617
A 233.976684570 81.076789856 396.820007324
A 63.378158569 -77.941841125 411.621337891
A 305.622528076 101.328086853 303.765472412
A 355.646087646 -296.250946045 338.041595459
A 67.367797852 -220.697952271 359.577087402
A 260.668731689 -306.220336914 192.930953979
A 146.181213379 70.519447327 369.124542236
A 242.251510620 -11.635315895 86.263427734
A 65.102607727 -214.639526367 213.843856812
A 232.188125610 53.531089783 141.057968140
A 361.949188232 47.115463257 398.580139160
A 152.718887329 91.682891846 313.444000244
A 220.760971069 -112.341117859 509.891235352
A 330.518890381 -155.723114014 492.501220703
A 449.500915527 -130.062408447 374.889282227
A 457.544219971 -165.293151855 265.745788574
A 179.194244385 -268.371429443 152.879837036
A 118.321502686 47.104122162 383.789764404
A 370.007019043 57.530746460 217.534042358
A 424.879089355 -111.425872803 420.027923584
A 259.213897705 95.324615479 375.583190918
A -336.902313232 724.373046875 1792.917724609
A 274.103118896 -253.305969238 120.828781128
A -19530.783203125 54799.683593750 -4753.344726562
A 173.765151978 -46.994216919 488.619201660
A 449.659729004 -179.412887573 330.742797852
A 398.266662598 -265.609710693 305.634460449
A 64.691436768 7.150541306 320.818817139
A 238.822860718 -103.713249207 74.949058533
A 193.666427612 -246.947937012 456.359558105
A 427.748229980 -159.844543457 170.320632935
A 9131.431640625 3238.282226562 -5343.513671875
A 221.795623779 110.550605774 268.229980469
A 369.419433594 -90.824226379 477.231323242
A 150.372970581 -57.852172852 94.767356873
A 39.974876404 -171.305328369 336.050872803
A 122.386619568 -254.258773804 181.599914551
A 299.167877197 -316.368194580 234.229598999
A 301.188781738 -10.069262505 482.350067139
A 304.673034668 -290.828521729 185.639053345
A 275.190216064 75.401390076 402.581878662
A 248.894348145 67.827659607 420.013031006
A 249.035308838 48.230415344 446.252105713
A 434.414764404 7.401584148 326.582611084
A 225.009384155 -320.866180420 226.948043823
A 122.879577637 -293.087707520 261.040863037
A 168.744613647 12.285946846 461.031524658
A 367.589813232 -267.904541016 394.224029541
A 162.390594482 -314.265441895 324.895660400
A 151.128128052 88.687576294 264.691558838
A 376.524505615 21.685955048 167.584564209
A 311.418243408 -306.416809082 203.847808838
A 2058.351562500 -2311.396972656 1.817895651
A 126.117248535 71.067115784 254.723037720
A 388.104003906 -219.592987061 163.386428833
A 189.344802856 -118.678871155 76.460693359
A 228.419754028 -308.079071045 195.342224121
A 49.537612915 -30.725288391 352.557647705
A 183.986297607 -300.923675537 203.344055176
A 202.363586426 58.118942261 429.487091064
A -15705.928710938 12252.082031250 -17075.095703125
A 370.249877930 -82.472938538 106.195098877
A 178.340957642 -218.294845581 109.781112671
A 430.964721680 -51.876522064 182.436981201
A 244.278594971 -330.699035645 320.226074219
A 328.079864502 -309.212860107 351.541687012
A 200.077621460 -174.744018555 499.185729980
A -11420.736328125 5370.453613281 -9780.957031250
A 333.589111328 -314.179107666 286.746582031
A 390.703338623 52.367366791 340.857513428
A 333.295623779 -121.680244446 84.932914734
A 126.259933472 -31.276222229 120.458648682
A 452.761474609 -29.988306046 258.910095215
A 205.512313843 -328.147033691 294.980926514
A 64.214881897 -8.376159668 365.299316406
A 220.148208618 39.776535034 450.318481445
A 78.366447449 -4.888297081 181.884155273
A 112.019676208 -272.192413330 223.565887451
A 420.951324463 -120.310859680 152.483367920
A 156.431259155 -79.674766541 491.876434326
A 81.556350708 20.496726990 366.851196289
A 40506.679687500 -49219.253906250 62515.929687500
A 415.216247559 -228.650085449 365.766479492
A -7595.828125000 874.340454102 4809.194824219
A 1687.861328125 -3871.425048828 -611.932495117
A 155.430908203 -275.729949951 405.834014893
A 160.676315308 85.927398682 222.266891479
A 437.568542480 -2.855990887 239.818710327
A 323.486572266 -252.502548218 140.319168091
A 44.880722046 -170.444458008 219.274734497
A 376.767425537 5.541459560 147.762680054
A 303.648834229 99.640701294 230.388504028
A 383.581695557 -189.266540527 443.632965088
A 93.765823364 -177.632354736 142.275238037
A 150.536178589 -221.723724365 124.006492615
A -3687.429443359 2361.890136719 104.153259277
A 316.731719971 -252.238449097 445.268035889
A 187.785476685 -120.964874268 505.235748291
A 413.310607910 -198.851867676 173.874954224
A 172.026809692 84.723297119 353.682739258
A 242.549942017 -28.378314972 486.235595703
A 152.254669189 -310.756439209 263.262207031
A 119.663238525 -106.337120056 479.453308105
A 280.987457275 -326.013214111 259.971649170
A 270.969757080 -304.175903320 366.058074951
A 338.447113037 0.551376164 292.081817627
A 157.208587646 -113.656776428 83.121696472
A 387.780670166 -20.509456635 144.667663574
A 299.702728271 -234.074020386 469.058868408
A 30900.417968750 60040.472656250 28650.074218750
A 91.986320496 -159.874084473 441.137756348
A 309.083007812 21.148508072 462.515899658
A 280.313934326 -327.865509033 326.078308105
A 451.699340820 -108.539550781 212.762527466
A 98.286415100 -34.501461029 141.608856201
A 108.672447205 41.141418457 204.825073242
A 268.788818359 -282.892333984 424.443756104
A 355.784851074 79.424339294 248.567794800
A 44.611965179 -97.153038025 197.387832642
A 52.679172516 -51.438545227 374.190826416
A 263.160430908 -201.834655762 88.610694885
A 167.907775879 -25.999156952 457.122314453
A 117.066726685 -43.264217377 458.259155273
A 264.144958496 -208.004714966 488.938293457
A 434.560058594 -52.641368866 391.618072510
A 420.083343506 29.822240829 302.924346924
A 190.294769287 -321.080169678 259.495239258
A 307.536407471 -69.488540649 501.943878174
A 144.007736206 -294.450256348 222.733657837
A 187.652832031 70.051345825 405.074371338
A 88.263404846 -193.244720459 419.921661377
A 27.937631607 -147.556808472 295.385040283
A 212.171371460 -265.527923584 139.618423462
A 251.844451904 91.505081177 189.308807373
A 197.328948975 -36.763217926 326.406829834
A -5112.234863281 46979.832031250 -60033.847656250
A 376.605743408 38.838420868 188.994903564
A -526.528930664 -1420.045410156 198.281982422
A 90.187507629 -217.846099854 407.661071777
A 415.087005615 -228.849914551 208.579681396
A 101.620750427 -70.567604065 125.452453613
A 314.931579590 16.223030090 119.447914124
A 8783.329101562 -564.873962402 -1956.748168945
A 426.123077393 -9.217536926 375.123992920
A 274.476531982 -87.751358032 70.509857178
A 118.282127380 24.558511734 409.202209473
A 131.147445679 -301.168884277 306.510009766
A 10073.527343750 11499.783203125 22002.697265625
A 351.062286377 54.917129517 181.696792603
A 25.420576096 -115.280105591 251.285049438
A 107.616577148 -21.224666595 443.087554932
A 21.329099655 -81.996902466 282.614776611
A 358.713897705 -254.578414917 164.043594360
A 415.663635254 -250.561706543 291.178344727
A 115.027442932 9.657671928 360.513641357
A 98.285415649 -116.837402344 456.085327148
A 37.042110443 -44.765159607 289.698211670
A -4011.037597656 -1615.293212891 3948.225097656
A 196.087402344 102.248924255 249.931747437
A 240.128250122 -222.749237061 96.782600403
A 139.493499756 -110.244277954 449.722686768
A 85.139762878 -8.329637527 400.884094238
A 124.088867188 40.971008301 181.351409912
A -24012.375000000 7607.589843750 4932.848632812
A 94.201286316 -242.434799194 206.072296143
A 295.824005127 -100.336967468 508.921691895
A 122.581321716 -286.759826660 343.205169678
A 41.707248688 -101.776985168 378.596954346
A 364.963287354 23.809190750 380.943206787
A 357.113616943 75.462615967 343.733123779
A 207.750686646 103.606605530 322.027313232
A 438.498077393 8.120098114 276.803405762
A 463.207916260 -53.240013123 302.207336426
A 278.131286621 -292.137451172 167.550369263
A -3221.117675781 2993.990234375 -639.880981445
A 111.628601074 -150.024810791 461.996398926
A 285.292907715 -182.974807739 79.955078125
A 341.620513916 94.715103149 282.225860596
A 265.415924072 -250.784423828 462.670288086
A 103.876296997 6.634427547 162.906509399
A 434.938751221 -220.161682129 322.804626465
A 354.209136963 -7.308452606 126.395637512
A 299.247558594 -312.380889893 363.905761719
A 345.987121582 -122.114822388 495.830596924
A 179.279022217 -83.370109558 79.614387512
A 121.571334839 61.590408325 347.903717041
A 253.640731812 71.468276978 160.720779419
A 466.617523193 -78.696266174 274.422241211
A 310.959197998 -1.829009175 258.932891846
A 225.274673462 -284.863586426 423.486846924
A 139.591491699 -166.840759277 477.007873535
A 263.995025635 -320.579772949 224.892532349
A 279.089599609 33.549018860 120.706169128
A 182.418151855 -244.743652344 129.223709106
A 351.417114258 -39.947952271 473.859710693
A 85.857231140 -260.539062500 341.141052246
A 172.842742920 91.057785034 330.289215088
A 199.964416504 -295.781433105 182.711990356
A 395.747589111 -22.230144501 434.846954346
A 322.575134277 -148.120513916 83.588653564
A 213.594116211 -229.159683228 473.198486328
A 417.990386963 -146.812408447 427.583312988
A 230.469299316 -313.059661865 375.842224121
A 230.623199463 -187.278259277 494.908843994
A -13802.921875000 12667.625000000 2979.915527344
A 368.227264404 -209.819732666 133.769256592
A 399.708587646 -98.613372803 452.618164062
A 11760.995117188 5270.300292969 -27.635730743
A 323.700988770 39.116477966 415.558319092
A 33.813686371 -151.912139893 243.074462891
