533

A 409.292053223 -58.845069885 148.568725586
A 111.448593140 -203.809768677 439.931121826
A 359.769073486 -156.456649780 478.614776611
A 294.498931885 -324.580413818 298.257598877
A 452.757751465 -45.868076324 347.909942627
A 469.921356201 -107.843132019 313.145721436
A 338.921905518 -236.825286865 336.010803223
A 333.221130371 -119.094535828 477.555206299
A 358.291046143 -5378.729980469 -51307.792968750
A 465.484954834 -151.017303467 284.811309814
A 127.846557617 1.561916709 135.934814453
A 342.357055664 -85.411491394 426.250549316
A 335.048797607 -301.172607422 234.994049072
A 421.423126221 -30.680521011 408.176361084
A 74.570785522 -52.950908661 163.561355591
A 3529.204589844 -811.424133301 7788.312011719
A 275.392791748 -143.877563477 506.623016357
A 200.442291260 -299.932861328 392.746337891
A 105.292030334 -186.624465942 303.999298096
A 340.228393555 25.043382645 140.685424805
A 248.737228394 104.121726990 353.694976807
A 462.362884521 -147.859237671 323.484283447
A 235.412063599 -147.685485840 510.338775635
A 6425.259277344 4847.777832031 4.687714577
A 321.269470215 36.360393524 440.221618652
A 329.489227295 -316.543762207 325.813354492
A 365.153900146 -8.801169395 449.580383301
A 461.967498779 -75.356712341 344.325225830
A 439.198028564 -209.803497314 253.700698853
A 205.835861206 -57.467643738 105.892997742
A 226.634216309 94.818481445 203.240844727
A 459.069061279 -110.447669983 353.063903809
A 463.187744141 -64.023834229 250.838760376
A 343.004913330 -286.176483154 386.038848877
A 436.111358643 -208.466888428 353.227142334
A 92.195091248 -201.389846802 162.747970581
A 271.316650391 -3.378894567 486.509552002
A 106.807525635 60.524044037 311.826446533
A 457.861663818 -141.196487427 227.114868164
A 35.250564575 -112.868896484 338.426452637
A 407.406982422 -154.083114624 143.966583252
A 133.129013062 -108.367736816 98.512573242
A 155.711776733 16.709850311 129.362152100
A 301.986114502 -271.423767090 434.025390625
A -1199.847900391 404.040893555 303.813690186
A 320.437683105 -16.154331207 102.935897827
A -49433.558593750 65313.988281250 41513.101562500
A 219.840942383 99.568992615 348.331573486
A 156.557144165 58.545398712 403.702301025
A 151.010177612 -168.035919189 300.817779541
A 69.195709229 23.350736618 282.047241211
A 54.365604401 -64.290977478 191.801391602
A 97.113044739 -159.415039062 131.222198486
A 137.858306885 -224.399505615 446.236846924
A 269.735168457 106.877952576 329.085083008
A 223.233489990 -326.074615479 339.816741943
A 158.306671143 54.771991730 167.607162476
A 99.974426270 -274.364685059 306.834472656
A 82.683715820 -227.340896606 384.047943115
A -67967.718750000 16762.519531250 -52408.164062500
A 127.039985657 -77.277740479 106.610839844
A 247.732101440 -103.635864258 514.386352539
A 130.412796021 -187.212890625 461.346099854
A 185.663543701 -280.774139404 416.347167969
A 79.015136719 -256.115905762 286.248840332
A 348.331542969 -234.241958618 137.388061523
A 267.866668701 114.157623291 300.130859375
A 396.307159424 -272.475128174 253.700302124
A 403.380676270 -257.113555908 336.795349121
A 451.733001709 -195.094100952 291.727722168
A 450.159698486 -88.016578674 197.772415161
A 404.523406982 -180.340560913 231.240737915
A 384.282775879 -245.047729492 182.538421631
A 95.074195862 41.817890167 344.320281982
A 109.139259338 -267.491516113 374.175476074
A 61.323730469 -167.512802124 181.684463501
A 347.186920166 -39.977588654 106.959899902
A 293.870361328 -208.647262573 484.445800781
A 352.610626221 20.077640533 437.867065430
A 221.620620728 15.154709816 106.507270813
A 4187.616699219 -12820.162109375 24103.296875000
A 329.956695557 -14.598831177 473.009674072
A 142.707824707 -242.094116211 147.311584473
A 385.800231934 42.353729248 371.655517578
A 206.549896240 -169.853973389 80.877433777
A 52.386070251 -181.891677856 375.784454346
A 434.899108887 -89.928794861 169.995513916
A 255.578704834 -266.873626709 445.127197266
A 310.902282715 -46.028095245 494.617980957
A 194.658767700 -209.913833618 482.974426270
A 133.489242554 -246.944366455 422.025726318
A 168.875610352 -314.766082764 293.495452881
A 40387.269531250 -13767.292968750 -43872.093750000
A 435.538726807 -145.595001221 403.440124512
A 142.424255371 -277.052642822 194.231948853
A 451.733306885 -159.719558716 355.162322998
A -20275.476562500 -83109.937500000 10621.973632812
A 144.663070679 -156.708847046 97.777519226
A 322.028564453 -195.675842285 484.286041260
A 453.794403076 -175.150436401 238.859771729
A 73.413795471 -124.005302429 431.260040283
A 68.594787598 -90.555099487 166.252197266
A -2707.935058594 6230.284179688 6427.818359375
A 119.384613037 -222.000610352 150.517639160
A 389.287200928 -141.219192505 125.463188171
A 161.462768555 23.091991425 428.190155029
A 360.364105225 -228.283599854 437.774414062
A 229.017898560 -289.085510254 158.204956055
A 75.691596985 -95.458076477 143.131988525
A 224.252517700 -246.973556519 120.036209106
A 46.674251556 -198.877044678 242.235534668
A 369.828216553 -277.370941162 215.760131836
A 57.672283173 -23.336839676 210.916458130
A 298.694244385 -274.333282471 148.690124512
A 236.923217773 -332.105957031 257.399719238
A 410.978820801 -93.839103699 141.202117920
A 217.312362671 -55.140522003 76.765724182
A -1566.075439453 -85348.968750000 -20833.771484375
A 163.347320557 -278.070648193 173.996612549
A 286.940856934 -171.290390015 105.839111328
A 154.604171753 -14.591970444 113.001838684
A 241.087692261 -70.274971008 509.423431396
A 283.871643066 -240.063934326 147.828247070
A 84.889770508 -84.582733154 441.995117188
A -58527.457031250 -45240.656250000 -52378.164062500
A 443.103607178 -18.057500839 354.794403076
A 372.179443359 -287.457427979 245.175064087
A 357.565734863 -192.962432861 465.046630859
A 24.368087769 -102.152214050 307.597198486
A 50.170825958 -12.124959946 288.041748047
A 339.721954346 -82.864753723 492.258666992
A 225.978271484 -7.913382530 487.824005127
A 391.518463135 50.469940186 233.334777832
A 319.642761230 67.843589783 174.080230713
A 392.738006592 -87.346862793 123.200370789
A -859.302490234 -6089.554687500 2129.199218750
A 216.999954224 -204.008331299 89.031448364
A 200.435119629 -317.269683838 353.841888428
A 964.304138184 -776.032226562 111.435073853
A 302.449401855 95.209594727 346.891937256
A 181.407135010 66.063163757 167.570556641
A 115.880073547 -251.262466431 399.645050049
A 302.195129395 -82.403305054 73.982734680
A 272.219207764 -316.846160889 378.213470459
A 44.282676697 -27.222591400 319.558929443
A 30728.724609375 -10454.551757812 -44651.949218750
A 297.726806641 -166.638275146 501.589050293
A 273.900482178 -144.838378906 276.272338867
A -4170.434082031 -1242.007324219 1328.802368164
A 245.225967407 41.145496368 128.400665283
A 95.039611816 -221.835113525 263.223968506
A 83.878952026 -48.484397888 432.239318848
A 315.000518799 82.948875427 205.972732544
A 97.277343750 -265.653717041 262.783020020
A 158.025497437 31.543661118 441.579803467
A 68.257499695 11.602927208 234.710418701
A 410.119537354 -32.352195740 167.065078735
A 221.388565063 -107.088340759 65.631042480
A 400.352996826 -216.950378418 412.018615723
A 41.489559174 -132.059646606 375.029632568
A 75.544654846 -188.222976685 179.866302490
A 88.117408752 -26.420682907 174.043533325
A 261.273284912 110.434684753 244.928451538
A 290.554870605 60.036514282 426.508453369
A 140.896728516 67.893028259 212.432205200
A 86.535346985 -257.220153809 243.672424316
A 77.661209106 25.983005524 254.662506104
A 67.731842041 -235.096649170 319.084503174
A 101.523536682 54.733173370 266.969726562
A 378.265167236 -286.851898193 301.563262939
A 193.890213013 93.314872742 221.384155273
A 344.319030762 -281.862915039 187.851272583
A 33.974151611 -160.052856445 273.524566650
A 268.027435303 13.164963722 104.453002930
A 376.271636963 72.845336914 270.340179443
A 395.552795410 -184.490783691 146.144378662
A 392.337097168 4.064351559 413.569610596
A 329.209014893 -64.553710938 89.513069153
A 168.355514526 -309.028808594 354.427124023
A 178.982254028 98.673164368 282.163848877
A 304.217590332 -47.696666718 86.540451050
A 44.733032227 -135.943527222 200.416656494
A 451.371337891 -20.493232727 305.513641357
A 339.221801758 -224.115020752 457.683959961
A 201.611724854 86.090896606 380.608001709
A 187.113067627 -11.565567970 484.885314941
A 4276.209960938 9971.871093750 13646.364257812
A 269.017822266 110.391059875 273.357543945
A 95.423820496 -223.890213013 180.821243286
A 435.771606445 -226.013122559 290.249725342
A 199.132461548 -87.612236023 509.626373291
A 49.288528442 -20.025537491 251.175323486
A 390.324981689 -259.457305908 210.588104248
A 827.250305176 -1304.643920898 -61.948257446
A -30943.244140625 39395.515625000 32161.099609375
A 48.570354462 -200.321411133 337.682891846
A 330.622497559 -176.038848877 94.730834961
A 259.977478027 -274.065246582 139.884994507
A 82.108840942 35.715740204 310.184906006
A 42.736320496 -54.570842743 221.357299805
A 407.377716064 -191.259979248 423.191558838
A 252.708618164 -142.775726318 71.239875793
A 286.977844238 -228.188720703 103.013175964
A 152.713912964 -293.125946045 379.781280518
A 185.015640259 -195.219192505 97.271003723
A 128.672378540 74.260337830 300.344696045
A 176.770706177 -313.293823242 231.962432861
A 167.366241455 -218.263824463 467.567169189
A 302.007568359 -111.427955627 76.934524536
A 59.712894440 -227.253433228 251.164031982
A 290.122924805 -13.547873497 93.887130737
A 320.379821777 48.736785889 149.643814087
A 93.967758179 -110.538612366 127.259262085
A 173.916366577 -1406.055908203 -295.354400635
A 67.203674316 -163.837142944 411.190460205
A 411.730346680 42.660148621 267.814849854
A 270.575256348 -57.055793762 505.641479492
A 92.174682617 -138.941543579 138.516235352
A 283.283691406 -117.728668213 510.807952881
A 266.299407959 -35.737472534 78.658996582
A 349.955596924 -101.981712341 96.123725891
A 420.565185547 -18.542179108 280.431823730
A 204.955139160 -59.650192261 504.165313721
A 287.701202393 79.483833313 179.588165283
A 117.609016418 1.801344395 433.199981689
A 338.589416504 82.388603210 224.616989136
A 325.710174561 -311.137420654 267.066589355
A 247.773925781 -62.862972260 73.267005920
A 225.851455688 -314.201538086 288.597412109
A -7312.510253906 40878.328125000 -97061.476562500
A 58.508434296 -128.946975708 172.733367920
A 164.394226074 -171.263092041 486.145996094
A 172.168838501 -156.399612427 85.158775330
A 222.763137817 -150.998336792 71.593666077
A 219.165206909 109.817390442 294.417053223
A 260.304626465 101.763664246 222.169982910
A 450.128265381 -86.794242859 381.039978027
A 369.695495605 -163.823944092 112.337318420
A 422.794464111 -192.460830688 393.405303955
A 308.881988525 -292.166046143 400.250610352
A 84.309883118 15.615765572 209.490310669
A 398.904907227 -250.430496216 371.975982666
A 413.077545166 26.796741486 232.296813965
A 369.764953613 -125.080749512 106.077613831
A 437.719360352 -182.243270874 202.016647339
A 377.148651123 -46.669364929 120.603065491
A 54.698619843 -152.113555908 394.798187256
A 208.285598755 -269.037353516 441.503234863
A 275.762969971 34.524669647 456.690948486
A 436.829010010 -178.355087280 384.437622070
A 57603.835937500 26553.453125000 6908.663574219
A 732.212219238 -1730.222412109 -1150.987915039
A 442.969299316 -137.967987061 190.353210449
A 258.298645020 -330.726776123 283.058990479
A 194.527069092 83.960975647 192.500747681
A 342.127044678 -260.281127930 421.730285645
A 66.473144531 -35.150794983 400.883789062
A 179.569305420 -48.791774750 84.835113525
A 416.155029297 -69.479812622 430.019622803
A 377.321655273 -276.319671631 359.150665283
A 304.593688965 86.113014221 378.528930664
A 209.600753784 64.426185608 153.752258301
A 59.989597321 -102.509422302 410.475006104
A 417.974700928 23.809694290 343.845428467
A 36.432083130 -83.113403320 353.676025391
A 392.610290527 -44.179313660 448.116943359
A 318.323822021 -212.824813843 106.193611145
A 46.867404938 -208.230178833 303.728546143
A 331.400115967 62.534061432 404.715026855
A 390.146728516 -132.183502197 460.208221436
A 256.293548584 -20.591823578 496.516632080
A 335.796539307 91.529853821 320.403808594
A 335.185211182 78.851615906 367.483612061
A 379.224700928 -241.505233765 417.789123535
A 42.084194183 -196.446884155 280.970611572
A -3273.546142578 -16705.585937500 8770.496093750
A 348.450439453 -198.541305542 115.472816467
A 410.092803955 -1.595949411 183.137985229
A 134.247436523 -270.726379395 337.825012207
A 30.478542328 -142.130737305 329.359619141
A 1741.750488281 6787.394531250 4725.613281250
A 247.778961182 43.367019653 222.099334717
A 440.127502441 -30.216144562 210.099349976
A 164.487213135 -251.835144043 439.924072266
A 144.355957031 -31.448822021 475.569641113
A 433.347564697 -217.421234131 228.103866577
A 282.144439697 -153.794860840 75.790069580
A 135.858993530 -192.216598511 115.453895569
A 184.258056641 -151.968719482 500.660003662
A 38.959922791 -91.884864807 274.428985596
A 372.119445801 72.701148987 316.251281738
A 361.837768555 -299.388793945 276.831878662
A 401.149658203 13.179432869 392.794830322
A 261.292846680 -175.224517822 502.725830078
A 192.514099121 -107.376144409 200.643035889
A 393.081390381 55.934024811 299.841796875
A 188.886199951 35.637802124 132.680725098
A 287.825347900 54.532592773 144.918762207
A 153.089721680 -118.152023315 495.192077637
A 246.493774414 -230.946746826 475.841888428
A 452.431457520 -64.258346558 225.690414429
A 417.032135010 -247.668457031 252.998901367
A 453.557281494 -84.788383484 314.367370605
A 120.377296448 -71.185287476 471.209777832
A 435.428833008 -91.059059143 409.800201416
A 468.343811035 -121.035217285 286.729980469
A -28797.201171875 -42283.933593750 32671.339843750
A 204.254486084 -2.765257597 103.407852173
A 110.418937683 55.913093567 232.128479004
A 256.605590820 -297.814514160 406.912994385
A -1166.819580078 -3536.995361328 -2223.639648438
A 141.243362427 36.171974182 162.172378540
A 388.938537598 -156.827789307 453.456542969
A 419.732879639 6.036787510 209.264297485
A 37.241287231 -56.224155426 251.177993774
A 463.715301514 -111.857231140 249.154083252
A 32.352027893 -99.615318298 225.104675293
A 213.716232300 20.979150772 468.277099609
A 377.090423584 -63.982139587 466.234069824
A 123.919929504 -149.722702026 109.726783752
A 33.082530975 -61.656066895 326.590087891
A 308.603179932 104.118721008 267.467712402
A 182.993148804 -6.567214489 101.321929932
A 234.447708130 81.180099487 397.765869141
A 63.548755646 -78.073089600 412.560516357
A 306.235260010 101.555976868 304.434234619
A 356.437683105 -296.891601562 338.826324463
A 67.491004944 -221.169418335 360.434875488
A 261.184448242 -306.847259521 193.337524414
A 146.551849365 70.663139343 369.849182129
A 242.797744751 -11.697764397 86.438011169
A 65.244880676 -215.144912720 214.339462280
A 232.657455444 53.666412354 141.423751831
A 362.620880127 47.099281311 399.421417236
A 153.027664185 91.900863647 314.132293701
A 221.163055420 -112.584220886 510.913848877
A 331.101501465 -156.084106445 493.477294922
A 450.396484375 -130.393966675 375.741363525
A 458.374572754 -165.651000977 266.277496338
A 179.445388794 -268.910095215 153.141036987
A 118.515853882 47.211498260 384.711853027
A 370.800384521 57.613475800 218.174850464
A 425.758178711 -111.690223694 420.993835449
A 259.809326172 95.547592163 376.257171631
A -337.675292969 725.971435547 1796.647583008
A 274.700073242 -253.745635986 121.147827148
A -19571.927734375 54915.128906250 -4763.325195312
A 174.230743408 -47.125080109 489.598205566
A 450.555084229 -179.809341431 331.466613770
A 399.047424316 -266.136322021 306.203155518
A 64.785034180 7.070662975 321.546325684
A 239.359191895 -103.841888428 75.086853027
A 194.089614868 -247.511520386 457.276367188
A 428.704803467 -160.232055664 170.650314331
A 9150.658203125 3245.066650391 -5354.712890625
A 222.292373657 110.748321533 268.773956299
A 370.189025879 -90.971061707 478.242797852
A 150.737808228 -57.912399292 95.024574280
A 40.066482544 -171.718643188 336.770141602
A 122.635375977 -254.780151367 181.905838013
A 299.827209473 -317.068054199 234.638916016
A 301.763031006 -10.062016487 483.341156006
A 305.273773193 -291.464691162 186.010452271
A 275.737243652 75.510223389 403.468292236
A 249.522537231 68.023094177 420.884368896
A 249.570877075 48.263011932 447.194976807
A 435.421203613 7.384099483 327.166534424
A 225.548034668 -321.615631104 227.291549683
A 123.156852722 -293.601928711 261.496398926
A 169.023986816 12.297397614 462.090393066
A 368.381408691 -268.433319092 395.075042725
A 162.639877319 -314.971679688 325.614532471
A 151.352142334 88.877059937 265.290588379
A 377.347808838 21.745344162 167.893035889
A 312.007476807 -307.053558350 204.262908936
A 2062.656738281 -2316.254150391 1.852623940
A 126.350715637 71.159645081 255.238800049
A 388.935028076 -220.012817383 163.836471558
A 189.780288696 -118.861663818 76.521644592
A 228.841690063 -308.717529297 195.695495605
A 49.631374359 -30.732826233 353.457611084
A 184.331558228 -301.507080078 203.794601440
A 202.885467529 58.161087036 430.312866211
A -15739.080078125 12277.834960938 -17111.093750000
A 370.997772217 -82.605110168 106.431251526
A 178.678054810 -218.817535400 110.121635437
A 431.883178711 -52.030437469 182.771392822
A 244.780319214 -331.253295898 321.019012451
A 328.781982422 -309.910675049 352.292938232
A 200.474563599 -175.104843140 500.200958252
A -11444.883789062 5381.816894531 -9801.480468750
A 334.249969482 -314.900024414 287.386566162
A 391.476898193 52.434291840 341.691131592
A 334.081268311 -122.005378723 85.071228027
A 126.424957275 -31.380088806 120.777702332
A 453.822479248 -29.994136810 259.577301025
A 206.016006470 -328.824035645 295.644683838
A 64.414627075 -8.272986412 366.078247070
A 220.688934326 39.815448761 451.188171387
A 78.626724243 -4.843029499 182.267776489
A 112.337905884 -272.754333496 224.127395630
A 421.835906982 -120.539566040 152.972930908
A 156.810226440 -79.812576294 492.919921875
A 81.693420410 20.493839264 367.594512939
A 40591.992187500 -49322.941406250 62647.621093750
A 415.989807129 -229.171386719 366.531890869
A -7611.808593750 876.181945801 4819.374511719
A 1691.316040039 -3879.495361328 -613.243347168
A 155.745895386 -276.317596436 406.638549805
A 160.996826172 86.019393921 222.776901245
A 438.511169434 -2.893345594 240.248626709
A 324.108551025 -253.039962769 140.638046265
A 45.034675598 -170.884567261 219.752105713
A 377.486358643 5.613020420 148.080551147
A 304.291534424 99.940109253 230.939056396
A 384.359527588 -189.690750122 444.574249268
A 93.897163391 -178.069488525 142.632171631
A 150.954803467 -222.247634888 124.395355225
A -3695.264404297 2366.884765625 104.388153076
A 317.344482422 -252.754074097 446.236083984
A 188.274734497 -121.237327576 506.305633545
A 414.201416016 -199.308090210 174.201873779
A 172.411560059 84.915435791 354.467529297
A 242.977294922 -28.374601364 487.186553955
A 152.538024902 -311.371612549 263.874206543
A 119.941123962 -106.614967346 480.373077393
A 281.510131836 -326.611877441 260.489929199
A 271.585296631 -304.780181885 366.912384033
A 339.033966064 0.489621311 292.670928955
A 157.461624146 -113.912254333 83.439384460
A 388.523345947 -20.622823715 144.885467529
A 300.399963379 -234.611389160 470.080535889
A 30965.458984375 60166.863281250 28710.363281250
A 92.224227905 -160.257049561 442.094635010
A 309.758819580 21.263118744 463.518737793
A 280.849914551 -328.597869873 326.723785400
A 452.585937500 -108.809074402 213.186279297
A 98.565208435 -34.533824921 141.999847412
A 108.888809204 41.206932068 205.277359009
A 269.250549316 -283.568267822 425.303710938
A 356.623565674 79.549491882 249.059814453
A 44.779365540 -97.415710449 197.838897705
A 52.803714752 -51.565876007 374.967803955
A 263.620574951 -202.218872070 88.703018188
A 168.308883667 -26.086238861 458.091430664
A 117.351402283 -43.433815002 459.190246582
A 264.750244141 -208.456817627 489.941680908
A 435.538970947 -52.708389282 392.428253174
A 420.897186279 29.903442383 303.587646484
A 190.687820435 -321.810485840 260.109191895
A 308.286376953 -69.658782959 503.020690918
A 144.256851196 -295.058410645 223.226577759
A 188.054061890 70.147644043 405.900665283
A 88.424301147 -193.656234741 420.876007080
A 28.098997116 -147.826812744 296.024261475
A 212.625015259 -266.135711670 140.013504028
A 252.288940430 91.688613892 189.646820068
A 197.731460571 -36.865413666 327.026702881
A -5122.866210938 47078.722656250 -60160.296875000
A 377.382171631 38.918731689 189.359176636
A -527.633544922 -1423.042724609 198.682098389
A 90.419128418 -218.267211914 408.619476318
A 415.923767090 -229.341598511 208.987518311
A 101.804641724 -70.713348389 125.699386597
A 315.541076660 16.331750870 119.748893738
A 8801.810546875 -566.050354004 -1960.758544922
A 427.028564453 -9.220113754 375.978637695
A 275.074859619 -87.902343750 70.745109558
A 118.523666382 24.609537125 409.974456787
A 131.433975220 -301.747955322 307.152923584
A 10094.699218750 11523.919921875 22048.996093750
A 351.770080566 55.031047821 182.109985352
A 25.464757919 -115.573867798 251.845260620
A 107.755767822 -21.324197769 444.041992188
A 21.327964783 -82.147850037 283.162445068
A 359.430450439 -254.996734619 164.296798706
A 416.579376221 -251.006378174 291.772369385
A 115.309074402 9.678330421 361.261413574
A 98.472793579 -117.103401184 456.957092285
A 37.162494659 -44.797107697 290.287384033
A -4019.445312500 -1618.776367188 3956.522949219
A 196.532531738 102.425270081 250.503311157
A 240.568649292 -223.166534424 96.933151245
A 139.750045776 -110.406509399 450.685546875
A 85.380546570 -8.388367653 401.707611084
A 124.305900574 41.069526672 181.597549438
A -24062.910156250 7623.651367188 4943.310058594
A 94.499526978 -242.961608887 206.469879150
A 296.444488525 -100.580886841 510.041412354
A 122.878173828 -287.361846924 343.931915283
A 41.853046417 -101.992103577 379.348785400
A 365.621582031 23.883678436 381.642242432
A 357.770233154 75.557647705 344.554931641
A 208.232330322 103.830047607 322.680755615
A 439.445800781 8.090977669 277.354980469
A 464.198394775 -53.324741364 302.897247314
A 278.751617432 -292.854034424 167.890396118
A -3227.862060547 3000.297119141 -641.262207031
A 111.833709717 -150.333068848 463.030487061
A 285.954742432 -183.339385986 80.128623962
A 342.367553711 94.873802185 282.768432617
A 265.890899658 -251.299896240 463.601257324
A 104.042724609 6.676223278 163.314987183
A 435.848999023 -220.576156616 323.522369385
A 354.935852051 -7.341527462 126.614677429
A 299.901977539 -313.044219971 364.622161865
A 346.771026611 -122.345771790 496.966766357
A 179.690551758 -83.547401428 79.784988403
A 121.831672668 61.767780304 348.627655029
A 254.198852539 71.617835999 161.063262939
A 467.653778076 -78.841735840 274.979095459
A 311.495361328 -1.812845588 259.431396484
A 225.740356445 -285.455352783 424.346588135
A 139.933822632 -167.207183838 478.097442627
A 264.571929932 -321.229553223 225.361846924
A 279.658325195 33.516525269 120.959205627
A 182.784225464 -245.268051147 129.431106567
A 352.168426514 -39.988803864 474.931091309
A 86.051605225 -261.033477783 341.853118896
A 173.179565430 91.233146667 330.992950439
A 200.363632202 -296.365264893 183.169647217
A 396.635345459 -22.254066467 435.825408936
A 323.244812012 -148.359863281 83.777114868
A 214.110275269 -229.638275146 474.135620117
A 418.890411377 -147.182037354 428.508728027
A 231.039962769 -313.697479248 376.692413330
A 231.041366577 -187.767013550 495.910797119
A -13831.948242188 12694.327148438 2986.134277344
A 369.001037598 -210.221817017 134.124725342
A 400.524353027 -98.700836182 453.594360352
A 11785.833007812 5281.432617188 -27.705146790
A 324.405975342 39.227916718 416.474639893
A 33.827777863 -152.291748047 243.511093140
