533

A 251.478836060 -35.761745453 90.656425476
A 68.019958496 -125.289054871 270.572723389
A 222.404373169 -96.624282837 294.934692383
A 182.634918213 -199.918212891 184.582000732
A 279.856231689 -28.173505783 214.718673706
A 289.418029785 -64.998184204 194.272674561
A 209.598907471 -145.898986816 207.580917358
A 205.294784546 -72.953460693 294.108978271
A 221.889923096 -3313.834716797 -31597.927734375
A 286.440490723 -92.900138855 174.949111938
A 78.766197205 0.996201992 84.466407776
A 210.806228638 -52.423828125 261.874542236
A 206.913940430 -186.978179932 144.178268433
A 259.238220215 -18.337581635 250.809051514
A 45.653408051 -31.647413254 100.193984985
A 2173.270019531 -501.012512207 4795.121582031
A 169.671737671 -88.870018005 313.335388184
A 124.449096680 -185.520065308 242.522048950
A 63.904724121 -115.570251465 186.847183228
A 210.363189697 15.328516006 86.645126343
A 154.728179932 63.093841553 217.313568115
A 284.873535156 -92.311988831 198.856109619
A 144.817459106 -92.134834290 314.453643799
A 3958.116210938 2984.995605469 3.247084141
A 197.894073486 24.091995239 271.271453857
A 202.994506836 -193.180450439 199.824218750
A 224.394485474 -4.617811680 278.116210938
A 284.733184814 -47.447521210 212.009033203
A 271.092224121 -129.631546021 156.717529297
A 125.745246887 -35.555576324 64.694892883
A 138.132965088 58.352729797 126.455596924
A 283.804260254 -68.763191223 218.822906494
A 283.949035645 -37.913909912 154.502288818
A 209.909011841 -176.338653564 237.977371216
A 267.872619629 -129.344238281 216.693023682
A 57.187255859 -125.388671875 98.534927368
A 166.939041138 -2.596554041 297.846252441
A 66.504531860 37.034442902 192.347747803
A 280.900146484 -86.812004089 138.620788574
A 22.048336029 -69.499557495 208.266632080
A 250.793029785 -94.742950439 87.704925537
A 80.962173462 -66.586761475 61.303085327
A 97.068069458 10.615339279 79.895927429
A 185.190139771 -168.022308350 268.139221191
A -738.868041992 248.773132324 186.746246338
A 196.568161011 -9.068191528 63.318187714
A -30444.574218750 40225.468750000 25565.447265625
A 134.729553223 62.611606598 214.263595581
A 96.364311218 35.716278076 248.323883057
A 93.227836609 -101.996940613 184.218826294
A 42.414112091 13.788429260 175.123062134
A 32.752414703 -39.724086761 116.933624268
A 61.200786591 -98.264968872 79.115943909
A 85.486442566 -138.002914429 275.795562744
A 164.948593140 66.049018860 202.092269897
A 137.480789185 -199.816482544 210.219039917
A 97.948493958 33.955657959 104.255226135
A 60.255462646 -169.127899170 189.291915894
A 50.852771759 -140.102249146 235.698684692
A -41857.796875000 10323.582031250 -32276.904296875
A 77.499046326 -48.244071960 64.579460144
A 152.380493164 -64.046165466 316.335296631
A 79.507926941 -115.172676086 283.949462891
A 114.347167969 -173.839614868 256.303619385
A 48.352836609 -157.533752441 176.659393311
A 213.818634033 -145.022735596 84.892646790
A 165.188537598 68.553344727 184.951538086
A 243.250274658 -167.413803101 157.289550781
A 249.477767944 -158.962814331 208.303665161
A 278.299316406 -119.534523010 180.210189819
A 276.171386719 -54.780670166 123.267059326
A 249.664306641 -110.343864441 141.052490234
A 237.270782471 -151.337814331 113.171432495
A 58.480152130 25.989715576 212.499023438
A 68.417037964 -164.601791382 229.919509888
A 37.147975922 -101.767959595 113.142311096
A 214.458923340 -23.433023453 65.685455322
A 181.398040771 -128.201522827 298.588012695
A 217.672470093 12.981515884 269.517303467
A 136.224624634 8.853836060 64.904190063
A 2579.597412109 -7895.211914062 14844.182617188
A 204.861785889 -8.263098717 290.771026611
A 88.138610840 -148.013610840 90.084556580
A 240.284027100 26.384174347 229.450332642
A 127.332733154 -105.373291016 49.552295685
A 32.525215149 -112.092163086 230.217605591
A 266.228698730 -56.083957672 104.882179260
A 157.262252808 -164.888137817 275.106781006
A 191.611267090 -27.549160004 304.927551270
A 119.801116943 -127.590133667 297.718658447
A 83.178863525 -152.653930664 259.958312988
A 102.753288269 -194.193145752 181.405593872
A 24871.443359375 -8479.129882812 -27018.998046875
A 267.858642578 -89.744552612 247.858367920
A 86.338973999 -171.124893188 118.662490845
A 279.072174072 -97.161590576 219.117370605
A -12487.729492188 -51184.019531250 6542.866210938
A 89.931594849 -97.383705139 59.818084717
A 198.302780151 -120.066139221 297.163909912
A 279.591522217 -107.152954102 148.331085205
A 45.830890656 -76.338867188 263.995117188
A 41.445671082 -55.151977539 102.511466980
A -1667.142944336 3836.369873047 3959.074707031
A 73.417427063 -137.646133423 91.947967529
A 239.829956055 -87.574310303 76.955429077
A 100.134010315 14.446176529 264.290557861
A 222.508056641 -140.262969971 269.875854492
A 140.871200562 -176.082748413 97.235603333
A 47.347354889 -58.126075745 88.065002441
A 138.170928955 -152.882980347 72.958137512
A 29.641235352 -121.801902771 148.884918213
A 227.150466919 -171.045242310 131.169311523
A 35.109756470 -15.132499695 129.232330322
A 184.499877930 -168.140609741 92.349800110
A 145.117095947 -203.203643799 158.233078003
A 252.440338135 -57.809150696 87.875328064
A 133.394866943 -33.498477936 45.875045776
A -963.679260254 -52563.085937500 -12830.595703125
A 100.618659973 -170.895706177 107.568145752
A 175.385498047 -104.841751099 65.804161072
A 95.809249878 -8.806097984 68.617958069
A 149.612503052 -43.577495575 314.084045410
A 174.160430908 -147.313323975 91.098503113
A 52.150344849 -50.934974670 272.556457520
A -36042.398437500 -27861.064453125 -32256.968750000
A 272.452301025 -12.524148941 218.483444214
A 226.689010620 -177.243682861 151.110748291
A 218.651687622 -119.334861755 286.585784912
A 15.055084229 -63.054943085 190.148391724
A 30.176038742 -6.436096191 176.022216797
A 209.202529907 -50.828636169 303.583160400
A 139.376510620 -5.046153545 300.451446533
A 240.987533569 30.763195038 144.662307739
A 196.074813843 41.056495667 107.192871094
A 241.370727539 -53.690128326 76.465950012
A -530.820861816 -3749.645996094 1312.408935547
A 133.975524902 -125.130401611 55.051567078
A 122.243980408 -195.597778320 218.672454834
A 593.222656250 -477.010528564 67.576858521
A 186.388565063 59.683792114 212.910095215
A 112.028854370 39.773036957 103.203544617
A 71.179168701 -155.339675903 244.981903076
A 185.649459839 -51.556945801 46.260055542
A 167.382797241 -195.480072021 232.170822144
A 26.986785889 -16.120075226 196.040802002
A 18923.042968750 -6438.515136719 -27499.662109375
A 183.493499756 -102.202468872 308.026947021
A 167.913208008 -89.233520508 170.313949585
A -2569.198974609 -765.553466797 817.721801758
A 150.973892212 25.536731720 78.303855896
A 58.223648071 -136.475906372 161.975280762
A 52.389141083 -31.199449539 265.356964111
A 194.014328003 52.048618317 127.110633850
A 59.765499115 -163.931304932 161.594665527
A 98.089279175 20.448165894 271.164916992
A 42.546112061 5.948884964 145.052444458
A 254.991668701 -19.468189240 101.777595520
A 136.683197021 -65.168342590 40.839065552
A 246.463592529 -134.648101807 253.056488037
A 26.548221588 -81.946006775 231.204269409
A 44.139579773 -115.157524109 110.864746094
A 54.766311646 -15.864513397 108.494415283
A 160.912353516 66.575492859 151.357330322
A 180.501037598 36.277755737 263.216918945
A 87.085136414 41.598731995 131.331130981
A 53.399070740 -158.647796631 149.640319824
A 46.564868927 16.722726822 157.728805542
A 40.297317505 -145.478713989 196.235076904
A 62.318485260 33.797397614 164.652282715
A 233.491424561 -176.988769531 186.041458130
A 120.320228577 58.641853333 138.076614380
A 210.568435669 -172.907424927 115.039176941
A 19.062705994 -97.888542175 168.297348022
A 164.813201904 7.497104168 65.112525940
A 231.218566895 44.347152710 167.634078979
A 244.555099487 -114.564529419 90.284530640
A 242.419418335 2.530352831 255.020538330
A 203.655166626 -40.317794800 55.889633179
A 104.149391174 -190.124542236 218.169219971
A 109.743812561 61.573188782 174.445129395
A 188.946060181 -28.938169479 53.596107483
A 27.680431366 -84.219299316 124.824874878
A 277.892211914 -12.127749443 188.601242065
A 210.133316040 -138.030578613 281.206359863
A 124.570785522 53.062744141 234.140075684
A 116.659881592 -8.273913383 298.227905273
A 2633.250000000 6140.650878906 8405.356445312
A 164.820861816 68.012336731 166.556243896
A 58.285514832 -139.121459961 112.363883972
A 268.989196777 -138.354721069 179.577011108
A 123.158859253 -52.670639038 312.389678955
A 29.146026611 -12.001131058 154.361282349
A 239.447769165 -158.703308105 129.616470337
A 508.305297852 -803.420410156 -38.690315247
A -19056.976562500 24262.828125000 19807.193359375
A 30.171745300 -123.041023254 208.159698486
A 204.000732422 -109.314094543 58.374347687
A 161.073837280 -168.652099609 86.854400635
A 51.157894135 22.968259811 190.660278320
A 26.819620132 -33.275074005 136.817047119
A 251.296737671 -117.792533875 259.670745850
A 155.390792847 -87.599723816 42.751537323
A 176.123565674 -139.921936035 64.066993713
A 95.340904236 -179.558990479 233.857833862
A 112.896652222 -119.955070496 59.356727600
A 79.731987000 46.629402161 183.580322266
A 110.470390320 -192.866073608 143.003829956
A 102.776092529 -133.925170898 287.396697998
A 185.775665283 -69.219909668 46.763717651
A 37.688812256 -140.139221191 155.715728760
A 177.762557983 -8.134582520 57.374462128
A 197.115158081 29.056356430 91.510536194
A 58.596366882 -69.620094299 78.173355103
A 107.513381958 -865.651428223 -182.557067871
A 42.093135834 -102.001426697 253.772232056
A 252.889404297 25.625406265 164.584747314
A 166.607955933 -35.556449890 312.142547607
A 56.164836884 -84.789100647 85.113830566
A 175.503570557 -72.948204041 313.284210205
A 162.406845093 -21.595262527 49.417259216
A 215.881744385 -63.666828156 58.699127197
A 259.698028564 -12.099939346 172.904617310
A 126.063148499 -35.919754028 310.220611572
A 176.623382568 49.055622101 110.272094727
A 72.311683655 2.047094822 266.597320557
A 209.077468872 50.598709106 138.459182739
A 201.000000000 -191.439147949 164.809295654
A 154.401245117 -38.859680176 44.933555603
A 139.003616333 -194.542205811 178.704391479
A -4503.006347656 25175.916015625 -59775.332031250
A 36.740085602 -79.296768188 105.137145996
A 100.901962280 -106.423004150 300.288543701
A 105.712188721 -96.335594177 52.725841522
A 136.574462891 -92.573829651 44.971591949
A 136.364273071 67.495460510 181.009780884
A 160.577163696 62.513031006 135.908615112
A 277.400238037 -53.336490631 235.536087036
A 226.509780884 -101.530250549 69.972969055
A 261.175628662 -119.137557983 242.688583374
A 191.452957153 -179.658538818 247.493103027
A 50.779773712 9.829151154 129.752548218
A 245.799026489 -154.601379395 229.402999878
A 254.422714233 16.540365219 142.124588013
A 228.374298096 -77.477691650 66.115440369
A 269.471282959 -112.564651489 124.930183411
A 233.323028564 -29.677021027 75.160568237
A 33.580955505 -93.601417542 242.184478760
A 127.155158997 -165.465911865 271.831024170
A 169.174102783 20.720239639 281.970214844
A 269.492248535 -109.368858337 236.267913818
A 35475.125000000 16353.333007812 4255.708984375
A 451.412597656 -1066.078125000 -708.589721680
A 272.775299072 -85.125381470 116.803924561
A 159.132553101 -203.961883545 175.789840698
A 118.568931580 51.151363373 119.057556152
A 211.531936646 -161.353347778 260.088623047
A 42.893234253 -21.920034409 247.223663330
A 111.772010803 -28.676883698 52.053283691
A 256.540985107 -43.417152405 264.421142578
A 231.740753174 -171.425811768 220.799194336
A 186.468673706 52.883316040 233.134262085
A 129.165710449 39.631015778 95.782714844
A 37.596702576 -63.355598450 252.415802002
A 256.333312988 15.542202950 212.387802124
A 22.203857422 -51.909061432 216.671585083
A 241.850631714 -27.980800629 276.345123291
A 196.677932739 -131.437469482 66.233795166
A 28.727268219 -127.946922302 187.673751831
A 204.471984863 39.845878601 247.988967896
A 241.051589966 -80.294311523 283.261016846
A 157.598815918 -12.551099777 306.474273682
A 206.179534912 57.001441956 197.941268921
A 207.094543457 48.583896637 226.025695801
A 233.452529907 -147.792098999 255.428604126
A 25.939256668 -121.164543152 172.001052856
A -2015.246459961 -10287.202148438 5401.573730469
A 215.310119629 -121.647445679 70.878074646
A 253.032028198 -0.825991154 114.055755615
A 82.172874451 -166.246520996 208.295440674
A 18.201093674 -88.301284790 201.739044189
A 1072.711791992 4179.324218750 2912.055664062
A 153.677856445 25.461547852 136.796646118
A 270.675262451 -18.511726379 130.513046265
A 100.943275452 -155.552825928 270.694213867
A 89.719673157 -19.095403671 293.136840820
A 266.101348877 -133.672195435 139.816604614
A 172.249603271 -93.286010742 45.693305969
A 85.072036743 -117.789680481 71.445297241
A 112.934684753 -92.496711731 307.355163574
A 23.182323456 -56.183029175 168.204986572
A 229.129714966 45.895843506 194.543945312
A 223.339706421 -183.523498535 171.332244873
A 248.017013550 9.401360512 242.783416748
A 160.476119995 -108.206176758 308.665924072
A 118.642883301 -65.797241211 122.273178101
A 243.351348877 34.790332794 183.490478516
A 116.309432983 21.628992081 81.277893066
A 176.714782715 32.064048767 88.471130371
A 95.654052734 -72.522262573 303.934295654
A 150.052139282 -143.433059692 293.133819580
A 279.086914062 -39.760253906 136.935913086
A 256.243530273 -152.324691772 156.028167725
A 279.515716553 -51.007442474 193.661743164
A 73.746261597 -43.599121094 289.492614746
A 268.414978027 -55.965457916 251.222091675
A 288.937011719 -73.800140381 175.986221313
A -17733.921875000 -26041.765625000 20119.734375000
A 125.628570557 -1.880237699 64.428985596
A 67.853965759 33.851093292 144.276565552
A 157.864654541 -184.382415771 250.053634644
A -718.243225098 -2177.689697266 -1369.283447266
A 86.890617371 22.359647751 98.858436584
A 239.281341553 -96.949432373 280.107330322
A 259.159912109 3.108040094 129.059280396
A 21.937635422 -34.655437469 155.379287720
A 285.967529297 -68.779815674 154.360305786
A 20.828693390 -61.364356995 139.713455200
A 131.421600342 10.745259285 289.074737549
A 233.033355713 -39.733863831 287.392913818
A 76.328804016 -90.480598450 67.971572876
A 19.961799622 -39.049888611 202.047348022
A 190.365646362 63.764190674 166.220138550
A 113.312454224 -4.600831509 61.910495758
A 143.248245239 50.500080109 244.741302490
A 39.160831451 -47.879829407 252.744689941
A 189.465896606 63.290019989 188.116928101
A 222.194702148 -181.629241943 207.370513916
A 42.147186279 -135.774459839 221.840972900
A 160.542694092 -189.248626709 118.628211975
A 89.751663208 43.615978241 227.706283569
A 149.753585815 -8.009310722 54.142917633
A 40.701282501 -131.516143799 130.528961182
A 141.734039307 33.383865356 86.190780640
A 224.165084839 29.614910126 245.993576050
A 94.751441956 55.875053406 193.145690918
A 136.884033203 -70.482360840 315.892211914
A 204.326721191 -97.590881348 303.770996094
A 277.966949463 -80.362350464 231.841293335
A 282.008575439 -102.764022827 164.080734253
A 110.582313538 -165.496871948 94.594635010
A 72.906028748 27.676458359 237.915985107
A 228.300338745 36.696453094 133.811309814
A 262.698394775 -69.239036560 260.181243896
A 159.338287354 58.482154846 231.519439697
A -206.873107910 448.140350342 1106.015747070
A 168.793411255 -155.129470825 73.286994934
A -12054.217773438 33819.363281250 -2932.581542969
A 107.489181519 -28.728374481 302.995422363
A 277.817291260 -111.768013000 205.030029297
A 248.043655396 -164.538162231 188.727127075
A 38.396308899 5.123966217 197.575195312
A 147.122497559 -64.212234497 44.840370178
A 120.288772583 -151.363006592 282.355957031
A 264.001342773 -97.370140076 106.165367126
A 5635.324707031 1998.910034180 -3297.269287109
A 138.300888062 68.485160828 166.454315186
A 228.567733765 -56.813888550 293.306854248
A 91.566223145 -35.352363586 58.965988159
A 23.428640366 -104.590576172 207.721435547
A 75.287734985 -157.515228271 112.176483154
A 184.733062744 -195.534622192 144.427398682
A 185.851196289 -6.358945847 297.568695068
A 189.706466675 -179.811706543 115.047866821
A 170.886489868 47.728439331 248.686203003
A 154.247894287 42.330963135 259.252502441
A 153.425155640 29.954456329 275.121917725
A 268.622009277 3.253246069 200.733169556
A 139.123260498 -197.795684814 141.359970093
A 77.206306458 -180.456176758 161.918060303
A 104.620376587 7.694514275 284.555786133
A 226.012207031 -164.950027466 241.846343994
A 100.666969299 -192.190917969 200.124740601
A 93.494026184 54.398052216 164.104354858
A 233.422668457 12.932598114 104.073867798
A 192.233673096 -187.272521973 126.072639465
A 1269.737426758 -1427.574340820 1.104594588
A 78.879104614 44.792285919 157.434097290
A 239.875869751 -135.727371216 100.788696289
A 117.451637268 -73.831336975 46.386756897
A 140.383316040 -189.923721313 120.437423706
A 30.021423340 -18.892818451 215.917617798
A 111.997764587 -186.474060059 125.757598877
A 124.275627136 34.804962158 265.376678467
A -9693.135742188 7560.582031250 -10538.697265625
A 227.299240112 -50.687812805 65.888916016
A 110.532157898 -134.975250244 67.419380188
A 267.174072266 -32.885017395 112.625755310
A 149.913345337 -203.477691650 197.289886475
A 201.300918579 -190.009262085 218.136291504
A 123.793235779 -107.196067810 307.660736084
A -7048.893066406 3312.815429688 -6037.462890625
A 204.422607422 -194.469100952 177.661117554
A 241.568069458 32.070964813 210.354843140
A 204.874252319 -75.382049561 53.090801239
A 76.358161926 -20.926269531 73.762481689
A 279.231964111 -18.520151138 159.030395508
A 125.681526184 -202.648147583 181.907882690
A 38.780143738 -5.849589348 225.372039795
A 136.179199219 24.351551056 278.556976318
A 48.375587463 -3.018287897 114.269119263
A 68.836708069 -168.890655518 137.958312988
A 259.320251465 -75.659240723 94.116447449
A 95.928878784 -49.148403168 303.145965576
A 50.625869751 10.661663055 227.057815552
A 24998.273437500 -30375.802734375 38581.738281250
A 256.718750000 -141.000976562 225.929306030
A -4686.904785156 539.549499512 2967.370117188
A 1041.742309570 -2387.664794922 -377.307800293
A 95.896415710 -169.380767822 249.847595215
A 99.839080811 51.864334106 137.613739014
A 269.673370361 -2.011737108 147.477462769
A 199.910614014 -156.950317383 86.877334595
A 27.573890686 -105.548072815 134.958328247
A 231.618789673 3.034365416 91.744628906
A 186.472900391 60.377696991 142.743515015
A 237.721786499 -116.319091797 274.443542480
A 59.117401123 -110.865150452 88.275238037
A 93.113739014 -135.497329712 76.519905090
A -2275.970703125 1458.043945312 65.074501038
A 196.386260986 -156.577514648 274.197906494
A 115.634346008 -74.379440308 311.456451416
A 254.757263184 -122.783142090 107.641113281
A 105.415397644 53.527503967 220.076690674
A 150.508148193 -16.719804764 299.223907471
A 94.417755127 -189.942779541 161.838546753
A 76.429504395 -65.407836914 295.126647949
A 172.921157837 -201.038345337 160.292984009
A 167.221725464 -185.904251099 225.077117920
A 208.345916748 1.652063727 180.404434204
A 98.326774597 -71.038124084 51.888191223
A 238.486740112 -12.661324501 88.943611145
A 184.895828247 -144.004531860 288.369232178
A 19070.933593750 37053.308593750 17681.103515625
A 56.786296844 -99.305519104 271.811004639
A 190.304260254 11.819305420 284.590057373
A 170.990951538 -201.106735229 201.244506836
A 279.566406250 -66.545181274 131.511779785
A 60.410949707 -21.802690506 87.721382141
A 67.092788696 26.028055191 126.949577332
A 166.078201294 -174.816040039 261.464630127
A 219.085647583 49.101547241 155.156677246
A 27.763160706 -60.632747650 120.942497253
A 31.887956619 -33.524051666 232.065139771
A 161.226959229 -124.437034607 54.981086731
A 102.622146606 -16.872774124 283.533660889
A 72.209396362 -26.741643906 282.389404297
A 161.554687500 -128.470870972 301.750549316
A 268.721160889 -32.218944550 241.957214355
A 259.733642578 18.735469818 187.256561279
A 117.612106323 -197.951980591 160.052841187
A 190.318939209 -43.684135437 309.273620605
A 89.192512512 -181.817840576 137.046539307
A 116.964347839 42.666614532 250.944671631
A 54.718460083 -119.607681274 258.333953857
A 16.685106277 -89.631729126 182.769439697
A 129.930389404 -164.788742065 85.732307434
A 155.575302124 55.643032074 116.944877625
A 122.606834412 -22.874006271 201.645462036
A -3153.794677734 28994.109375000 -37050.722656250
A 232.313690186 23.801092148 116.268730164
A -324.855377197 -876.463806152 122.699287415
A 56.845832825 -134.991287231 250.895187378
A 255.673294067 -141.092773438 128.931152344
A 62.806064606 -43.637561798 77.068580627
A 195.391403198 9.338168144 73.562156677
A 5420.382812500 -348.705169678 -1206.523681641
A 263.174682617 -5.376535416 231.611007690
A 167.740158081 -54.660507202 42.863685608
A 73.164962769 16.533264160 253.246368408
A 81.416702271 -184.512741089 188.412612915
A 6217.126953125 7097.868652344 13580.578125000
A 215.703582764 34.452831268 113.234710693
A 16.564750671 -70.849311829 154.504867554
A 66.196372986 -13.680790901 272.286376953
A 14.449836731 -50.872024536 172.349884033
A 219.650268555 -156.795318604 101.827415466
A 256.547851562 -154.587692261 179.324279785
A 70.364234924 6.049501419 221.952453613
A 60.844150543 -72.414199829 281.959442139
A 21.720682144 -27.333326340 178.428802490
A -2475.523437500 -996.799621582 2436.702636719
A 119.708488464 63.434402466 155.271011353
A 147.743423462 -137.143112183 60.174297333
A 84.411834717 -67.758872986 279.029724121
A 52.689319611 -4.265130997 247.659912109
A 76.054512024 24.224079132 111.756111145
A -14818.990234375 4694.261718750 3044.213623047
A 56.926555634 -149.652694702 125.173629761
A 183.236953735 -61.530559540 313.081512451
A 75.342437744 -177.184051514 212.013351440
A 26.912628174 -61.791046143 233.886993408
A 224.927078247 13.296004295 235.190933228
A 219.705505371 47.206218719 212.643417358
A 127.542358398 63.980834961 197.822860718
A 270.253051758 3.881569624 170.094741821
A 285.129547119 -32.427139282 186.594482422
A 170.796264648 -180.228805542 104.122665405
A -1988.164672852 1848.277954102 -394.870208740
A 69.367736816 -91.784133911 286.449371338
A 174.364608765 -112.434516907 50.454864502
A 209.731430054 56.356151581 173.686874390
A 163.938354492 -153.709777832 285.012847900
A 64.427246094 3.222581148 99.753593445
A 268.823089600 -135.083450317 199.907394409
A 217.218933105 -5.298837662 76.254356384
A 184.681198120 -193.073150635 223.726135254
A 212.500457764 -75.404022217 304.137054443
A 109.332466125 -51.167953491 48.031494141
A 74.430351257 37.925254822 215.417327881
A 156.534454346 45.277992249 100.265739441
A 288.866912842 -48.685993195 170.245254517
A 192.270828247 -2.015140295 160.654251099
A 140.055465698 -175.505355835 262.091278076
A 87.093467712 -103.301528931 294.311004639
A 162.052322388 -196.855133057 138.165344238
A 171.437942505 19.543682098 74.737159729
A 112.312301636 -152.618515015 78.918479919
A 216.321289062 -23.443103790 292.511108398
A 53.557289124 -158.609802246 210.226760864
A 107.982284546 56.530178070 203.459381104
A 124.711753845 -183.536544800 111.682594299
A 243.039093018 -13.543734550 267.262939453
A 198.298614502 -92.531127930 51.992073059
A 132.393493652 -142.126342773 292.481109619
A 256.868255615 -90.804687500 264.782562256
A 142.599609375 -192.420059204 232.557571411
A 140.950012207 -115.782745361 305.881469727
A -8517.811523438 7816.082519531 1839.135864258
A 227.242202759 -128.491790771 83.429771423
A 247.567855835 -62.035926819 278.970458984
A 7257.608886719 3252.053710938 -17.455881119
A 199.295501709 25.010614395 257.930114746
A 20.881315231 -92.469032288 149.660583496
