533

W 241.009918213 -34.389278412 86.972023010
W 66.019187927 -119.845291138 259.300689697
W 213.161056519 -92.886764526 282.642761230
W 175.418106079 -192.088439941 177.328720093
W 268.502624512 -27.319343567 205.435348511
W 277.521453857 -62.154090881 186.860977173
W 201.652114868 -140.095550537 199.217086792
W 197.358383179 -69.947082520 282.172454834
W 212.882705688 -3178.634521484 -30304.775390625
W 274.438873291 -88.849540710 168.288360596
W 75.567802429 1.315924048 81.409324646
W 202.314224243 -50.641353607 251.266845703
A 198.426498413 -179.344406128 138.206832886
W 248.869949341 -17.703874588 240.615844727
W 43.548812866 -30.169851303 95.875854492
W 2084.117187500 -480.251159668 4598.307128906
W 162.936355591 -85.281021118 301.062408447
A 119.353263855 -177.910125732 232.754470825
W 61.343704224 -110.749107361 179.219528198
A 201.804382324 14.591336250 83.046508789
W 148.805587769 60.567050934 208.379516602
W 273.507720947 -87.948402405 190.462936401
A 138.444854736 -88.349052429 301.266906738
W 3796.369140625 2862.977294922 3.645708561
W 189.866058350 23.415641785 260.042327881
A 194.806365967 -185.102264404 191.232879639
A 215.309387207 -4.131972313 267.073883057
W 272.930572510 -45.473922729 203.411758423
W 259.703186035 -124.652748108 150.245803833
W 120.716598511 -34.274490356 62.023967743
A 132.501708984 55.890525818 120.959297180
W 271.964447021 -66.092323303 209.593765259
W 272.262390137 -36.804531097 148.003036499
W 201.301666260 -169.474212646 228.677230835
W 256.837432861 -124.010238647 208.108978271
W 55.318286896 -120.233131409 94.325843811
W 159.895339966 -1.538568735 285.825805664
W 63.633209229 35.576774597 184.341232300
A 269.838867188 -83.117210388 132.543746948
W 21.224365234 -66.322311401 200.009933472
W 240.359466553 -91.111610413 84.668418884
A 77.754386902 -63.929508209 58.750415802
W 92.929924011 10.394079208 77.225402832
A 177.096343994 -160.368148804 256.845581055
W -708.757324219 238.715042114 179.093261719
A 188.541824341 -8.598031998 60.484325409
W -29198.060546875 38578.902343750 24519.632812500
W 128.751754761 60.000488281 205.424652100
W 92.351593018 34.443698883 237.847824097
W 89.239555359 -97.911880493 176.822265625
W 40.873386383 13.208190918 167.589080811
W 31.228118896 -37.772155762 112.180496216
A 59.095394135 -94.166664124 76.174102783
A 81.418380737 -132.597869873 264.070953369
A 158.371109009 63.231700897 193.730499268
W 131.394760132 -191.777770996 201.927185059
W 94.414260864 32.157535553 99.488929749
W 57.524890900 -162.187240601 181.643234253
W 48.278377533 -133.813659668 226.148803711
W -40144.753906250 9900.521484375 -30955.787109375
A 74.553039551 -46.163253784 62.331901550
W 146.121368408 -61.955169678 303.600860596
W 76.479385376 -110.373985291 272.569885254
A 109.932876587 -166.747177124 245.863586426
A 46.297264099 -151.118667603 169.108627319
A 205.254592896 -139.207366943 81.633934021
A 158.453826904 65.469085693 177.518508911
W 232.663024902 -160.312484741 150.791961670
A 239.060073853 -152.383407593 199.375793457
W 266.445922852 -114.591362000 172.769073486
W 265.191741943 -52.352813721 118.106048584
W 239.807617188 -105.510559082 135.218765259
A 227.621078491 -145.190582275 108.886116028
A 55.840442657 24.563024521 204.209320068
A 65.615173340 -157.700363159 220.309799194
W 35.224037170 -97.690124512 108.358680725
W 205.312194824 -22.676048279 62.755786896
W 174.056518555 -123.118446350 286.197326660
A 208.599044800 12.742498398 259.046997070
A 130.677780151 8.550458908 62.221069336
W 2473.554931641 -7572.145019531 14236.478515625
W 196.499420166 -7.886811256 279.086273193
W 84.456428528 -142.424652100 86.530113220
A 230.360351562 25.172168732 219.925201416
A 122.066955566 -101.349189758 47.319355011
A 31.738790512 -107.327949524 221.198776245
A 255.482192993 -54.042045593 101.195732117
A 150.871276855 -158.361480713 263.834075928
W 183.413970947 -25.947219849 292.067138672
A 115.139381409 -122.188346863 285.804260254
W 79.330993652 -146.944335938 248.946716309
A 98.382919312 -186.767333984 174.146804810
W 23853.728515625 -8131.632324219 -25913.251953125
W 256.799499512 -86.086502075 237.657943726
A 82.765090942 -164.129776001 113.817939758
A 267.459686279 -93.422782898 210.656738281
W -11976.579101562 -49089.152343750 6274.952148438
W 86.833152771 -93.550430298 57.591300964
A 190.361297607 -115.283866882 285.054626465
W 268.282867432 -102.701904297 142.234024048
A 43.684318542 -73.478492737 253.431549072
W 39.516716003 -52.797069550 97.851333618
W -1599.285034180 3679.355957031 3796.882568359
W 70.397163391 -132.393737793 87.992668152
A 230.294982910 -83.658737183 73.395126343
W 95.992721558 13.899281502 253.627990723
W 213.269683838 -134.387786865 259.409057617
A 135.123794556 -168.661529541 93.287788391
W 45.945110321 -55.427734375 84.608909607
A 132.501052856 -146.368911743 69.822837830
W 28.096767426 -116.834075928 142.630020142
W 217.780746460 -163.992568970 125.685493469
A 33.789890289 -14.698179245 124.165199280
W 176.965805054 -161.369522095 88.525794983
A 138.772537231 -194.652389526 151.880111694
W 242.918060303 -55.404949188 84.377586365
W 128.187072754 -32.492961884 43.975086212
W -923.961181641 -50411.812500000 -12306.135742188
W 96.588310242 -164.346557617 103.190093994
W 168.194320679 -100.728439331 63.203746796
A 91.330162048 -8.766806602 65.536026001
A 143.715682983 -41.748092651 301.137481689
W 166.427139282 -141.315750122 87.531837463
A 50.322296143 -48.849494934 261.026855469
W -34567.148437500 -26720.500000000 -30936.470703125
A 260.957092285 -12.360889435 209.739791870
A 217.208129883 -170.338439941 144.482955933
W 209.758926392 -114.335609436 275.482238770
W 14.352444649 -60.810607910 182.747009277
W 29.066242218 -6.160317898 168.917739868
A 200.428070068 -48.615070343 291.793853760
A 133.729354858 -4.675680161 288.228240967
A 231.520874023 29.414323807 138.757324219
A 187.964859009 39.007102966 103.185478210
W 231.692520142 -51.707172394 73.719245911
W -509.292907715 -3596.212646484 1258.747070312
A 128.695571899 -119.659584045 53.224723816
A 117.103202820 -187.091323853 209.204330444
W 568.804016113 -457.432556152 64.957519531
A 178.808441162 57.380474091 203.915969849
A 107.656768799 38.306217194 98.983619690
A 68.274070740 -148.797286987 235.332626343
A 178.584747314 -49.627910614 44.818828583
W 160.320831299 -187.378463745 222.502944946
W 26.099941254 -15.519706726 188.031982422
W 18147.748046875 -6175.007324219 -26373.669921875
A 176.079772949 -98.316093445 295.031250000
W 161.151809692 -85.943847656 163.260086060
W -2464.033935547 -734.165405273 783.906311035
W 144.734466553 24.631498337 74.880432129
W 55.539485931 -130.473297119 155.307403564
A 50.102893829 -29.316844940 254.662139893
W 186.668548584 49.859157562 121.905937195
W 57.396690369 -157.544876099 155.187423706
W 94.260368347 19.416177750 260.733001709
W 40.626136780 5.427759171 138.985122681
A 244.487121582 -18.325429916 97.635879517
A 130.973052979 -61.854732513 39.343669891
A 236.430130005 -128.620117188 242.348999023
W 25.772619247 -78.528976440 221.655746460
W 42.292320251 -110.177307129 106.293952942
W 52.856113434 -15.403742790 104.201408386
W 154.656600952 63.984119415 144.841094971
A 173.067565918 35.096572876 252.566879272
A 83.537124634 40.201801300 125.630592346
W 50.828411102 -152.167968750 143.552459717
A 45.054828644 15.968678474 151.666229248
A 38.667594910 -139.787612915 188.375137329
W 59.527725220 31.902070999 158.430694580
A 223.433242798 -170.014480591 178.388381958
W 115.444381714 56.290557861 132.446655273
A 201.582290649 -165.938888550 110.438179016
W 18.201869965 -94.170066833 161.732910156
A 157.767532349 7.220993519 62.218307495
W 221.513565063 42.324653625 160.838165283
A 234.850234985 -109.255706787 86.399894714
W 232.902603149 2.353496552 244.446792603
W 195.999343872 -38.481060028 53.066299438
A 100.012847900 -181.917327881 209.416564941
A 104.923439026 59.185161591 167.469985962
W 181.033279419 -27.620012283 51.090324402
A 26.705139160 -80.886177063 119.770973206
W 266.943847656 -11.569804192 180.752532959
W 201.160430908 -131.989349365 270.219696045
A 119.368415833 50.899272919 224.636566162
A 112.004150391 -8.443386078 286.407226562
W 2525.247558594 5889.068847656 8061.420898438
W 157.657089233 65.268013000 159.937149048
W 55.632053375 -133.405899048 107.646865845
W 258.204895020 -132.184402466 171.780212402
W 118.035614014 -50.751537323 299.718231201
W 28.626253128 -11.487552643 147.879898071
W 229.773696899 -152.396820068 124.219963074
W 487.406524658 -770.874633789 -37.178325653
W -18276.433593750 23269.486328125 18996.230468750
W 28.795440674 -118.671867371 199.852218628
W 195.509765625 -104.674186707 56.151302338
W 154.192733765 -162.164520264 83.676399231
A 49.150211334 21.812316895 182.531768799
W 25.719100952 -31.948980331 131.151748657
W 240.942565918 -112.853286743 249.059936523
W 149.149398804 -83.954879761 40.975265503
W 168.538497925 -133.954818726 61.652233124
A 91.445343018 -172.276351929 224.029998779
A 108.197372437 -114.876716614 56.692726135
W 76.057929993 45.234073639 176.001922607
W 105.914367676 -184.678039551 136.938995361
A 97.899421692 -128.353729248 275.772094727
W 178.672866821 -66.462295532 44.785778046
A 36.255821228 -134.378967285 149.382507324
A 170.313690186 -8.110335350 55.262241364
W 189.155899048 27.755254745 88.054542542
W 56.192726135 -66.692276001 75.106040955
W 103.379890442 -830.351501465 -175.082656860
W 40.807903290 -97.790275574 243.522644043
W 242.821472168 24.274002075 157.597412109
W 159.843856812 -34.117630005 299.359069824
W 54.031707764 -81.697532654 81.271865845
W 167.721008301 -70.280334473 301.162963867
A 155.330810547 -21.114921570 47.366504669
W 206.980865479 -60.458087921 55.879173279
W 249.075195312 -11.548037529 165.833755493
A 120.982246399 -33.972961426 297.726348877
W 169.549942017 47.175205231 106.054397583
A 69.734649658 2.004030943 255.794891357
A 200.753311157 48.174697876 132.265777588
W 192.785583496 -183.631835938 158.292037964
W 147.704330444 -37.157775879 42.499710083
W 133.553146362 -186.835739136 171.179672241
W -4318.843261719 24145.269531250 -57328.265625000
W 35.317035675 -76.080154419 100.632415771
A 97.398246765 -101.790214539 287.949554443
W 101.684761047 -92.529022217 50.715824127
A 130.737838745 -88.599807739 43.480789185
W 130.136627197 64.316551208 173.413589478
A 153.896087646 59.840492249 130.623703003
W 265.524169922 -51.051738739 225.880111694
A 217.256195068 -97.481071472 66.829574585
W 250.571121216 -114.306266785 232.482330322
A 183.841720581 -172.272903442 237.585968018
W 49.116146088 9.249704361 124.505180359
A 235.840042114 -148.311264038 219.526504517
A 243.855361938 15.775341034 136.601974487
W 218.859313965 -74.621879578 63.349525452
A 258.534881592 -108.102714539 119.374450684
A 223.232406616 -27.970319748 72.145835876
W 32.370403290 -90.313812256 232.115936279
A 122.000053406 -158.583953857 260.489471436
W 161.699859619 19.776422501 270.716613770
W 258.200134277 -104.965919495 226.716186523
W 34022.925781250 15683.875000000 4081.278076172
W 433.198760986 -1022.368835449 -679.520324707
A 261.818206787 -81.560165405 112.383911133
A 152.624984741 -196.031600952 168.167221069
W 113.567588806 49.248207092 114.086250305
W 202.746597290 -154.536758423 249.306121826
A 41.185523987 -21.020500183 237.026321411
A 107.511817932 -27.192291260 49.992717743
W 246.474792480 -41.603199005 253.942901611
W 222.259704590 -164.274093628 211.307907104
W 179.009704590 50.893226624 223.724472046
A 123.809837341 38.071502686 91.983428955
W 35.794960022 -60.824363708 242.476882935
A 246.235748291 14.961816788 203.885437012
A 20.781932831 -49.641948700 208.264328003
W 232.034103394 -26.845382690 264.831726074
A 188.481491089 -126.289787292 63.474746704
A 27.414218903 -122.839477539 179.995483398
A 196.235977173 38.272243500 237.699295044
A 231.724594116 -77.119689941 271.901458740
W 151.212890625 -12.069013596 294.289459229
W 197.355438232 54.524871826 189.467498779
A 198.815628052 46.600673676 217.005935669
W 224.174743652 -142.043273926 244.186248779
W 24.485635757 -116.266311646 164.847579956
W -1932.792846680 -9866.108398438 5180.405761719
A 206.508911133 -116.919731140 68.134094238
A 242.595077515 -0.302915961 109.480773926
W 78.671325684 -159.104446411 199.991714478
W 17.610151291 -83.994842529 194.345733643
W 1028.694946289 4008.233398438 2792.434082031
W 147.919616699 24.589561462 131.426010132
A 259.570678711 -18.040773392 124.981987000
A 96.868217468 -148.849502563 259.740844727
A 85.977325439 -18.145172119 280.360260010
A 255.259201050 -128.064544678 134.306625366
A 165.162109375 -89.221740723 43.475891113
W 81.667709351 -113.553451538 68.204299927
W 108.186027527 -88.370506287 294.884735107
W 22.450057983 -53.859859467 161.478073120
A 219.555419922 43.890159607 186.618774414
W 214.457748413 -176.106918335 164.486755371
W 237.898666382 9.244855881 232.409637451
A 153.623168945 -103.762626648 296.526947021
W 113.239295959 -63.453125000 117.224136353
A 233.172607422 33.758728027 175.636795044
W 111.912284851 20.300100327 77.053993225
A 170.334045410 30.948732376 84.771080017
W 91.429618835 -69.410102844 291.844421387
A 143.739379883 -137.617553711 281.194732666
W 267.913848877 -38.146099091 131.153579712
W 245.662155151 -146.359710693 149.406143188
W 267.840423584 -49.302490234 186.285232544
W 71.280555725 -41.994880676 278.098449707
W 256.753753662 -53.549110413 241.008331299
W 277.003387451 -71.019134521 168.985961914
W -17007.916015625 -24975.685546875 19295.972656250
W 120.492759705 -2.053012609 61.902244568
W 65.219688416 31.872024536 138.097564697
W 151.118865967 -177.304428101 239.515121460
W -689.011962891 -2088.422363281 -1312.970825195
W 83.718505859 21.290433884 94.455360413
W 229.387969971 -92.923065186 268.246185303
W 247.985717773 3.418179035 123.396636963
W 20.582674026 -33.046333313 148.375183105
W 274.725494385 -65.555458069 147.826675415
A 19.928316116 -58.854034424 133.602203369
W 126.048515320 10.273298264 277.666595459
W 223.765808105 -38.040565491 275.534423828
W 73.055297852 -86.628952026 64.796234131
A 19.322954178 -37.551658630 193.826522827
A 182.522689819 60.763793945 159.428604126
A 108.314842224 -4.294470310 59.658344269
W 137.529708862 48.687107086 234.947341919
A 37.533554077 -45.992317200 242.097015381
W 181.352005005 60.647033691 180.130325317
A 212.945053101 -174.391891479 199.205886841
A 39.760494232 -130.440719604 212.662673950
W 154.352935791 -181.613220215 113.512664795
A 86.480392456 41.453414917 218.553070068
W 143.378417969 -8.031381607 52.335872650
W 39.080947876 -126.226699829 125.526306152
W 135.949676514 32.268070221 83.259689331
W 215.293716431 28.618574142 235.447479248
A 90.881134033 53.435367584 184.911727905
A 131.745239258 -67.873245239 302.773925781
A 195.633026123 -93.719650269 291.116271973
W 266.532531738 -77.485839844 222.233200073
W 270.701019287 -98.742645264 157.464782715
A 106.320388794 -158.945068359 90.504264832
W 70.308311462 26.737979889 228.383193970
W 218.684783936 35.587482452 128.177749634
A 252.020751953 -66.030921936 249.690994263
A 152.730682373 55.453125000 221.927505493
W -198.499938965 429.729522705 1060.959350586
A 162.006042480 -148.172454834 70.385253906
W -11560.979492188 32435.306640625 -2812.305175781
A 103.803047180 -27.492483139 291.025360107
A 266.776519775 -107.654701233 196.433197021
W 237.635040283 -158.400009155 180.922485352
W 36.786602020 4.807215691 189.249099731
W 141.044555664 -61.899978638 42.859214783
A 114.929641724 -144.935272217 270.581237793
W 253.194534302 -93.724609375 101.934577942
W 5404.753906250 1917.701293945 -3162.475830078
A 132.936126709 65.054412842 159.407028198
W 219.491790771 -54.542282104 281.492950439
W 88.083877563 -33.987358093 56.638645172
W 22.484477997 -101.003303528 199.428970337
A 71.932113647 -151.300094604 107.008842468
W 176.857589722 -187.291992188 138.739532471
A 178.351989746 -6.155553818 285.100097656
W 181.601791382 -172.225799561 110.635948181
W 163.753295898 46.109153748 238.505111694
A 147.656265259 40.712116241 248.826614380
A 146.769119263 27.992536545 263.892181396
W 257.430023193 3.034237862 192.465301514
A 132.776519775 -189.764495850 135.024536133
W 73.768341064 -173.056915283 155.483642578
A 100.428428650 7.290357590 272.653839111
A 216.599075317 -158.105911255 232.058105469
W 96.111724854 -184.293029785 192.399749756
A 89.663299561 52.318710327 156.822509766
W 223.570388794 12.539347649 99.796630859
A 184.704071045 -179.570968628 120.786407471
W 1217.983154297 -1369.019042969 1.277315497
W 75.487579346 43.071186066 151.128631592
A 230.274673462 -130.706649780 96.762329102
W 112.301834106 -70.271537781 44.448261261
A 134.919769287 -182.607055664 115.979507446
A 28.544198990 -17.956636429 206.759155273
A 107.752021790 -178.794433594 120.867301941
W 118.943138123 33.497356415 254.327239990
W -9296.308593750 7251.246093750 -10107.606445312
A 217.939514160 -48.475879669 63.106578827
A 106.722602844 -129.682357788 64.240249634
A 255.514663696 -31.003028870 108.121719360
A 143.625778198 -195.109237671 189.577835083
A 193.129287720 -181.949645996 209.529571533
A 118.827735901 -102.385612488 294.716033936
W -6760.363281250 3177.113281250 -5790.396484375
A 196.235687256 -186.382369995 170.470153809
A 231.699859619 31.168117523 201.604980469
W 195.983734131 -72.614074707 50.865875244
A 73.518394470 -20.450246811 70.498840332
W 268.123077393 -18.465852737 152.683670044
A 120.508476257 -194.033370972 174.605316162
A 37.798988342 -5.700979233 215.958816528
W 130.864822388 23.220294952 267.103546143
W 46.415878296 -2.912261009 109.561286926
A 66.254928589 -161.988143921 132.207305908
A 248.894775391 -72.647621155 90.623619080
A 92.009948730 -47.324172974 290.812805176
A 48.293647766 10.183930397 218.200805664
W 23975.185546875 -29132.164062500 37002.500000000
W 246.174255371 -134.880081177 217.089630127
W -4495.224609375 517.729187012 2845.724121094
W 999.215454102 -2289.431396484 -361.709808350
W 91.841514587 -162.856018066 239.744003296
A 96.063064575 49.892063141 132.087341309
W 258.516204834 -1.879367352 141.810958862
A 191.819900513 -150.457977295 83.326278687
A 26.655557632 -101.078094482 129.238983154
W 222.266204834 2.646745682 88.385780334
A 178.746520996 58.187572479 136.945861816
W 228.130661011 -111.300140381 263.484497070
W 56.685688019 -106.255622864 84.191604614
A 89.195831299 -129.701278687 73.399436951
W -2182.722412109 1398.266967773 62.109302521
A 188.132751465 -149.982299805 262.878082275
A 110.707046509 -70.638381958 298.583831787
W 244.419006348 -117.999366760 103.027175903
A 100.957344055 51.013240814 211.298400879
W 144.259399414 -16.064142227 286.623321533
W 90.297904968 -181.993026733 155.414794922
A 73.568138123 -62.585018158 282.729766846
A 165.500259399 -192.422180176 153.423248291
W 160.572540283 -178.305404663 216.167388916
W 199.735168457 1.849868059 172.929443359
W 95.067802429 -68.228546143 49.971435547
W 228.559631348 -12.316710472 85.380508423
A 177.377929688 -138.002532959 276.586090088
W 18290.300781250 35536.363281250 16957.257812500
A 54.568641663 -95.227256775 260.581146240
A 182.520416260 11.100806236 273.407287598
W 163.752487183 -193.084121704 193.171157837
W 268.597625732 -64.431503296 126.246620178
W 57.153285980 -20.693891525 84.159652710
W 64.599914551 25.246686935 121.401931763
W 159.111297607 -167.865707397 250.761520386
W 209.888641357 47.389186859 149.100219727
W 26.579044342 -58.533103943 116.294609070
A 30.294895172 -32.039257050 222.943313599
W 154.600143433 -119.541778564 52.508171082
W 98.917129517 -15.950903893 271.537567139
W 69.705894470 -25.558919907 271.145324707
A 154.652374268 -123.146240234 289.052734375
W 258.120269775 -30.648334503 231.905548096
W 248.936676025 17.855777740 179.567153931
A 113.086425781 -189.617752075 153.498474121
W 182.629318237 -41.636089325 296.553100586
W 85.386589050 -174.081176758 131.419906616
A 111.846687317 41.084953308 240.394668579
W 52.308425903 -114.649581909 247.801818848
A 16.233526230 -86.289146423 174.693511963
W 124.870155334 -157.676666260 81.984947205
W 149.633575439 53.317768097 112.478294373
W 117.514160156 -22.657312393 193.510818481
W -3024.432861328 27806.972656250 -35534.546875000
A 223.265655518 23.051792145 111.339752197
W -311.729553223 -841.096069336 117.635650635
W 54.616893768 -129.332656860 240.723083496
W 245.154418945 -135.324523926 123.101951599
W 59.945854187 -41.517566681 74.120918274
W 187.258270264 8.928701401 70.701217651
W 5198.388183594 -334.170013428 -1156.676635742
W 252.344863892 -5.176262856 222.033401489
A 160.585433960 -52.604385376 41.261104584
A 70.529838562 15.499619484 242.904510498
A 78.018341064 -176.884140015 181.166473389
W 5963.151367188 6806.492187500 13024.570312500
W 206.912353516 33.104255676 108.417877197
A 15.906914711 -68.124755859 148.526641846
A 63.376754761 -12.968787193 260.311462402
A 14.060390472 -48.498649597 164.622604370
W 210.977890015 -150.544647217 98.076377869
A 246.470962524 -147.971237183 172.021896362
W 67.037605286 5.758960247 212.671936035
W 58.143001556 -69.169555664 270.010467529
A 20.831607819 -26.050464630 170.939346313
W -2374.340332031 -955.810180664 2336.576904297
A 115.108009338 60.754734039 148.730361938
A 141.351593018 -131.483963013 58.302059174
W 81.214424133 -64.984680176 267.522735596
W 50.621257782 -3.682155132 237.563644409
W 72.702026367 23.392026901 107.195892334
W -14212.375976562 4502.013183594 2919.353515625
A 54.213752747 -143.689010620 120.192070007
A 176.398269653 -58.948799133 300.317504883
W 72.277328491 -170.213317871 203.456634521
W 26.068592072 -58.758022308 224.048202515
W 215.982818604 12.573939323 225.392257690
W 210.577163696 45.516750336 203.733520508
W 122.161300659 62.016052246 189.892456055
W 258.752990723 4.097561836 162.843170166
A 273.718566895 -31.493137360 179.009735107
W 163.322082520 -172.951263428 100.066864014
W -1906.913208008 1772.414184570 -378.818969727
A 67.075561523 -88.242965698 274.929870605
W 167.785278320 -107.991767883 48.315277100
W 201.302291870 54.812282562 166.271499634
W 156.925765991 -147.031112671 273.223327637
W 61.490726471 3.047176838 95.838630676
W 258.025482178 -129.433135986 191.527084351
A 208.398040771 -4.991109371 73.238014221
A 176.941467285 -185.381393433 214.963287354
A 203.919113159 -72.598075867 291.798034668
A 104.665206909 -48.773376465 46.627937317
W 71.536384583 36.325138092 206.332794189
W 149.888961792 43.915550232 96.633453369
W 276.225708008 -46.689884186 163.298599243
W 184.875289917 -2.158900738 154.314025879
W 134.191528320 -168.160369873 251.676284790
W 83.396835327 -99.658683777 282.357055664
A 155.806076050 -188.703201294 132.296020508
W 164.322280884 18.707359314 71.578369141
A 108.274520874 -145.652038574 75.563819885
W 207.687942505 -21.934843063 280.630554199
A 51.430160522 -152.302993774 201.792449951
W 103.044937134 54.089210510 195.077697754
W 119.759330750 -175.652008057 107.212509155
W 233.486801147 -12.632830620 256.081207275
A 190.158859253 -88.477798462 49.590759277
W 126.925201416 -135.687789917 280.586853027
W 246.376647949 -86.984756470 254.020446777
A 136.249740601 -184.986145020 222.914260864
W 135.055877686 -111.029747009 294.023834229
W -8169.286132812 7495.654785156 1764.079833984
A 218.137588501 -123.199287415 80.091522217
W 237.476791382 -59.591953278 267.272796631
W 6960.402832031 3119.012451172 -17.007528305
W 190.440795898 24.321210861 246.856887817
A 19.947896957 -89.604263306 143.042175293
