533

A 322.648254395 -44.964351654 116.531745911
A 87.892959595 -160.280166626 347.309143066
A 283.639862061 -123.444091797 378.255981445
A 233.019897461 -255.942367554 236.185211182
A 357.294555664 -35.975769043 275.090850830
A 371.426544189 -84.235656738 247.203170776
A 266.999298096 -187.070037842 265.648864746
A 262.679595947 -94.410804749 376.639373779
A 282.558135986 -4242.897949219 -40467.691406250
A 367.992889404 -118.222717285 224.831146240
A 100.331558228 1.027622581 107.611434937
A 269.755004883 -66.896125793 335.376983643
A 265.226104736 -238.469314575 184.700500488
A 331.945526123 -24.313405991 321.021820068
A 58.634506226 -41.112419128 129.208358765
A 2783.150634766 -641.120788574 6141.280761719
A 217.708709717 -113.518859863 400.232635498
A 158.730331421 -236.644500732 310.215393066
A 82.306526184 -146.859695435 240.026092529
A 268.602630615 19.918624878 110.975570679
A 196.637268066 81.175361633 278.660675049
A 364.856994629 -116.712051392 254.749633789
A 185.568878174 -117.335350037 402.783691406
A 5067.922851562 3823.863525391 3.696240187
A 253.436706543 29.618707657 347.365295410
A 259.240936279 -249.339859009 256.339843750
A 287.813476562 -6.728011608 356.161376953
A 364.632446289 -59.451885223 272.373809814
A 346.850646973 -164.875381470 200.403717041
A 161.398727417 -45.560325623 83.730087280
A 178.148864746 75.400100708 160.522888184
A 362.884552002 -87.394126892 278.923706055
A 364.679199219 -49.862541199 198.333923340
A 269.944915771 -225.875778198 304.208923340
A 343.330230713 -164.685699463 277.773223877
A 73.465515137 -159.499786377 126.312637329
A 213.828552246 -3.139558792 382.979553223
A 85.229347229 47.582122803 246.626068115
A 361.113769531 -111.182060242 177.804885864
A 28.028070450 -89.012527466 266.130828857
A 321.171142578 -121.694313049 113.218284607
A 104.280586243 -85.305946350 78.468818665
A 123.041885376 13.178896904 101.427925110
A 238.194564819 -214.035934448 342.528625488
A -946.519775391 317.691741943 239.351196289
A 251.496475220 -12.549359322 81.697052002
A -38989.449218750 51515.179687500 32742.392578125
A 173.321136475 78.474258423 273.981384277
A 123.276527405 45.624313354 319.233184814
A 119.662025452 -132.184448242 236.623779297
A 54.822494507 17.907537460 223.360351562
A 42.231590271 -50.378601074 151.064468384
A 77.415077209 -125.468078613 102.286216736
A 109.370048523 -177.529418945 352.149780273
A 212.641265869 85.205192566 258.829345703
A 176.301330566 -257.010955811 268.665954590
A 125.362319946 42.937587738 133.193359375
A 78.005332947 -216.862487793 241.429946899
A 64.847000122 -178.851074219 301.977050781
A -53607.449218750 13220.564453125 -41335.394531250
A 100.114936829 -60.869304657 83.370506287
A 195.919799805 -81.661407471 405.594482422
A 103.644676208 -147.594116211 363.776916504
A 146.608627319 -222.573959351 328.591308594
A 62.085109711 -202.479293823 225.424682617
A 274.614318848 -184.675384521 108.566535950
A 211.279769897 89.293289185 236.813796997
A 311.374755859 -214.563125610 200.508941650
A 318.114379883 -203.180511475 265.370788574
A 356.624694824 -152.804962158 229.551742554
A 355.351806641 -70.147613525 156.077301025
A 319.791259766 -142.390426636 181.703552246
A 303.788574219 -193.667098999 144.493606567
A 75.119148254 33.677261353 271.631195068
A 86.706771851 -210.421478271 295.095336914
A 47.713371277 -131.803848267 144.578002930
A 274.983459473 -31.662931442 84.591392517
A 231.117553711 -164.043258667 382.938018799
A 278.436340332 16.441665649 345.884307861
A 174.498474121 12.086598396 83.207389832
A 3302.412841797 -10111.825195312 19010.658203125
A 260.752929688 -10.401669502 372.648437500
A 113.017387390 -190.039245605 115.162780762
A 306.116271973 34.386363983 293.989440918
A 162.744766235 -134.257507324 63.563575745
A 40.830207825 -143.528289795 295.562500000
A 342.268402100 -71.583724976 134.074615479
A 201.299713135 -210.002746582 352.277465820
A 246.473144531 -35.935947418 390.558380127
A 152.958999634 -165.260665894 380.563690186
A 106.023773193 -196.414871216 333.541168213
A 132.414276123 -248.267822266 231.721679688
A 31854.564453125 -10859.200195312 -34602.312500000
A 343.877471924 -113.741447449 317.756286621
A 111.487083435 -218.115280151 152.993118286
A 357.040649414 -125.455284119 279.397064209
A -15992.259765625 -65550.500000000 8378.154296875
A 114.748847961 -124.025207520 76.607963562
A 254.653320312 -153.881149292 381.765777588
A 357.786682129 -137.080154419 187.906402588
A 58.582954407 -97.806800842 339.575347900
A 53.620510101 -71.135627747 131.918426514
A -2135.514160156 4913.474609375 5069.921386719
A 93.023147583 -175.704742432 118.352134705
A 306.837768555 -110.801834106 99.111244202
A 127.878807068 19.079467773 337.715728760
A 284.973693848 -179.913238525 345.714660645
A 180.883316040 -226.510162354 124.498420715
A 60.372154236 -74.454414368 113.106948853
A 177.166717529 -194.239410400 94.548454285
A 37.965808868 -155.987319946 190.461761475
A 291.343017578 -219.247817993 169.649551392
A 45.284435272 -18.619504929 165.519210815
A 236.175369263 -215.992630005 118.151412964
A 186.130310059 -262.161682129 202.423492432
A 323.061981201 -74.418128967 111.388374329
A 171.074707031 -43.378276825 60.063171387
A -1234.257812500 -67316.664062500 -16432.685546875
A 129.027313232 -219.684646606 136.640975952
A 225.045562744 -134.331970215 83.732086182
A 122.641571045 -11.618232727 88.108306885
A 190.533126831 -55.116874695 401.955718994
A 222.528488159 -188.413940430 116.632911682
A 67.043876648 -65.888343811 348.967987061
A -46160.105468750 -35682.152343750 -41311.382812500
A 348.632659912 -14.758736610 279.413757324
A 292.402313232 -226.155868530 192.907180786
A 282.068511963 -152.856399536 366.142211914
A 19.515058517 -80.617271423 243.740097046
A 39.021770477 -9.361953735 227.278213501
A 268.050842285 -65.226226807 388.466949463
A 178.062210083 -6.546944618 384.266479492
A 308.564483643 39.318027496 186.231491089
A 251.456588745 53.061443329 136.701293945
A 309.288024902 -69.053291321 96.975028992
A -678.411010742 -4802.661132812 1680.894409180
A 171.497589111 -160.721054077 69.878379822
A 158.279724121 -251.099273682 279.596160889
A 759.679565430 -612.038818359 87.810989380
A 239.691101074 75.332038879 273.153076172
A 142.689926147 51.584178925 132.296157837
A 92.064826965 -198.268264771 313.461029053
A 237.447418213 -66.261726379 58.262435913
A 213.831970215 -249.872573853 298.148223877
A 35.597579956 -20.699483871 251.804565430
A 24235.175781250 -8245.822265625 -35217.996093750
A 234.918151855 -131.187271118 395.018402100
A 215.220260620 -114.671257019 217.483779907
A -3289.965820312 -979.765380859 1047.864379883
A 192.779632568 31.580743790 100.599227905
A 74.221725464 -174.432022095 207.370315552
A 65.519790649 -39.396224976 341.229431152
A 248.225463867 65.501831055 162.893402100
A 77.080680847 -210.460235596 207.172805786
A 125.582504272 25.412710190 347.348754883
A 53.582538605 8.460216522 185.881332397
A 324.411437988 -25.391962051 130.933532715
A 175.316940308 -83.968948364 51.488571167
A 315.402313232 -171.686859131 325.053039551
A 33.206604004 -104.956596375 296.635833740
A 58.712360382 -147.925872803 141.437332153
A 68.938957214 -20.935556412 137.900360107
A 206.137725830 86.381668091 193.898864746
A 229.938140869 47.419960022 336.627990723
A 110.952934265 53.514957428 167.714492798
A 68.613197327 -202.930557251 191.665618896
A 60.530445099 21.206150055 201.564010620
A 52.988800049 -185.604125977 252.311523438
A 80.144035339 43.082366943 210.456192017
A 298.349182129 -225.710662842 237.874465942
A 153.519256592 74.079261780 175.685134888
A 270.895751953 -222.616836548 147.593475342
A 26.344573975 -125.788375854 216.357208252
A 212.090484619 10.559092522 82.529808044
A 295.376220703 56.798301697 214.162277222
A 312.058135986 -146.310455322 114.753776550
A 309.674926758 2.392997026 326.642364502
A 260.139312744 -51.479763031 70.503288269
A 133.857467651 -243.523193359 278.826171875
A 140.797103882 78.191062927 222.077835083
A 240.282943726 -36.456081390 69.838821411
A 34.657012939 -107.092834473 159.201782227
A 355.764678955 -16.517625809 240.720840454
A 267.831878662 -176.940979004 360.738006592
A 158.492279053 68.003860474 300.365234375
A 147.967788696 -9.993834496 382.679779053
A 3372.596191406 7864.190429688 10763.164062500
A 211.550338745 86.320152283 214.809234619
A 75.474029541 -177.434494019 142.712158203
A 344.204925537 -177.513626099 230.067565918
A 156.948028564 -68.062919617 401.111968994
A 38.133342743 -15.050960541 197.745330811
A 307.028839111 -204.343185425 166.653106689
A 652.305236816 -1028.929809570 -48.744281769
A -24404.955078125 31072.890625000 25366.517578125
A 39.388778687 -156.704437256 266.705932617
A 261.013702393 -139.182998657 74.479698181
A 205.325942993 -215.575622559 110.690841675
A 65.292610168 27.962947845 244.834091187
A 34.119190216 -42.857414246 174.727523804
A 321.699401855 -151.126144409 333.568450928
A 199.131439209 -112.127571106 56.533718109
A 226.596145630 -179.884292603 81.968887329
A 120.868812561 -231.022064209 298.752075195
A 146.322280884 -153.742492676 77.248962402
A 101.958175659 59.167152405 236.197906494
A 139.844650269 -246.995162964 183.256057739
A 132.016204834 -171.160644531 368.620819092
A 237.106918335 -88.291503906 60.786396027
A 47.495616913 -178.583999634 198.217056274
A 227.342483521 -10.718807220 74.500961304
A 252.477691650 37.260406494 117.931625366
A 73.898475647 -87.932899475 100.671760559
A 137.112991333 -1108.353515625 -233.263778687
A 53.640586853 -130.010360718 325.270385742
A 325.095306396 33.117218018 210.888778687
A 212.978118896 -45.357810974 399.084838867
A 72.547882080 -108.737823486 108.953506470
A 223.493743896 -93.485214233 401.956665039
A 208.767486572 -26.975471497 62.497352600
A 275.309997559 -81.489471436 75.235191345
A 332.000823975 -14.975790024 221.939590454
A 161.657730103 -46.909282684 397.725372314
A 227.206253052 62.914302826 141.757324219
A 92.701217651 1.190110803 341.530700684
A 267.814270020 65.287216187 177.044830322
A 256.863281250 -244.876159668 210.553115845
A 195.089202881 -49.884017944 57.543766022
A 178.549392700 -248.432861328 228.426467896
A -5767.047851562 32241.451171875 -76554.507812500
A 46.479984283 -102.062805176 135.567611694
A 128.764968872 -135.410156250 385.369354248
A 135.637008667 -122.974082947 67.348640442
A 175.151870728 -118.592842102 57.085433960
A 173.563095093 86.629943848 231.769378662
A 206.069549561 80.171890259 174.751098633
A 354.621124268 -68.341270447 301.365325928
A 289.773101807 -129.177932739 88.996452332
A 333.081542969 -152.462341309 310.544952393
A 243.868820190 -230.300292969 317.600311279
A 65.228775024 13.042038918 164.968902588
A 314.917938232 -197.174987793 294.032073975
A 325.912170410 21.286638260 182.846572876
A 291.730377197 -99.363624573 83.751045227
A 345.792480469 -143.214889526 159.343338013
A 298.187377930 -38.208797455 95.710891724
A 42.396427155 -119.554023743 310.751342773
A 163.924896240 -211.320510864 348.372985840
A 217.102188110 26.776641846 360.388854980
A 344.904541016 -140.836929321 303.391510010
A 45433.121093750 20942.681640625 5449.335449219
A 577.964111328 -1365.443725586 -908.343261719
A 349.571228027 -108.496162415 150.384796143
A 203.738250732 -261.186706543 224.406936646
A 153.205123901 65.003852844 152.865570068
A 269.475463867 -205.552856445 332.862457275
A 53.264610291 -27.952873230 316.036468506
A 142.280273438 -37.630325317 66.558982849
A 327.900268555 -54.589385986 339.403900146
A 297.054840088 -218.279586792 282.666442871
A 240.155090332 67.722869873 298.821929932
A 164.522354126 51.032104492 121.546890259
A 46.941394806 -80.599563599 323.226104736
A 329.100555420 18.336074829 271.791931152
A 27.491550446 -65.277297974 278.707214355
A 309.462524414 -34.890945435 353.165039062
A 250.942733765 -168.128524780 84.741889954
A 37.529357910 -163.575347900 239.638504028
A 261.243682861 49.443641663 318.045043945
A 307.852600098 -103.631866455 363.566528320
A 201.623947144 -15.564922333 391.755187988
A 264.578247070 72.733283997 253.401855469
A 264.572875977 63.125717163 290.125183105
A 298.670654297 -190.331008911 328.943634033
A 33.817829132 -154.457092285 221.022659302
A -2581.228271484 -13175.133789062 6917.317382812
A 274.420928955 -156.030090332 91.101333618
A 323.856048584 -1.839570999 144.763854980
A 105.006301880 -213.463821411 266.426208496
A 23.551954269 -112.770568848 259.069122314
A 1372.528320312 5353.096679688 3728.471191406
A 195.940979004 33.947280884 176.511215210
A 347.469696045 -23.935606003 165.990890503
A 129.785705566 -198.864318848 346.835937500
A 113.833053589 -24.890527725 375.102813721
A 340.669982910 -170.711441040 179.973999023
A 221.934478760 -121.067085266 59.090106964
A 107.398971558 -151.447967529 92.040985107
A 144.792907715 -119.942794800 394.871826172
A 30.797872543 -72.220825195 216.033020020
A 294.249328613 58.206165314 248.977539062
A 285.144226074 -236.037902832 218.971023560
A 316.867523193 10.750597954 310.390563965
A 205.647781372 -138.620681763 395.590332031
A 152.641387939 -84.748092651 157.733993530
A 310.008331299 44.345226288 236.621261597
A 148.882980347 27.205741882 104.738319397
A 227.169815063 42.011978149 113.480262756
A 121.869392395 -93.144714355 389.522064209
A 193.357299805 -182.647598267 374.947082520
A 356.920806885 -50.245601654 177.544494629
A 328.210235596 -195.639038086 199.327331543
A 357.525238037 -65.943626404 248.462005615
A 95.480812073 -55.768058777 371.047302246
A 343.151367188 -71.580268860 321.627960205
A 370.540985107 -94.715087891 226.141281128
A -22711.298828125 -33350.476562500 25768.328125000
A 161.450958252 -2.808540344 81.762435913
A 86.906250000 43.203334808 182.553695679
A 202.353302002 -235.033676147 320.668884277
A -919.320800781 -2790.286621094 -1753.148193359
A 111.815437317 28.768993378 127.912696838
A 307.304626465 -123.941192627 358.060577393
A 331.574798584 4.185562611 165.114135742
A 28.602888107 -43.773151398 198.319412231
A 366.927368164 -88.019157410 196.563919067
A 25.929218292 -78.557090759 178.083343506
A 169.171615601 15.647456169 369.633911133
A 298.254302979 -51.095016479 367.657531738
A 97.915695190 -117.255645752 86.781150818
A 26.387657166 -49.553348541 258.073669434
A 244.181533813 81.186180115 211.716049194
A 144.524719238 -5.979964256 79.768470764
A 184.461807251 65.303443909 314.275146484
A 50.651756287 -61.989040375 324.955200195
A 241.709899902 81.608322144 239.684570312
A 283.045532227 -234.341674805 266.540618896
A 54.474548340 -173.488250732 284.510162354
A 206.235290527 -241.333847046 152.251525879
A 114.544075012 55.936576843 291.623291016
A 190.598068237 -8.666803360 68.987335205
A 52.788841248 -168.976135254 168.619583130
A 182.994796753 42.095668793 111.744712830
A 286.720581055 37.199680328 315.650726318
A 120.859245300 72.706352234 247.654937744
A 174.807113647 -89.427833557 403.583801270
A 261.425079346 -123.958786011 388.885345459
A 355.938995361 -102.621520996 296.143859863
A 361.377258301 -130.481048584 209.245193481
A 140.525512695 -212.027221680 121.732910156
A 92.622650146 36.800384521 304.478576660
A 292.081573486 45.220314026 170.257278442
A 336.211730957 -88.009468079 332.931091309
A 203.837615967 75.590827942 296.774047852
A -265.576965332 573.014465332 1416.604003906
A 215.896987915 -199.664215088 94.730026245
A -15436.815429688 43312.535156250 -3756.425292969
A 136.216629028 -37.306423187 387.159393311
A 356.123901367 -141.677062988 262.089294434
A 316.378387451 -210.212646484 242.409774780
A 50.600978851 6.129478931 253.897567749
A 189.104965210 -82.705146790 58.686759949
A 152.792373657 -195.040039062 361.504150391
A 338.542327881 -125.894401550 135.454376221
A 7217.965820312 2560.511962891 -4224.194824219
A 175.593261719 87.586837769 211.850509644
A 292.646423340 -72.249412537 377.090759277
A 118.674148560 -46.792976379 75.285850525
A 29.996089935 -134.165618896 265.233001709
A 96.796943665 -200.554672241 143.640975952
A 236.366104126 -249.619491577 184.019119263
A 237.966644287 -8.325452805 380.526947021
A 242.559982300 -230.833099365 146.923904419
A 218.093521118 60.243213654 318.595886230
A 197.129013062 53.474479675 331.674407959
A 197.321945190 38.453987122 352.175750732
A 343.115844727 4.841311455 257.769287109
A 177.741500854 -254.227386475 179.591735840
A 98.353736877 -230.973159790 207.327026367
A 133.374160767 9.964787483 364.363098145
A 289.697509766 -211.730575562 310.537384033
A 128.120254517 -247.606628418 255.955673218
A 119.227424622 69.579399109 209.790847778
A 297.804595947 17.402730942 132.443954468
A 246.679733276 -240.683288574 160.924758911
A 1626.312377930 -1826.955200195 0.740008771
A 100.268226624 56.122287750 201.545898438
A 307.075866699 -172.510192871 129.331420898
A 150.323257446 -93.898689270 60.659839630
A 180.316284180 -243.455932617 153.933868408
A 38.228912354 -24.102479935 278.429870605
A 144.331207275 -238.928466797 161.250015259
A 160.347503662 44.471996307 339.548309326
A -12414.259765625 9684.259765625 -13496.455078125
A 292.169830322 -65.298141479 83.855949402
A 141.121765137 -172.486831665 86.888153076
A 341.016571045 -41.834980011 143.617172241
A 192.115127563 -261.796478271 252.332427979
A 258.926116943 -243.896270752 278.482696533
A 158.534851074 -138.059539795 394.225158691
A -9027.790039062 4244.093750000 -7731.435546875
A 263.110412598 -248.263687134 226.575515747
A 309.373443604 40.968029022 269.150939941
A 263.521423340 -96.302688599 67.520759583
A 98.854225159 -24.856094360 95.466224670
A 358.362854004 -23.604108810 204.054809570
A 161.184631348 -259.320281982 232.593338013
A 50.992591858 -6.050910473 288.520019531
A 174.255844116 30.666862488 355.879119873
A 61.884082794 -3.863285780 145.732620239
A 88.924148560 -215.236511230 176.527328491
A 332.866333008 -95.055816650 120.093322754
A 123.489883423 -63.509696960 388.308166504
A 64.914489746 14.904601097 289.494964600
A 32015.644531250 -38902.027343750 49411.394531250
A 327.422637939 -181.012145996 289.761413574
A -6003.672363281 691.287536621 3800.885986328
A 1333.936767578 -3059.799316406 -483.634918213
A 123.674179077 -217.827529907 319.660766602
A 126.955848694 66.842651367 174.532684326
A 345.659484863 -2.261382103 189.662796021
A 255.533554077 -200.051315308 110.590972900
A 34.795417786 -135.016662598 172.925613403
A 297.802917480 4.125567436 116.705261230
A 239.700042725 77.616821289 183.435058594
A 305.349761963 -148.764694214 352.396240234
A 75.273551941 -140.938079834 113.701629639
A 118.938697815 -173.754623413 98.179344177
A -2914.505126953 1866.520141602 83.142982483
A 250.511718750 -200.252914429 351.399749756
A 147.478530884 -95.618904114 398.776519775
A 326.063781738 -156.710189819 137.246826172
A 135.459091187 67.387031555 280.819641113
A 192.430709839 -22.728452682 383.724426270
A 121.531051636 -245.202453613 207.475296021
A 95.682334900 -83.852531433 378.405120850
A 222.308685303 -257.818267822 204.700988770
A 213.896148682 -238.978561401 289.002929688
A 268.064239502 1.872037053 230.697463989
A 124.288177490 -90.159301758 66.606666565
A 305.457977295 -15.606432915 114.574928284
A 237.114791870 -184.490463257 369.421539307
A 24424.070312500 47454.160156250 22643.808593750
A 73.503059387 -127.398292542 348.498413086
A 244.928451538 15.959521294 365.578887939
A 220.313064575 -258.190155029 258.025970459
A 357.587646484 -85.884498596 168.572647095
A 78.681922913 -26.898246765 111.838760376
A 85.033081055 31.834457397 162.309097290
A 212.684448242 -223.578231812 335.252380371
A 281.403900146 62.952537537 197.306030273
A 35.178306580 -77.564132690 156.269760132
A 40.615489960 -41.075397491 296.819915771
A 207.479293823 -159.677932739 70.174179077
A 132.368499756 -21.806465149 361.641021729
A 92.671943665 -34.040733337 362.515319824
A 207.952606201 -164.591156006 386.016479492
A 343.658477783 -40.414516449 309.914398193
A 332.630798340 23.349472046 239.020370483
A 149.878875732 -253.376037598 205.864456177
A 242.568099976 -56.374362946 395.576995850
A 114.004356384 -232.124313354 175.602935791
A 148.967285156 55.596149445 320.299896240
A 70.086357117 -152.649414062 332.391998291
A 22.107597351 -116.205154419 234.685989380
A 166.611770630 -210.397384644 110.870155334
A 198.470428467 72.684127808 149.713989258
A 156.870773315 -29.244642258 257.874847412
A -4039.866699219 37131.386718750 -47450.132812500
A 297.198822021 30.406934738 149.003265381
A -416.214935303 -1122.115600586 156.883422852
A 71.437690735 -172.805114746 322.145263672
A 328.138610840 -180.571411133 164.629211426
A 80.031089783 -54.939369202 98.205741882
A 249.330688477 12.061492920 93.973228455
A 6941.919921875 -447.123291016 -1546.202514648
A 337.051574707 -7.274809837 296.315917969
A 215.740982056 -69.904708862 55.152442932
A 93.325859070 19.731237411 323.618438721
A 104.092689514 -237.913284302 241.277587891
A 7961.490722656 9089.691406250 17391.937500000
A 276.541412354 42.570758820 144.474853516
A 20.760227203 -90.481430054 199.181182861
A 84.718696594 -17.979425430 349.273376465
A 17.442583084 -64.121437073 223.099044800
A 282.395080566 -201.312866211 129.988845825
A 328.421997070 -197.924926758 229.295486450
A 91.195800781 7.134119987 284.643737793
A 78.095466614 -92.927825928 360.591613770
A 28.233839035 -35.592952728 228.848129272
A -3170.469482422 -1276.848876953 3120.225830078
A 154.097244263 80.445816040 197.362091064
A 189.358657837 -175.550598145 76.476608276
A 109.641464233 -86.176017761 356.671936035
A 67.815414429 -6.272740364 316.535491943
A 97.097923279 32.137615204 142.280593872
A -18978.332031250 6012.313476562 3898.628417969
A 73.984443665 -191.996383667 161.764938354
A 234.257156372 -78.734001160 401.877868652
A 96.781829834 -228.036743164 271.622009277
A 32.921741486 -80.308219910 298.996643066
A 288.341735840 18.451833725 300.020690918
A 281.696899414 59.295791626 270.870880127
A 163.391357422 81.496536255 254.325180054
A 346.431976318 6.429335117 218.598510742
A 366.213562012 -42.608608246 239.029235840
A 220.168563843 -230.799682617 131.678710938
A -2545.595458984 2366.483398438 -505.291625977
A 88.669281006 -117.709159851 365.718933105
A 224.790451050 -143.896850586 63.589859009
A 268.908233643 73.697677612 222.905624390
A 209.138122559 -197.208816528 364.976104736
A 81.784812927 3.147190094 127.442657471
A 343.634735107 -173.017822266 255.471023560
A 279.677703857 -5.725528717 98.054328918
A 236.175872803 -246.683883667 287.947967529
A 273.587432861 -96.415016174 391.772705078
A 141.085403442 -66.630020142 61.634037018
A 95.782089233 49.183475494 275.841735840
A 199.656555176 58.046150208 127.724830627
A 369.620391846 -63.060039520 216.924530029
A 246.227722168 -1.273731351 204.972747803
A 178.103912354 -225.005310059 334.654144287
A 111.463661194 -132.103820801 376.841918945
A 208.351394653 -252.162445068 177.859420776
A 220.574234009 26.310417175 95.774360657
A 144.870468140 -194.288543701 101.905799866
A 277.802246094 -30.807386398 374.076141357
A 68.141403198 -204.709533691 269.739044189
A 136.610000610 71.832702637 260.726043701
A 159.356933594 -234.987411499 143.801345825
A 311.660064697 -17.410869598 343.773254395
A 254.210754395 -117.254341125 66.700195312
A 169.050582886 -181.440078735 374.233428955
A 330.733093262 -116.706840515 338.819091797
A 182.189682007 -247.296203613 297.120086670
A 181.229934692 -148.336608887 391.596649170
A -10908.898437500 10011.709960938 2355.355468750
A 290.722259521 -165.133285522 106.480018616
A 316.985870361 -78.638557434 357.915161133
A 9295.656250000 4165.320312500 -22.424493790
A 255.166534424 30.493862152 328.708831787
A 27.279684067 -119.699539185 192.230178833
