533

X 6436.762207031 1880.663818359 -5925.305175781
X -1878.883789062 -1376.360351562 2049.925292969
X -574.204711914 89.982719421 -1086.722167969
X -187.642868042 1258.316406250 54.242080688
X -18.877830505 -195.708831787 134.892807007
X -28.742309570 -170.480056763 143.889297485
X -6498.560546875 5306.343750000 -274.876770020
X -4876.461425781 354.337951660 -10326.249023438
X 171.503601074 -3319.815185547 -31810.027343750
X 90.761695862 -139.795623779 161.338165283
X 256.559082031 -255.105026245 276.392211914
X 4866.292968750 -4093.274414062 -1628.256225586
X 70.223434448 5.011366367 202.956832886
X 6231.135742188 2921.397460938 4229.197265625
X 308.216430664 -200.850173950 258.302520752
X 7288.323730469 -1735.101684570 16487.138671875
X 137.542938232 -154.307006836 -19.745986938
X 188.428039551 11.211533546 77.283866882
X 669.599853516 -1960.335083008 -7483.502441406
W 80.076362610 -258.658813477 284.492187500
X 414.704437256 7573.891113281 2216.487060547
X 66.773124695 -140.191299438 153.668670654
W 169.562377930 -133.245880127 -28.041658401
X 14006.701171875 11141.697265625 -566.831542969
X -1175.442504883 -3471.742431641 -3919.155761719
W 95.687484741 21.290979385 128.527191162
W 53.626716614 -250.895889282 37.189285278
X 8639.889648438 1003.199951172 2088.284667969
X -7694.206054688 4291.185058594 1845.774658203
X -2357.988037109 2989.989990234 -9718.585937500
W 157.212951660 -318.222930908 236.754760742
X 64.679992676 -147.866455078 145.093475342
X -7166.463867188 -1743.797485352 1207.922973633
X 1212.068847656 -1700.694458008 1076.225830078
X 9.455763817 -74.953140259 96.752433777
X -4430.796875000 -2538.608398438 -3270.608398438
X 1430.034423828 3466.971923828 6963.252441406
X 2471.326171875 -2753.194335938 -306.521606445
W -23.869455338 -120.402923584 200.771194458
X 7789.422363281 -674.448059082 -1271.366210938
X 116.917129517 -146.168334961 173.783447266
X 260.414367676 -159.343353271 319.930664062
X 150.605590820 -168.583984375 172.195968628
X 128.255630493 -77.909744263 87.425842285
X -14577.782226562 4957.207519531 71.316612244
W 103.293014526 -229.112625122 315.589660645
X -24110.251953125 31815.152343750 20208.232421875
X 150.491714478 -209.495590210 149.191772461
X -2386.920410156 5559.281738281 3601.816162109
X 11208.701171875 5997.810058594 -728.437561035
X -6792.977539062 5437.913574219 -447.092010498
X -1429.815673828 291.179748535 -783.406677246
W 286.629821777 -94.737220764 290.100952148
W 264.663146973 -68.527099609 29.471260071
X 149.245162964 -287.530639648 140.506866455
X 177.920364380 174.916259766 98.479438782
X 232.230133057 -277.337066650 275.940032959
X -515.538696289 -757.061767578 219.660278320
X 6199.550781250 4413.834960938 -3865.307617188
X -33680.828125000 8291.220703125 -25959.970703125
X 263.588226318 -185.653793335 314.962280273
X 375.573120117 -366.924102783 -6394.420410156
X 3832.020019531 1681.986450195 -5344.050781250
W 215.222610474 -10.084008217 50.335609436
X 301.644256592 -30.064981461 172.832214355
W 73.974342346 -42.713531494 281.933471680
X 149.529418945 -331.729278564 140.668716431
X -244.081390381 61.677986145 314.133453369
W 27.271726608 -24.585765839 112.871093750
X -11.105147362 -81.337539673 174.989013672
X 2038.554931641 -113.983428955 -870.586242676
X -7171.644042969 5049.250488281 1644.164306641
W 42.387020111 -32.728481293 242.529556274
X 276.315338135 -289.012359619 109.908500671
W 280.493286133 -23.780420303 97.326255798
X 293.182922363 -81.770339966 258.324157715
X -403.736907959 -655.274841309 1207.009399414
X -109.325218201 410.786651611 -895.578125000
W 79.751319885 -266.923339844 35.505683899
X 185.195663452 -243.872634888 317.644165039
X 3615.612792969 -11352.981445312 21274.052734375
X -4181.765136719 -4816.857421875 -9461.293945312
X -3823.233642578 -3711.462646484 -4337.041503906
W 43.110202789 -272.951904297 75.330139160
W 180.918151855 -98.235618591 337.647918701
W 327.324462891 -99.359138489 85.279541016
W 8.672044754 -165.749862671 266.856536865
X 136.705688477 -19.717773438 30.840742111
X -2306.167724609 -2394.260253906 -8560.757812500
X 207.717391968 -86.469985962 -8.725207329
X 653.862731934 1293.989257812 -326.367858887
X 240.232238770 14.395147324 159.243621826
X 23148.050781250 -7882.169433594 -25155.251953125
X 110.231903076 -143.096313477 145.035232544
W 246.803405762 -12.162827492 245.363739014
W -26.197736740 -123.230262756 109.053688049
X -10134.332031250 -41406.015625000 5288.283691406
X 249.226257324 -111.093566895 318.330688477
W 90.492843628 -92.743377686 -9.688447952
X -8601.525390625 2545.145751953 1510.333007812
X 307.532012939 -140.919326782 44.923904419
X 8782.299804688 -1184.985473633 6565.290039062
X -5677.815429688 12383.154296875 12222.916992188
X 280.596923828 -67.015769958 274.265441895
W 39.608837128 -134.809173584 298.606048584
X 4736.437988281 -6480.068847656 -7460.925781250
X -3055.177978516 2654.918212891 -3816.486083984
X 171.269866943 -5.501100540 272.453430176
X 281.150451660 -168.749114990 259.589569092
W 173.608001709 -32.905487061 303.264678955
X -4098.421386719 -2782.964355469 -1637.085693359
X 84.579368591 -77.099990845 199.898300171
X 313.362792969 -230.691101074 238.256195068
X -1038.729980469 4526.579101562 4712.713867188
Q 167.371673584 36.614288330 202.159484863
X -5267.413085938 -1323.024291992 5292.689941406
X 188.811645508 60.490432739 -448.805877686
X -778.373657227 -42222.628906250 -10344.296875000
X 1235.029052734 1631.432617188 1143.692504883
X -59.006908417 3162.243652344 5939.700683594
X 227.753265381 -245.532226562 306.044525146
W 148.980484009 -210.964767456 -17.914932251
X -1341.651733398 6931.904785156 8085.599121094
W 283.559539795 -185.411758423 23.650316238
X -28636.162109375 -22109.267578125 -25616.609375000
W 6.372549057 -245.275009155 94.931045532
W 52.254058838 -3.439775944 200.644424438
X 60.951419830 -82.551277161 14.567156792
X 292.907440186 -141.164505005 144.761215210
X 3317.486816406 -1750.701660156 69.300270081
W 92.236122131 -202.796051025 -10.302087784
W 163.538436890 -252.120971680 3.440679789
W 49.679222107 -295.504455566 188.373962402
X 112.483970642 -289.667999268 239.031845093
X 62.276123047 -167.922439575 261.979949951
X -2897.789062500 -16288.874023438 5227.747070312
X 185.417663574 -76.362930298 326.221771240
X 206.816757202 20.659812927 121.923545837
X 11434.428710938 -10171.318359375 -2543.779296875
W 126.698669434 -324.637268066 107.009971619
X 198.180511475 -290.972869873 273.168121338
X 273.327941895 -36.666725159 71.222160339
X 116.440048218 -167.163208008 333.832031250
X 376.582946777 -1809.059082031 882.720153809
X 4282.266601562 -2394.070800781 -997.538269043
X 18398.597656250 -6249.482910156 -26861.070312500
W 109.143531799 -112.139900208 -19.046628952
X 328.772674561 777.540222168 -10192.318359375
X -15631.810546875 -4299.153320312 3759.723632812
X 310.092529297 -1838.890014648 1680.425781250
X -11599.097656250 -8534.469726562 -2042.238159180
X 281.386810303 -217.467559814 35.421234131
X 411.681671143 424.023284912 -61.212558746
X 7314.226562500 6817.627441406 1248.762084961
X -845.076538086 1870.716918945 2283.666259766
X 294.997589111 -260.120819092 210.489395142
W 33.180156708 -221.296112061 275.111572266
W 156.938385010 -163.739196777 343.902099609
W 13.215313911 -72.156692505 59.648117065
X 317.467132568 -140.906677246 98.219642639
X -1718.019409180 646.194152832 1908.165161133
X -4489.934570312 3640.967773438 -4991.146484375
X 229.345764160 409.149688721 22.352384567
W 133.066940308 -292.715240479 42.794769287
W 250.288024902 -312.178436279 205.523529053
X -5109.778320312 -4831.164062500 -663.372863770
W 295.101806641 -289.470886230 166.914672852
X 305.240020752 -47.713485718 148.269180298
X 286.672119141 -282.069061279 165.978836060
W 33.268024445 -12.228816032 168.341995239
X 400.105529785 -1309.317138672 467.286193848
W 85.689353943 -9.411262512 252.878631592
X -623.301025391 -298.781219482 114.803306580
X 139.345916748 -258.244140625 305.731140137
X -120.960632324 -519.330383301 323.895812988
W 18.238033295 -95.713310242 266.813598633
X 5021.282226562 3825.268310547 4780.639648438
X -493.864288330 -420.231811523 1505.991333008
W 233.952239990 18.341308594 122.488372803
X 206.976135254 -331.115325928 160.456085205
X 941.941162109 888.929870605 -3942.375732422
X 331.095611572 -119.908416748 241.170379639
X 71.148254395 -177.118438721 161.545608521
X 72.513626099 -51.095642090 49.712337494
X 188.232421875 -311.759613037 75.394798279
W 204.555496216 -248.303115845 8.082591057
X 5050.343750000 12161.681640625 16411.800781250
X 317.062835693 1738.457397461 -58.008659363
X -7662.728515625 -5147.904296875 -4790.952148438
X 2932.042480469 -1521.669189453 -32.872661591
X 444.651519775 -378.216766357 -911.417907715
X 325.071411133 -233.511337280 191.910049438
X -5784.417968750 6985.853515625 3956.448486328
X 6686.386230469 -13573.047851562 -3808.449462891
X -17989.095703125 22837.835937500 18640.367187500
X 309.328369141 -94.605796814 126.725830078
X 450.019683838 -418.964630127 -605.447204590
X -952.162048340 6994.361328125 6002.408203125
W 287.653533936 -291.233001709 145.415252686
X 325.713958740 -211.729904175 228.903778076
X -3303.769287109 1600.549316406 -2595.642578125
X 172.062500000 -714.379943848 -6096.759277344
X -72.503662109 586.022827148 1343.740844727
X 244.705245972 -1.665754914 98.105461121
X 206.203308105 -66.581687927 317.809478760
X -213.521148682 362.887573242 188.533081055
X -2158.212402344 -5688.156738281 -1626.351928711
W 239.577133179 -72.516372681 10.766404152
X 1502.585327148 613.286804199 -4607.563476562
W 319.289001465 -54.186180115 192.738662720
W 129.805816650 -229.814956665 324.354248047
X -149.591934204 -1120.051391602 889.415954590
X 302.300750732 -147.385177612 288.615447998
X -863.106811523 -14196.240234375 -6293.479492188
X 313.768951416 -108.685943604 61.738773346
X -75.396903992 -425.411621094 234.156753540
X -356.200744629 -2529.720458984 -3957.519531250
X -5405.921875000 -1337.788574219 -5313.708007812
X -1085.923706055 -187.396484375 -7246.476074219
X 143.844863892 -207.886444092 328.351165771
X -92.337844849 -233.277038574 513.853271484
X 10119.116210938 5202.738281250 212.106719971
W 203.209548950 -212.397583008 -11.151776314
X 142.447341919 -301.223205566 247.507553101
W 259.252685547 -270.718200684 49.530868530
W 84.784156799 -308.914184570 214.777587891
X 4146.021484375 -6895.411621094 -168.379150391
X 13.228655815 -2225.776855469 7376.853027344
X -372.933654785 -7816.081542969 1642.334960938
X -3396.949951172 18977.599609375 -45074.054687500
X 320.920867920 -141.054290771 258.607269287
W 233.875671387 -116.338088989 -8.679918289
X -149.357467651 -302.362335205 -636.166748047
X 166.482192993 -118.230918884 339.275634766
X -504.108489990 6728.128906250 -67.409881592
X 138.644439697 -327.694458008 194.244812012
X -16.595588684 -162.645599365 88.069946289
W 66.557418823 -110.936660767 313.374450684
X -4163.578125000 1215.317626953 -3559.139404297
W 96.356193542 2.508903742 71.590118408
X 1045.148681641 -826.807434082 573.263000488
W 18.744150162 -42.667846680 88.920867920
W 14.440886497 -257.433502197 204.690231323
X -1040.473632812 -493.392791748 2016.389038086
W -9.794600487 -91.769012451 218.230148315
W 51.478324890 -209.599838257 295.748809814
X 8024.276855469 1987.022216797 -4296.173828125
X 185.792556763 -7.551838875 45.133110046
X 1091.731811523 5094.284179688 5910.449218750
X 73.947921753 -115.678245544 117.072128296
X 32443.843750000 14956.065429688 3844.036865234
X 3549.672851562 -11461.611328125 -10376.984375000
W 1.975612164 -116.340599060 253.477355957
W 150.431228638 32.638130188 152.754257202
X 363.824707031 -1387.884033203 664.011779785
X 1664.247314453 -2086.172607422 1917.635253906
X 296.246429443 -228.806838989 58.876056671
X 205.976516724 -220.193099976 326.738159180
X 15.138189316 -203.072387695 53.465686798
X 1275.469482422 -1297.024780273 725.435363770
X 535.268737793 1438.532348633 796.513305664
X 170.254974365 -298.493560791 267.873504639
X -10710.867187500 230.720199585 7213.890625000
W 22.456464767 -272.380065918 116.060218811
X 341.329040527 -155.793838501 109.608947754
X -1905.508422852 -2386.032226562 -2868.381835938
W 106.269683838 -78.637260437 322.577514648
X 330.010772705 -71.938743591 161.228881836
W 93.646461487 -289.710876465 55.544296265
W 27.442394257 -150.007293701 15.977549553
X 873.838928223 2787.215820312 6472.014160156
X 1062.385131836 1408.321533203 367.475524902
W 97.986480713 -314.328765869 102.746047974
X 110.899642944 -118.390304565 127.520332336
X -735.717468262 -593.376770020 200.965301514
X -3870.591308594 -18864.890625000 9788.642578125
W 84.517265320 -89.221313477 315.265808105
W 28.763200760 -252.701248169 239.380447388
X -2699.571533203 -5403.743652344 -4135.358398438
X 191.843658447 -142.731384277 147.760696411
X 3399.933349609 14835.438476562 9616.683593750
X 1083.297851562 3088.548339844 7099.203125000
W -4.738368988 -223.596115112 214.721603394
X 239.726409912 -33.844398499 42.900211334
X 219.189483643 -204.735153198 49.732677460
W -10.607367516 -69.545181274 188.716354370
W 137.307907104 -119.136810303 339.942016602
X -828.053222656 -989.920654297 -891.130187988
X 1204.249145508 -2011.544555664 -391.171905518
X 10893.223632812 -868.079833984 302.711090088
W 67.600578308 -307.172882080 135.709197998
X 4461.258789062 -7035.978027344 -546.272827148
X 37.701721191 -248.120330811 62.533493042
W 161.005630493 -101.497543335 -23.326187134
X 7813.937988281 -1268.000122070 6906.274902344
W 46.644943237 -296.928619385 162.083877563
X 211.770187378 -275.980010986 286.992553711
X 133.786102295 -287.542480469 277.497222900
X 795.630615234 -241.438507080 -1191.242919922
W 149.954711914 -45.472431183 4.128534794
X -21.964054108 -185.835174561 186.874221802
X 83.560150146 -121.602012634 166.515411377
X -7730.884765625 -747.330932617 -2348.422363281
X 1317.461669922 -571.753662109 -1805.803222656
X 7435.874511719 855.334716797 4924.840820312
X 52.226528168 -145.337310791 161.444808960
X -16625.851562500 -24298.570312500 18779.488281250
X 2230.933349609 -2988.919677734 7065.848632812
X 266.850128174 -288.441619873 202.482528687
X 145.607879639 -45.656490326 101.904228210
X -5259.760742188 -12735.068359375 -9294.022460938
X -2421.850585938 4009.875244141 -3313.285888672
X 6138.960937500 -1841.609741211 6630.429687500
X -113.451965332 -366.331390381 283.227355957
X 333.581207275 -199.584503174 191.587860107
X -26.622564316 -152.817642212 176.250198364
X 349.014038086 -161.757949829 205.824661255
X 150.963882446 -171.466583252 131.150009155
X 63.497337341 -203.251571655 7.744276047
X 270.433532715 -104.918663025 302.506439209
W 343.715881348 -203.282745361 130.429595947
Q 115.831573486 -329.858367920 164.583740234
X 191.418136597 -226.089431763 285.988800049
X 349.188018799 -4249.160644531 -2039.747436523
X 319.804931641 -167.299407959 61.041755676
X -1027.486938477 -4717.679687500 -779.489990234
W 53.325897217 -2.200911283 116.195579529
W 314.589752197 -67.018348694 92.563606262
X 490.167297363 -1939.471313477 -1007.155273438
W 243.168777466 -304.389923096 86.338485718
X 233.331390381 3119.297607422 -6171.443847656
X -3867.469238281 -2458.754638672 -1476.224731445
X 204.108978271 1038.565185547 -1089.380981445
X -525.623107910 -995.200927734 -419.302825928
X 223.226867676 -321.477478027 124.712989807
W 170.138229370 -168.216384888 -27.738033295
W 74.176033020 -125.678276062 -10.217647552
X 6.737038136 -135.641845703 115.070701599
X -8725.069335938 2676.183349609 1121.638427734
X 215.853942871 -16.963701248 272.478546143
X -3802.535644531 4723.249511719 3082.825683594
X 113.191543579 -217.192840576 183.889968872
W 0.384390175 -170.918624878 47.838771820
X 154.636840820 -323.805175781 99.056488037
X -4828.749511719 6943.506347656 13241.706054688
X 136.702239990 -47.043762207 310.386840820
X -11441.026367188 32094.787109375 -2865.268066406
W 225.341598511 -225.684478760 2.747315645
W -27.071279526 -108.698234558 126.075363159
X 2465.769775391 -2265.520751953 182.784393311
X 1207.267333984 -1324.597900391 -4.165557384
X 213.508285522 -1084.003906250 7413.782714844
W 210.493545532 -44.339897156 15.313221931
X 78.767143250 -137.532546997 193.281646729
X 15278.548828125 5687.280761719 -9628.969726562
X 166.705947876 -334.332794189 161.086257935
X 76.479675293 -182.918762207 16.063035965
X 237.340103149 -205.830780029 319.778045654
X 344.009674072 -111.028961182 127.969909668
W 265.917205811 -23.445594788 248.260818481
X 122.680389404 -1.757477641 204.442703247
W 121.639923096 -236.245025635 -3.312035084
X 3140.234619141 -9493.982421875 -5133.679687500
X 1042.199829102 6452.225097656 4377.498535156
X 157.489944458 -303.278564453 57.897838593
W 168.074462891 -275.641540527 21.546133041
X 4498.522949219 2494.306884766 793.076477051
X 169.087921143 9.440082550 214.330154419
X 264.819366455 -4.127789497 186.439804077
X 215.644683838 -251.739181519 43.162601471
W 64.565704346 -20.055326462 59.682777405
X 2862.626708984 4912.838867188 -608.290283203
X 226.735366821 -324.955718994 174.473739624
X 549.445739746 220.729095459 -165.946563721
W 111.195861816 5.708964825 248.008361816
X 10391.478515625 -12398.010742188 -1275.379150391
X -2455.006347656 3977.635742188 -878.074523926
W 30.999023438 -62.833385468 259.758728027
X -2448.368408203 156.493972778 -10727.083984375
X 175.028991699 14.504324913 241.304061890
W 328.914581299 -228.285369873 116.137313843
W 224.097137451 3.891762257 241.469894409
X 1558.882080078 -5099.120117188 -4166.457031250
X -14242.495117188 11100.663085938 -15599.076171875
W 57.542724609 -172.188171387 311.886932373
X 204.029983521 -73.647315979 290.361602783
W 4.177839756 -194.820953369 251.809234619
X 158.914703369 32.215438843 138.880523682
X 115.011726379 -16.138601303 115.854637146
X 207.292724609 -108.697273254 -2.774321079
X -14585.315429688 6794.048828125 -12661.617187500
W 86.624542236 19.934066772 165.766830444
W 45.281936646 -292.162322998 119.932678223
X 108.107101440 -151.596160889 288.356353760
X 266.687561035 -221.885711670 301.998138428
X -7765.185058594 -2746.627929688 1270.053955078
W 187.231719971 33.058116913 153.301483154
W 304.480621338 -251.928421021 88.931472778
X 582.753173828 -3944.468505859 -4179.329589844
X 294.520690918 -239.840728760 241.540435791
X 278.720489502 -18.947608948 210.397857666
W 12.876721382 -149.671203613 276.390319824
W 245.294326782 -194.526443481 -0.587447882
X 272.577026367 -278.020141602 85.183845520
X 19963.849609375 -24256.013671875 30806.742187500
X 8109.391113281 -5807.821777344 3949.421875000
X -15588.431640625 1770.892211914 9238.587890625
X 5867.766601562 -15196.495117188 -3388.087646484
X 244.928802490 -17.315017700 62.086765289
W 228.356643677 -319.477752686 199.308334351
X -65.917655945 -292.081573486 216.125061035
W 102.590255737 -21.836843491 279.614410400
W 335.512573242 -92.691818237 206.672943115
X -3352.772216797 -3071.513671875 3631.379150391
W 111.653907776 -322.184509277 204.301605225
X 29.534299850 -77.261627197 42.211032867
X -3535.313476562 -2100.196777344 -2984.757324219
W 247.499694824 -58.964282990 297.521057129
X -13982.296875000 8776.951171875 -669.159484863
W 102.741531372 -25.781236649 27.596584320
X 230.918975830 -155.458496094 -10.236462593
X 925.309509277 -535.045349121 -356.498535156
X 230.781066895 -306.897430420 96.875045776
X 1311.570800781 2354.592773438 7419.455566406
X -295.719146729 -1027.951171875 51.105152130
W 262.600189209 -163.792510986 4.933197975
W 130.078964233 31.976715088 183.933441162
X -864.534729004 8935.458984375 -2662.027343750
X 6262.727050781 8514.437500000 1570.616943359
X 223.147323608 -141.170715332 334.287628174
X 4130.779296875 3159.700927734 -4563.062500000
W 114.071304321 -42.267375946 10.790865898
X 16421.248046875 31921.759765625 15186.186523438
X 285.335418701 -109.668785095 30.534496307
W 116.521141052 -261.371520996 16.646100998
X 329.114501953 -1907.349609375 412.936126709
X -7898.712402344 -148.639465332 2914.351806641
X 5383.380859375 -2847.239257812 4999.521972656
X 952.000122070 -964.625854492 678.027404785
X 520.846435547 -4776.484863281 3940.179931641
X 4777.243164062 8341.147460938 -1738.765869141
X 324.439697266 -167.547409058 245.496551514
X 322.238769531 -206.574264526 78.261940002
X -491.770660400 4042.680664062 8322.112304688
X -4198.631347656 4646.681640625 9293.612304688
X 3045.091796875 -2314.482177734 -4371.854980469
W 141.896133423 -78.409637451 -13.966753960
X 23.997369766 -222.012344360 61.826309204
X 24.388483047 -263.591888428 136.008331299
X 222.532089233 19.640951157 189.919448853
X -93.733383179 -717.303344727 -1282.783691406
X 2515.790527344 3495.765136719 1756.325439453
W 202.005020142 -298.297637939 52.923389435
X 5264.085937500 3029.104492188 -4696.991699219
X 346.186553955 -125.687744141 150.361419678
X -349.808135986 -4974.748535156 -4830.679199219
X -121.984031677 -7044.603027344 3445.497558594
X -1872.461425781 -3860.573242188 -7953.112792969
X -2666.019042969 24532.060546875 -31324.945312500
W 54.686935425 -277.789978027 241.326828003
X -7879.551269531 -13407.571289062 -699.675537109
X 187.368682861 -128.817337036 128.925979614
X 5659.061035156 -3500.400390625 -2447.752441406
X 283.817047119 -191.886184692 282.326171875
X -803.127929688 -2139.318359375 2885.365722656
X 17676.048828125 -1071.376098633 -4488.333984375
X 1467.811401367 1706.270141602 1654.207641602
W 126.335365295 -175.843215942 341.764526367
X 254.856018066 -266.591217041 54.976718903
X 249.665832520 -1.200899720 142.603988647
X 9064.223632812 10386.222656250 19831.203125000
X 79.679443359 -294.718994141 221.719543457
X 346.257141113 -151.519973755 176.249694824
Q 254.630249023 -236.542800903 17.686004639
W 355.849487305 -155.328628540 172.399490356
X -735.282470703 -1652.411621094 2935.240234375
W 15.029462814 -30.823953629 171.217422485
X -6935.894531250 6503.583984375 4372.352050781
X -203.157806396 -136.626358032 634.849731445
W 339.544677734 -223.031387329 148.100097656
X -12301.723632812 -4675.518066406 10950.299804688
X 190.947372437 -309.102111816 175.079055786
X 142.306030273 -70.621604919 301.490112305
X -6047.520019531 485.294952393 9464.533203125
X 1815.667724609 -1574.964355469 -1245.558227539
X 42.438690186 257.595672607 -174.121780396
X -22257.130859375 6959.940429688 4394.870605469
W 294.814208984 -53.770217896 248.185562134
W 120.969352722 -184.709350586 -23.799036026
X 1648.719482422 1530.138671875 -339.132629395
X 3553.463623047 -507.509399414 -1394.166992188
X 6816.364746094 2369.264404297 4209.380371094
X 3857.985107422 5832.219726562 1080.364257812
X 250.838134766 -2375.404541016 76.389266968
X -5.436506271 -237.268615723 170.847061157
W -29.562723160 -194.530853271 159.229766846
X 132.812591553 -57.608570099 227.690551758
X -11948.735351562 10921.746093750 -3401.280517578
W 273.338623047 -130.215240479 11.569382668
X -273.020782471 670.954162598 2414.320068359
X 2637.031494141 5300.367187500 -305.574859619
X 141.842559814 -135.044403076 140.443481445
X 279.807281494 -257.961425781 265.560913086
X -11.531650543 -78.835067749 147.139968872
W 63.034408569 -227.507507324 296.464202881
X 116.943946838 18.883443832 99.787681580
W 69.250366211 -155.569137573 -10.067526817
X 199.114059448 -179.968338013 339.455688477
X 3617.408203125 -6414.226562500 -2750.414550781
X 284.078399658 1445.380859375 -899.931335449
X 64.434738159 -163.445709229 162.816253662
X 7692.070800781 12385.982421875 -3725.569580078
X 163.927169800 -21.746482849 57.801982880
X -321.335021973 -299.016021729 893.407409668
X 142.854629517 22.629652023 222.715499878
X 139.176132202 -196.917343140 203.147384644
X 212.562744141 -39.872787476 298.480163574
X 113.109176636 -192.681915283 73.192161560
X 292.117309570 -24.196153641 131.487487793
X -1933.817749023 7242.256835938 1751.167236328
X 155.994750977 -116.448120117 173.180633545
X 115.207702637 -168.532119751 137.644470215
W 96.019226074 -133.512619019 331.039764404
X 149.395477295 -134.390518188 133.993743896
X 9.729327202 -127.342674255 43.862174988
W 152.433380127 22.672149658 88.059005737
X 170.827636719 -109.337814331 5.250089169
X -15697.803710938 14356.201171875 3127.452636719
W 59.585479736 -66.201293945 290.136779785
X 39.122821808 -153.087707520 35.156101227
X 17795.144531250 8152.555175781 -361.777404785
X 4469.921386719 7680.980957031 7023.967773438
X 341.436889648 -100.667304993 190.546722412
