533

W 1359.421875000 283.372039795 -992.231018066
W 289.537170410 -8.262430191 6.472924232
W 74.944068909 -52.494800568 -29.549003601
W 120.431472778 91.473136902 118.439765930
W -0.903885603 -129.544265747 79.332794189
W -10.780809402 -96.544586182 98.804382324
W -946.467834473 795.816772461 101.526176453
W -1963.473876953 65.305023193 -4307.334472656
W 189.599166870 -3303.971679688 -31500.263671875
W -6.800173283 -41.600700378 136.525009155
W 264.128631592 -179.295288086 244.079666138
W 162.724609375 -85.324600220 117.516212463
W 86.676681519 73.485343933 164.497543335
W 678.411193848 179.194335938 479.999450684
W 306.298004150 -128.750549316 227.327957153
W 5329.429199219 -1233.055664062 11979.874023438
W 139.425643921 -73.135566711 -58.191051483
W 205.455139160 78.587951660 40.527732849
W 188.199783325 -203.097061157 -331.261016846
W 84.205520630 -189.855010986 244.098312378
W 185.154663086 573.207702637 337.624938965
W -9.234074593 -51.707305908 104.017585754
W 175.387969971 -61.643207550 -59.837375641
W 10149.569335938 7983.741210938 -333.771148682
W 146.108520508 -130.817260742 68.179023743
W 95.403877258 83.269050598 99.858634949
W 66.025817871 -163.491470337 -3.918530226
W 1674.296142578 130.972488403 491.949279785
W -1590.677978516 910.572265625 526.369873047
W -724.966613770 928.993835449 -3297.214111328
W 176.591629028 -251.051361084 193.996475220
W -5.432667732 -90.184020996 73.554893494
W -106.675575256 -134.266662598 158.109069824
W 81.542312622 53.424045563 43.601665497
W 14.957168579 -0.749759912 65.232933044
W 292.720214844 -14.770782471 214.246429443
W 251.243637085 183.239318848 605.457641602
W 286.747467041 -215.415481567 93.864524841
W -4.718662262 -56.856327057 169.763137817
W 604.704345703 -112.029373169 47.997509003
W 32.524364471 -42.885433197 231.264984131
W 260.203979492 -85.109596252 275.887817383
W 247.948532104 -180.172760010 244.870803833
W 126.675895691 48.099277496 -2.613006592
W -9222.203125000 3163.261230469 137.555679321
W 109.441246033 -156.148208618 279.047760010
W -26293.982421875 34718.371093750 22061.011718750
W 189.013687134 -256.387908936 76.681518555
W 196.827484131 -146.745803833 78.943138123
W 5632.990722656 2930.319824219 -255.119094849
W -1202.989135742 982.835754395 69.745277405
W 320.643096924 -119.733795166 208.615814209
W 293.839660645 -34.504688263 243.963638306
W 267.952148438 9.082118988 -3.558703184
W 157.259460449 -261.704193115 86.216499329
W 187.825134277 95.058639526 82.262969971
W 244.378845215 -213.231307983 226.308807373
W 295.468933105 46.318405151 107.464454651
W 1070.436889648 568.053161621 -443.028961182
W -36486.605468750 8988.647460938 -28125.509765625
W 265.518798828 -109.419204712 270.668975830
W 169.550964355 -92.173774719 -20.958595276
W 212.763977051 -56.931129456 56.715164185
W 224.284561157 58.987705231 17.076023102
W 302.416778564 38.314258575 137.212051392
W 83.569984436 28.809995651 235.584747314
W 152.443664551 -263.965820312 106.144493103
W 59.218086243 41.109573364 151.333175659
W 37.779098511 40.788051605 82.882392883
W -0.498886883 -15.415731430 134.532211304
W 17.484834671 -96.331626892 175.620346069
W -1433.160034180 1024.813110352 479.166900635
W 52.721866608 31.442583084 202.650161743
W 284.407806396 -210.989074707 72.146377563
W 283.588775635 43.455181122 53.762378693
W 312.051208496 -18.356643677 213.352233887
W 85.439002991 -142.166763306 273.481689453
W 127.101760864 -1.741405487 -37.835094452
W 89.214813232 -188.306854248 -1.612091780
W 189.918136597 -171.293334961 280.056243896
W 3212.260986328 -9983.855468750 18731.443359375
W -1639.771606445 -2072.392089844 -3883.271972656
W 221.188156128 -27.575294495 187.535354614
W 51.382221222 -197.273376465 45.319355011
W 194.080902100 -37.868888855 293.349822998
W 325.295074463 -26.505872726 47.612186432
W 11.948468208 -98.068313599 213.882614136
W 154.027374268 52.660491943 -5.510372639
W -395.305084229 -629.091003418 -1844.510131836
W 211.940643311 -3.420436382 -39.223587036
W 245.422180176 1.291777134 41.402336121
W 241.244644165 86.125762939 118.620033264
W 23623.330078125 -8054.835937500 -25668.562500000
W 14.700592041 -55.083320618 32.173274994
W 258.552764893 56.172241211 198.257720947
W -1.227944374 -46.578853607 67.427879333
W -10935.621093750 -44752.046875000 5713.054687500
W 251.809921265 -46.663764954 276.441284180
W 100.896560669 -20.308273315 -36.685279846
W -1867.047729492 566.015930176 458.710632324
W 313.987701416 -69.064598083 13.034485817
W 3286.995605469 -439.838775635 2457.024902344
W -4130.499023438 9089.246093750 9037.466796875
W 282.441864014 6.015467167 233.172790527
W 46.412876129 -58.948150635 255.824951172
W 1842.918457031 -2478.519287109 -2673.287353516
W 99.738014221 -19.503337860 43.431148529
W 170.346572876 60.657657623 231.659912109
W 304.992401123 -94.676856995 237.806594849
W 178.683944702 38.035907745 254.775207520
W 252.923202515 -36.691741943 150.861587524
W 59.426074982 46.287792206 187.659393311
W 319.757568359 -151.329162598 192.374649048
W 153.501266479 -35.022045135 163.267333984
W 177.529357910 97.088104248 149.382324219
W -36.504295349 -112.701309204 308.774719238
W 174.156753540 -123.540832520 297.311096191
W -839.582397461 -45769.386718750 -11197.273437500
W 239.586563110 59.123100281 208.093093872
W 166.449157715 -76.907844543 132.763137817
W 238.941162109 -165.496185303 267.880554199
W 156.054779053 -128.268493652 -54.093303680
W -379.957092285 2451.418212891 2994.167480469
W 302.190002441 -104.057609558 -0.941257536
W -31186.064453125 -24094.687500000 -27905.740234375
W 12.499938965 -153.216445923 61.209270477
W 61.365848541 59.767028809 159.429519653
W 71.582908630 -17.558712006 -19.083427429
W 347.347656250 -83.784934998 96.844223022
W 329.642486572 -164.498886108 113.256446838
W 101.466430664 -118.161781311 -43.983158112
W 161.729766846 -168.292388916 -38.106548309
W 49.179786682 -217.875991821 155.915618896
W 107.807235718 -228.444580078 215.799652100
W 37.865413666 -103.107513428 246.793731689
W -1983.616333008 -11485.428710938 3690.747070312
W 186.955490112 -8.302679062 283.526092529
W 213.369079590 88.758232117 74.011322021
W 7222.936035156 -6438.879394531 -1559.949218750
W 122.943794250 -250.869598389 68.958427429
W 217.530441284 -224.662536621 227.002059937
W 280.995361328 31.093172073 29.537292480
W 125.349250793 -94.448471069 299.454681396
W 145.051239014 84.985054016 51.035984039
W 249.147476196 -119.360023499 108.312805176
W 18463.751953125 -6283.614257812 -26900.064453125
W 122.880401611 -45.499290466 -51.584743500
W 190.096511841 149.679931641 -3185.012695312
W -10609.752929688 -2911.126464844 2621.428466797
W 169.190673828 -196.558456421 235.236831665
W -6881.513183594 -5142.477050781 -1177.552734375
W 299.124603271 -134.004394531 5.343112469
W 104.708290100 -244.485275269 178.179306030
W 2315.590087891 1986.540527344 496.549102783
W 222.274337769 -185.853469849 8.321894646
W 310.394226074 -185.394393921 165.946990967
W 33.231967926 -144.021087646 228.284622192
W 179.609893799 -88.603065491 301.750854492
W 31.935920715 -7.160546303 25.412658691
W 333.577972412 -70.336883545 47.254547119
W 201.577194214 -65.356681824 149.206710815
W -139.804733276 145.179687500 -199.509597778
W 151.243072510 -258.259429932 149.320800781
W 130.680847168 -214.665191650 4.356458664
W 256.032043457 -232.454040527 180.540679932
W 307.597595215 42.177204132 148.093444824
W 309.088012695 -195.423767090 139.268508911
W 316.351379395 21.202646255 99.279769897
W 295.612670898 -210.243820190 130.589431763
W 55.378204346 60.561515808 123.034278870
W 211.058013916 -252.656753540 172.890548706
W 89.156776428 55.420974731 207.141006470
W 343.618438721 -40.169063568 133.420455933
W 154.735809326 -183.120681763 275.518554688
W 77.790893555 -209.779434204 130.904602051
W 34.322826385 -18.382856369 227.817535400
W 497.940185547 190.134246826 449.554931641
W 102.781814575 -118.472702026 284.283569336
W 236.501678467 81.725921631 76.934417725
W 219.134109497 -257.789520264 115.504592896
W 147.170532227 -102.053604126 190.352539062
W 330.297454834 -50.441036224 196.047958374
W 0.703279495 -148.937347412 112.051956177
W 76.847534180 13.481916428 -5.144027233
W 203.672760010 -242.134445190 42.321998596
W 204.943817139 -171.072448730 -32.505390167
W 4111.101074219 9832.700195312 13296.947265625
W 151.184051514 -265.490844727 137.437347412
W -2477.905761719 -1795.538452148 -1556.132446289
W 8.613316536 -1.911582589 132.588012695
W 194.358062744 -109.946281433 -53.096599579
W 330.474487305 -156.746383667 147.135726929
W -1642.785156250 2041.029174805 1310.398559570
W 4293.098632812 -8633.690429688 -2379.944824219
W -18257.431640625 23206.316406250 18941.824218750
W 327.724334717 -6.645987511 78.436012268
W 101.093276978 -24.970619202 279.202026367
W -95.382514954 1560.699462891 1518.241699219
W 299.679992676 -205.790573120 105.410446167
W 332.791809082 -127.948898315 178.350463867
W 58.998264313 -24.416467667 42.879528046
W 167.292083740 -66.445129395 255.130249023
W 139.711456299 18.537509918 266.073028564
W 248.884094238 67.809066772 51.708694458
W 214.610305786 -8.504074097 278.543426514
W 263.501647949 -235.540023804 105.595848083
W 214.843582153 46.646831512 160.204544067
W 243.609268188 4.788321972 -22.056673050
W 132.691955566 -91.591445923 263.045959473
W 317.762847900 12.770575523 159.600128174
W 141.030670166 -156.768035889 287.001220703
W 111.562370300 -214.172973633 236.007995605
W 296.944213867 -72.732109070 247.374145508
W -464.361022949 -9036.118164062 -3960.530761719
W 316.429016113 -37.822528839 24.662706375
W 39.761699677 -209.788269043 137.037460327
W 149.781890869 -128.287963867 3.705383778
W -198.836578369 -172.763626099 -239.089172363
W 148.440353394 -90.713912964 16.146226883
W 162.674758911 -139.565475464 295.115722656
W 77.443122864 -87.596565247 279.102783203
W 4161.930664062 2050.448486328 189.764831543
W 197.682006836 -125.498786926 -54.089923859
W 142.098968506 -241.263977051 209.462356567
W 267.350952148 -184.791046143 9.002992630
W 86.048629761 -239.864135742 171.426254272
W 439.648773193 -538.742492676 85.639961243
W 169.505920410 -124.155281067 317.094360352
W 139.865097046 -564.966186523 203.809829712
W -3785.275146484 21148.787109375 -50227.203125000
W 320.360656738 -67.025840759 216.366256714
W 237.531127930 -35.882125854 -42.322086334
W 227.622009277 -49.762199402 287.317718506
W 180.270309448 -57.190776825 299.284912109
W 176.238693237 -153.312500000 111.552360535
W 154.092483521 -259.936340332 169.779617310
W 4.035059452 -101.100807190 47.833259583
W 66.218460083 -37.274196625 265.378448486
W 106.362342834 -58.489486694 84.670921326
W 107.135055542 68.141395569 35.051151276
W 304.376586914 -182.020736694 185.517715454
W 33.853988647 25.231666565 58.784645081
W 26.285778046 -188.349472046 165.675933838
W 75.398681641 -77.637931824 254.813354492
W 8.850349426 -20.411352158 182.578231812
W 50.825267792 -133.000686646 252.624862671
W 1933.287475586 383.505889893 -843.944458008
W 201.944931030 55.374179840 3.387256622
W 235.136016846 311.067108154 568.721252441
W 18.922113419 -19.846401215 37.745395660
W 33339.203125000 15367.053710938 3971.809326172
W 2354.392822266 -7462.608398438 -6637.944335938
W 5.722827435 -55.672489166 199.300659180
W 156.840606689 99.125381470 125.874206543
W 206.449813843 -244.818634033 196.457443237
W 76.843772888 36.334495544 14.436859131
W 312.078735352 -143.968780518 30.183227539
W 215.363906860 -134.804214478 288.470153809
W 25.078691483 -119.893867493 17.208684921
W 65.056968689 45.245319366 75.449295044
W 121.370475769 -238.962371826 43.880931854
W 191.941970825 -225.359115601 236.882125854
W -5473.819824219 138.923034668 3789.713867188
W 28.916521072 -187.894226074 72.786621094
W 340.210540771 -94.191970825 66.116195679
W 101.438667297 -123.830322266 51.717281342
W 113.598480225 1.036045790 272.235168457
W 331.865539551 -0.500754178 119.165214539
W 99.398712158 -215.748672485 20.491140366
W 47.514587402 -67.684768677 -14.314188957
W 154.338790894 -146.782196045 -9.089570999
W 89.596694946 -246.245590210 100.294380188
W 92.783012390 -235.157806396 58.776721954
W 53.419296265 18.294963837 20.686439514
W 325.772094727 -4.866070747 126.917640686
W -3149.417968750 -15549.266601562 8065.078125000
W 82.223342896 -9.742532730 263.087829590
W 31.717271805 -168.830169678 207.005889893
W 170.620147705 -75.796806335 123.663848877
W 341.782287598 -60.058303833 88.465957642
W 2501.663818359 10717.347656250 7050.842285156
W 227.222824097 130.436996460 542.883789062
W 5.994303226 -138.264328003 181.641036987
W 245.905105591 34.219398499 1.225385070
W 253.360412598 -146.684936523 -27.513469696
W 14.487999916 3.471781969 165.466888428
W 148.818847656 -49.247512817 297.922973633
W 255.556365967 -10.522819519 245.195526123
W 191.141281128 -70.969001770 45.265201569
W 4022.985839844 -339.664093018 203.650924683
W 70.108123779 -233.252807617 91.188514709
W 611.777526855 -795.204284668 37.515781403
W 40.549385071 -170.783462524 28.525028229
W 159.089004517 -31.786352158 -53.922122955
W 2637.091064453 -418.728790283 2288.644042969
W 49.612293243 -221.635986328 116.343215942
W 219.279571533 -198.686462402 253.800247192
W 136.278411865 -213.455200195 248.477142334
W 240.071670532 -79.793403625 -45.489597321
W 171.165802002 23.101446152 -30.674835205
W -5.179286003 -110.932617188 167.990783691
W 22.806116104 21.690034866 152.368072510
W -787.096130371 -156.170394897 -168.226684570
W 265.046630859 -120.273422241 -24.727293015
W 1457.531738281 111.292221069 978.519714355
W -11.892274857 -70.093002319 130.358367920
W -16919.919921875 -24780.335937500 19142.156250000
W 292.694549561 -225.937652588 518.759765625
W 278.893554688 -219.626251221 168.757781982
W 158.100357056 75.235076904 27.398447037
W -3486.395263672 -8675.840820312 -6255.344726562
W 218.458938599 -151.000778198 180.769943237
W 1386.890991211 -392.191680908 1423.604492188
W 23.801759720 -171.569747925 184.756240845
W 340.691772461 -125.269927979 147.343719482
W -10.033167839 -82.773208618 153.343170166
W 340.536926270 -89.064170837 172.126419067
W 182.053741455 -188.993408203 -22.855581284
W 63.301780701 -128.015396118 -18.749742508
W 274.222961426 -47.297355652 263.238220215
W 341.764190674 -121.435760498 89.707504272
W 110.682312012 -257.224822998 122.265174866
W 212.970794678 -165.133682251 277.690673828
W 169.755310059 -237.830902100 33.180110931
W 323.081512451 -95.884323120 27.055044174
W 130.441452026 -200.662796021 112.040374756
W 65.792556763 64.909446716 84.093315125
W 312.052764893 8.640335083 53.967605591
W 149.849166870 42.546295166 192.612106323
W 248.474044800 -226.462722778 49.263225555
W 166.200942993 -145.825469971 267.926025391
W 276.982238770 -18.652629852 171.329513550
W 174.139709473 -215.225234985 245.110778809
W 71.185752869 -203.970626831 31.145799637
W 232.346405029 -249.431945801 90.578247070
W 175.997329712 -89.556602478 -61.244136810
W 88.376655579 -50.000503540 -40.166885376
W 0.123349786 -67.335090637 54.507900238
W -1968.759399414 614.041809082 399.637237549
W 217.801834106 50.255035400 233.656860352
W 267.210906982 -212.112487793 33.399478912
W 69.417121887 -226.793411255 172.504928589
W 19.681371689 -94.793365479 18.125688553
W 164.575866699 -251.496765137 54.213684082
W -3039.405517578 4473.132812500 8529.074218750
W 139.179199219 35.672592163 254.142852783
W -11594.697265625 32509.183593750 -2858.798828125
W 223.812606812 -144.713851929 -41.060482025
W -2.113752604 -29.499534607 87.494621277
W 38.633983612 40.592483521 119.302108765
W 306.083343506 -169.452651978 106.100280762
W 170.528625488 -81.934753418 156.739654541
W 214.762832642 28.897089005 -19.272977829
W 14.879678726 -45.230712891 210.754394531
W 11577.869140625 4254.364257812 -7176.228027344
W 185.682022095 -264.750396729 123.408531189
W 72.723564148 -105.047340393 -30.876611710
W 242.005874634 -125.703178406 280.595031738
W 337.756164551 -35.611274719 77.568099976
W 276.558532715 36.630844116 205.957763672
W 118.364997864 84.137741089 171.268661499
W 128.618377686 -156.349456787 -39.351902008
W 1339.987548828 -3783.080566406 -1957.601074219
W 232.244323730 424.321044922 477.572265625
W 159.526641846 -228.925323486 14.621626854
W 168.485733032 -205.094497681 -12.684762955
W 18.595399857 -171.027587891 90.773605347
W 181.836212158 92.339134216 170.109191895
W 270.378784180 67.627151489 145.459136963
W 228.782562256 -196.390106201 -7.166486263
W 68.966659546 49.903957367 37.936607361
W 205.678070068 0.821476161 107.097099304
W 244.565872192 -247.996002197 134.486312866
W 53.224033356 -180.518753052 224.426513672
W 116.080619812 70.364585876 202.966873169
W 6870.888671875 -8171.927246094 -829.242980957
W 261.081085205 -227.976394653 146.305130005
W 41.129138947 10.335728645 214.233901978
W -866.275451660 -29.053186417 -4103.727539062
W 176.639266968 80.020141602 203.169357300
W 330.361816406 -148.582672119 77.601242065
W 224.081024170 78.323081970 187.953018188
W 198.209762573 -194.498977661 23.868812561
W -12456.684570312 9692.159179688 -13598.859375000
W 61.351680756 -98.642311096 270.279602051
W 225.616119385 6.627599716 266.878997803
W 10.945919037 -120.613525391 205.072555542
W 170.768005371 98.517074585 96.613418579
W 102.337196350 81.602630615 73.716423035
W 212.260559082 -34.526287079 -50.149147034
W -11672.422851562 5442.044433594 -10094.822265625
W 90.815795898 81.696769714 130.114074707
W 53.368965149 -215.311172485 75.412467957
W 100.779098511 -80.100761414 291.608245850
W 270.987182617 -143.864730835 257.726776123
W -928.791809082 -414.961425781 272.132202148
W 202.038101196 96.746490479 118.796089172
W 315.836303711 -166.457397461 59.165645599
W 173.821075439 -173.223220825 18.604131699
W 301.455413818 -166.881439209 210.606872559
W 286.782165527 47.173900604 168.160598755
W 22.495731354 -78.317268372 230.399459839
W 248.572097778 -110.351051331 -41.592334747
W 291.833618164 -194.135391235 51.532318115
W 21698.849609375 -26361.167968750 33482.257812500
W 2872.937988281 -1992.350952148 1406.789184570
W -11394.508789062 1322.555908203 6810.544921875
W 4022.186767578 -10256.466796875 -2267.525634766
W 250.698654175 53.136993408 27.057239532
W 237.218292236 -243.804916382 173.525619507
W 9.869011879 -164.119140625 155.267105103
W 109.896736145 43.016418457 236.656784058
W 329.591827393 -21.184251785 177.425643921
W 71.985443115 -154.241851807 215.016021729
W 120.775642395 -254.709152222 165.927398682
W 46.883659363 -19.288993835 -0.079316616
W 278.116943359 -30.804780960 217.644119263
W 255.018539429 6.789741516 253.703903198
W -9478.552734375 5954.432128906 -363.912170410
W 105.435043335 37.618423462 -3.351160288
W 222.052505493 -73.205856323 -53.920169830
W 44.448829651 -1.000892043 209.040191650
W 233.248168945 -241.219543457 63.766723633
W 242.410812378 111.179809570 593.208007812
W 242.434692383 79.940917969 141.278778076
W 273.714111328 -87.289756775 -28.559574127
W 133.273773193 93.693435669 147.331115723
W -96.618019104 2165.443603516 -518.466003418
W 2328.143310547 2926.118652344 674.139465332
W 227.858825684 -77.898284912 290.410186768
W 111.498687744 -117.929031372 179.178131104
W 122.028419495 17.609468460 -26.083723068
W 17290.707031250 33602.312500000 16013.046875000
W 293.510253906 -31.604948044 -1.902696013
W 118.572204590 -186.225982666 -17.315942764
W 145.310424805 95.525222778 97.437187195
W -1080.492797852 -55.405590057 544.716003418
W 396.522277832 -185.632278442 331.165618896
W 276.077301025 -207.333282471 199.695739746
W 157.317916870 13.749781609 43.977142334
W 1476.040649414 2251.518554688 -336.261505127
W 330.216583252 -91.320541382 199.615371704
W 327.611480713 -124.034980774 46.917350769
W 24.198749542 885.807495117 1947.760986328
W -1581.742065430 1870.279541016 3798.889160156
W 246.816070557 -134.373214722 4.952651024
W 151.677673340 -6.180385590 -45.131320953
W 23.973968506 -140.065200806 29.009639740
W 22.089483261 -188.859191895 103.891822815
W 221.865310669 90.383262634 149.743728638
W 122.934791565 -130.804138184 -37.013481140
W 237.371017456 44.985836029 170.998886108
W 211.566055298 -222.994262695 15.278169632
W 388.889770508 43.602935791 -75.546554565
W 346.810577393 -53.740619659 111.631492615
W 173.679550171 -29.264953613 174.837478638
W 161.043441772 -352.654388428 241.041183472
W -264.264709473 -873.842468262 -1567.096069336
W -2831.107910156 26016.406250000 -33237.609375000
W 59.814605713 -201.272445679 210.627334595
W -4950.408203125 -8577.512695312 -422.715789795
W 295.960021973 4.650722980 25.522542953
W 120.295265198 -49.110206604 142.195159912
W 288.200195312 -118.165100098 251.085037231
W 109.566146851 -180.941284180 265.095947266
W 12959.208984375 -791.428710938 -3225.264648438
W 68.725845337 -137.509887695 61.028881073
W 146.323242188 -102.460914612 300.589782715
W 264.127624512 -201.107971191 25.315645218
W 262.143859863 73.651123047 98.194946289
W 7934.993164062 9101.335937500 17354.144531250
W 75.100051880 -219.144165039 200.349380493
W 346.067352295 -82.128288269 149.145370483
W 270.821502686 -158.026153564 -9.428911209
W 347.501190186 -99.833145142 128.655410767
W 117.226081848 -22.607679367 166.983505249
W 28.353090286 34.845474243 127.610054016
W -2307.485351562 2217.647216797 1622.794189453
W 282.033721924 -72.674911499 -19.668384552
W 338.806304932 -141.010253906 113.007598877
W -8539.879882812 -3228.718994141 7663.590820312
W 207.403900146 -259.542449951 146.270553589
W 158.959976196 6.449527264 277.204895020
W -2337.523193359 220.809249878 3861.575927734
W 289.208251953 -174.809906006 29.937175751
W 257.549346924 -190.133407593 205.892929077
W -19321.341796875 6076.458007812 3863.961669922
W 303.380615234 14.455096245 195.815460205
W 126.685134888 -99.494453430 -55.314586639
W 271.233917236 58.425731659 82.336746216
W 300.894958496 -82.849517822 63.648273468
W 921.937988281 213.023605347 598.947265625
W 78.011001587 -227.016815186 86.431610107
W 187.869583130 -213.579544067 91.006790161
W 6.955762863 -165.753646851 127.814254761
W -7.775595188 -123.999198914 117.111198425
W 135.424453735 61.898296356 224.653411865
W -8140.883789062 7414.385742188 -2210.342529297
W 283.482910156 -50.538661957 -17.407011032
W 137.507003784 -20.219268799 287.489349365
W 98.320724487 -231.057403564 119.459304810
W 152.517349243 37.234878540 -7.418019295
W 282.413665771 -178.642471313 226.227340698
W 9.015281677 2.118716955 97.282371521
W 67.793609619 -160.933761597 252.867935181
W 124.508964539 84.652420044 60.426280975
W 83.868560791 -80.652702332 -40.063056946
W 210.864318848 -102.333740234 295.554229736
W 339.365325928 -397.307281494 -25.379678726
W 163.481475830 -238.362640381 219.711349487
W -8.500263214 -114.927581787 138.826660156
W 4843.710937500 7589.744628906 -2183.196289062
W 179.436187744 60.847663879 6.094277382
W 259.632019043 -31.061859131 -28.451709747
W 147.969970703 86.057289124 184.359817505
W 151.703613281 -200.571929932 261.536712646
W 216.710144043 31.282426834 252.412155151
W 92.962905884 -150.931930542 -27.751888275
W 295.092041016 43.532806396 80.677558899
W 21.548320770 419.599212646 263.242736816
W 199.591232300 72.835136414 206.039413452
W 44.891613007 -156.032150269 13.729499817
W 105.329574585 -54.289379120 290.162322998
W 197.752578735 13.777009964 -29.159822464
W 26.566093445 -54.086151123 9.835516930
W 173.537322998 86.772972107 50.193645477
W 184.532012939 -28.583541870 -52.692199707
W -12910.797851562 11804.548828125 2635.105957031
W 66.989723206 4.681363106 243.300262451
W 40.108142853 -89.194602966 -6.149110794
W 13727.628906250 6262.707519531 -225.224914551
W 1874.885009766 3037.280517578 2907.755126953
W 339.123260498 -35.147949219 158.032806396
