533

A 276.495391846 -39.444713593 99.138725281
A 74.634193420 -137.503295898 297.109191895
A 243.037139893 -105.970466614 323.274169922
A 199.325927734 -219.387573242 202.597030640
A 306.278533936 -31.044782639 235.846755981
A 317.555480957 -71.847373962 212.437286377
A 229.428558350 -160.280410767 227.094589233
A 225.172332764 -80.080879211 322.321594238
A 242.307800293 -3634.104248047 -34651.871093750
A 314.684539795 -101.544815063 192.894638062
A 86.669281006 0.732535303 92.441040039
A 231.507888794 -57.440265656 286.564971924
A 227.009613037 -204.258605957 158.263000488
A 284.223907471 -20.223497391 274.968505859
A 49.977954865 -34.183502197 110.502265930
A 2383.390869141 -549.350402832 5259.336914062
A 186.180175781 -97.755516052 343.859039307
A 136.604934692 -202.802764893 265.899932861
A 70.491050720 -125.850517273 205.483703613
A 230.430923462 16.265926361 94.738853455
A 169.750183105 69.486145020 238.584869385
A 312.057769775 -100.348052979 217.803649902
A 159.003097534 -100.260025024 344.997009277
A 4340.108886719 3274.261962891 3.153820276
A 216.576049805 25.793710709 297.620056152
A 222.365325928 -211.766281128 219.114410400
A 246.128570557 -5.704596043 304.872772217
A 312.678619385 -51.709980011 232.763793945
A 296.920745850 -142.392318726 172.279129028
A 137.701187134 -39.428184509 71.505134583
A 152.041549683 64.767799377 136.898742676
A 311.149566650 -75.255424500 238.865844727
A 311.555877686 -41.505081177 169.432678223
A 230.216888428 -193.201354980 260.597290039
A 293.415374756 -141.573974609 237.945861816
A 62.872604370 -137.162628174 107.926971436
A 183.278350830 -2.759135485 327.210205078
A 73.436767578 40.633266449 210.734558105
A 308.993621826 -94.651939392 152.286224365
A 24.236867905 -76.351547241 228.155685425
A 275.383422852 -103.892501831 96.600845337
A 88.834442139 -73.354629517 67.132064819
A 106.036125183 11.176692009 87.048355103
A 203.263168335 -183.947586060 293.795043945
A -810.210693359 272.307922363 205.008529663
A 215.942016602 -10.289766312 69.556617737
A -33387.085937500 44112.511718750 28036.244140625
A 147.857635498 68.547065735 234.988220215
A 105.389556885 38.957321167 272.684112549
A 102.224861145 -112.356712341 201.993194580
A 47.080978394 15.386991501 192.444580078
A 36.409049988 -44.047962189 129.149856567
A 66.379379272 -107.583808899 87.108985901
A 93.243568420 -151.367797852 302.051147461
A 182.068588257 72.307395935 221.622787476
A 150.616989136 -219.288818359 229.990859985
A 107.820480347 36.943641663 114.184158325
A 66.570022583 -185.841247559 207.300857544
A 55.942832947 -153.252395630 258.909423828
A -45903.777343750 11320.891601562 -35395.718750000
A 84.779777527 -52.001773834 70.796188354
A 167.581726074 -70.413513184 347.560455322
A 87.918746948 -126.889457703 311.450653076
A 125.321685791 -190.872680664 281.192047119
A 52.907516479 -173.550750732 193.248367310
A 235.051284790 -159.223922729 93.144340515
A 181.180984497 75.890625000 203.202590942
A 267.015747070 -183.617904663 172.043182373
A 273.328765869 -174.386428833 227.956024170
A 305.212188721 -130.913284302 197.131881714
A 303.216186523 -60.365600586 134.523101807
A 273.585540771 -121.294265747 154.995300293
A 260.614105225 -165.412048340 124.200820923
A 64.646492004 29.246482849 232.877868652
A 74.788856506 -180.517227173 252.683380127
A 40.883457184 -112.241981506 124.164505005
A 235.503875732 -26.563447952 72.264648438
A 198.623214722 -140.442367554 327.995880127
A 238.448089600 14.435504913 295.719573975
A 149.071456909 9.986717224 71.072959900
A 2828.357910156 -8658.263671875 16278.406250000
A 224.918090820 -9.034298897 318.318023682
A 96.804107666 -162.535705566 98.926940918
A 262.788116455 29.162136078 251.687774658
A 139.660079956 -115.571884155 54.219234467
A 35.789859772 -122.449760437 252.081512451
A 292.868835449 -61.562240601 114.884033203
A 172.112991333 -180.348068237 301.797821045
A 210.481689453 -30.618461609 334.644805908
A 131.625808716 -141.368530273 326.589416504
A 90.720520020 -168.245391846 284.734771729
A 112.701835632 -212.619216919 198.340332031
A 27276.001953125 -9298.836914062 -29630.507812500
A 293.939361572 -97.846084595 272.324920654
A 95.604919434 -187.822036743 130.432617188
A 306.070831299 -107.694999695 238.998489380
A -13694.524414062 -56130.730468750 7174.899414062
A 98.181999207 -106.632476807 65.744338989
A 217.797653198 -132.102691650 326.008972168
A 306.642974854 -117.705314636 161.897476196
A 49.936229706 -84.116668701 290.073242188
A 45.114910126 -60.837490082 112.508712769
A -1828.002685547 4207.169921875 4341.681640625
A 80.144294739 -151.050888062 101.384277344
A 263.089874268 -95.099067688 84.188880920
A 109.757667542 15.950145721 289.297973633
A 243.847290039 -154.033401489 295.697998047
A 153.881561279 -193.382354736 106.800643921
A 52.056724548 -64.160110474 96.395156860
A 151.962524414 -167.412063599 80.356674194
A 31.851003647 -133.450027466 162.393768311
A 249.180038452 -187.354263306 144.821975708
A 38.508983612 -16.058267593 142.312286377
A 202.396911621 -184.668685913 101.159736633
A 159.266021729 -224.178329468 173.084823608
A 276.921539307 -62.978668213 95.812248230
A 146.902969360 -36.437538147 50.503601074
A -1056.692993164 -57643.835937500 -14071.262695312
A 110.622291565 -187.685852051 117.923843384
A 192.510726929 -114.668853760 72.044006348
A 104.636940002 -9.601870537 74.968414307
A 164.017211914 -47.391845703 344.725128174
A 190.624298096 -161.839675903 100.094161987
A 57.412521362 -56.291576385 299.386871338
A -39526.468750000 -30554.072265625 -35374.101562500
A 298.513305664 -12.577066422 239.538253784
A 249.474014282 -193.891067505 164.646377563
A 240.874908447 -130.766418457 314.166381836
A 16.957353592 -69.624649048 208.587387085
A 32.822101593 -7.825517178 193.652725220
A 229.549728394 -55.600551605 332.777191162
A 153.196243286 -4.972428322 328.916229248
A 264.480407715 33.514804840 158.796951294
A 215.170532227 44.881141663 117.444473267
A 264.396514893 -59.348861694 83.755027771
A -581.745666504 -4111.778320312 1438.947631836
A 146.864181519 -137.744079590 59.980873108
A 134.899993896 -215.694778442 239.784530640
A 650.070495605 -523.341796875 74.378555298
A 204.301513672 64.593482971 233.108901978
A 122.262336731 44.472106934 112.727935791
A 78.021438599 -170.128372192 268.537750244
A 203.705673218 -56.606769562 50.271972656
A 183.374481201 -214.659927368 255.105972290
A 30.321640015 -17.194318771 215.161987305
A 20752.580078125 -7061.120117188 -30157.478515625
A 201.220794678 -111.896881104 337.166076660
A 184.055541992 -98.183914185 186.882598877
A -2817.309814453 -839.475646973 896.594909668
A 164.974563599 27.345697403 85.930305481
A 63.540096283 -149.376419067 178.007278442
A 56.933612823 -34.534961700 291.706634521
A 212.800201416 56.934810638 139.630264282
A 66.375663757 -179.685546875 177.365722656
A 107.862457275 21.859560013 297.617126465
A 46.564807892 6.882822037 159.424774170
A 278.736022949 -21.625139236 112.333061218
A 149.713806152 -71.672012329 45.140155792
A 270.176025391 -147.254028320 277.996520996
A 29.011829376 -90.122085571 253.397933960
A 49.188846588 -126.133102417 121.575172424
A 59.921382904 -17.788848877 118.175193787
A 176.395782471 73.444656372 165.836730957
A 197.465667725 40.045875549 288.749877930
A 95.419303894 45.410655975 143.858978271
A 57.957515717 -173.451354980 163.970581055
A 51.714653015 18.055337906 173.136489868
A 44.386566162 -159.302337646 216.394180298
A 68.318778992 37.374324799 180.556579590
A 255.454498291 -193.876022339 203.732955933
A 131.863830566 63.890502930 151.170837402
A 230.932067871 -190.393966675 125.931938171
A 21.339824677 -107.841026306 185.221145630
A 180.971893311 8.466188431 71.130783081
A 253.110046387 48.351028442 183.299285889
A 267.796722412 -125.604980469 97.912933350
A 265.587066650 2.218133211 279.629699707
A 223.181427002 -43.977085114 60.261978149
A 114.115966797 -208.271728516 238.622817993
A 120.192306519 67.179466248 191.517044067
A 207.017272949 -31.929176331 59.628093719
A 30.531366348 -92.255584717 136.104324341
A 304.552886963 -13.187159538 207.015045166
A 230.402374268 -150.920272827 308.426086426
A 135.507202148 57.982582092 257.178466797
A 127.416793823 -9.021568298 327.041900635
A 2887.679199219 6733.945312500 9217.212890625
A 180.719284058 74.601913452 182.827804565
A 64.001464844 -152.552841187 122.787292480
A 294.961486816 -151.860504150 197.462142944
A 134.889694214 -57.876846313 343.189392090
A 32.527027130 -13.041205406 169.075668335
A 262.886199951 -174.079208374 142.038848877
A 557.957885742 -880.757324219 -41.630641937
A -20898.601562500 26607.291015625 21721.162109375
A 33.695308685 -134.646469116 227.952545166
A 223.603958130 -118.978721619 63.428886414
A 176.861724854 -184.826675415 94.957580566
A 55.601936340 25.089000702 209.381423950
A 29.441314697 -36.721870422 149.131912231
A 275.791320801 -128.280868530 284.822784424
A 170.702682495 -95.740074158 48.030502319
A 193.659866333 -153.374816895 69.982040405
A 103.744895935 -196.425613403 255.857879639
A 123.758178711 -130.780136108 65.292098999
A 87.748542786 50.694194794 201.500396729
A 120.904083252 -211.891067505 156.813049316
A 113.133956909 -146.680709839 315.685333252
A 203.996978760 -75.763961792 51.916614532
A 40.657295227 -153.225845337 170.383804321
A 195.462692261 -8.921776772 63.201213837
A 215.809188843 31.471906662 100.644737244
A 63.465606689 -76.068687439 85.711868286
A 117.989715576 -949.237182617 -199.868637085
A 45.626319885 -111.425872803 278.698608398
A 277.910156250 27.567735672 180.337554932
A 182.935943604 -38.934978485 341.829040527
A 61.811214447 -92.878524780 93.264465332
A 192.707061768 -80.195304871 343.762359619
A 178.570846558 -23.396848679 53.421306610
A 236.345977783 -69.131217957 64.628616333
A 283.762115479 -13.486276627 189.928466797
A 138.351852417 -39.528862000 340.830932617
A 194.648849487 53.511333466 120.775314331
A 79.174339294 1.572792768 292.810516357
A 229.239685059 56.341571808 151.886276245
A 220.430618286 -209.582077026 180.643157959
A 168.179489136 -43.065124512 49.292068481
A 152.930099487 -212.846511841 195.663543701
A -4938.549804688 27609.736328125 -65552.757812500
A 40.447151184 -87.064216614 115.222801208
A 110.145881653 -116.480255127 330.042022705
A 115.620285034 -104.783859253 58.053592682
A 149.753189087 -102.131004333 49.499492645
A 149.326187134 74.425323486 198.890777588
A 176.291000366 68.446685791 149.697875977
A 303.967407227 -58.580474854 258.052795410
A 247.856369019 -110.880416870 76.191162109
A 285.034576416 -130.525268555 266.315856934
A 209.764816284 -196.716720581 271.514648438
A 55.288597107 11.136483192 141.544616699
A 269.630218506 -169.462005615 251.695281982
A 279.714111328 18.464967728 156.261978149
A 249.886581421 -84.678085327 71.930747986
A 295.410064697 -122.891639709 136.679443359
A 255.327072144 -32.162231445 82.201705933
A 36.712905884 -102.391181946 265.268218994
A 139.902206421 -182.064941406 298.302703857
A 185.103103638 22.702310562 308.452026367
A 294.959289551 -120.084312439 258.653320312
A 38904.460937500 17933.714843750 4666.166503906
A 495.131530762 -1168.583862305 -777.257385254
A 299.362670898 -93.598976135 128.442947388
A 174.405776978 -223.823028564 192.580245972
A 130.451553345 55.904972076 130.788787842
A 231.391143799 -176.024887085 285.594146729
A 46.221416473 -23.969587326 270.551727295
A 121.746322632 -31.936054230 56.792961121
A 280.724304199 -47.226074219 289.842834473
A 253.552612305 -188.128509521 242.249038696
A 205.048156738 57.071804047 255.937942505
A 141.615676880 43.421691895 104.241310120
A 40.728710175 -69.588050842 276.606231689
A 281.073059082 16.530199051 232.605163574
A 24.008956909 -56.453979492 238.035049438
A 264.977783203 -30.436727524 302.534118652
A 215.231414795 -144.443176270 72.395637512
A 32.213787079 -140.250534058 205.818359375
A 224.660293579 43.619846344 272.580169678
A 263.682312012 -88.529113770 311.648681641
A 172.752014160 -14.285592079 335.829589844
A 226.978408813 62.160392761 216.772994995
A 227.700759888 53.430999756 248.143524170
A 256.417877197 -162.643783569 280.559478760
A 28.942260742 -132.709716797 188.709640503
A -2210.581787109 -11281.947265625 5922.955566406
A 235.702194214 -133.401458740 77.881721497
A 277.620483398 -1.284010530 124.674423218
A 89.728111267 -182.203262329 228.316314697
A 19.895856857 -97.266860962 221.510223389
A 1176.202270508 4582.944824219 3192.983398438
A 168.334213257 28.830371857 150.897247314
A 296.952178955 -20.423875809 142.152770996
A 110.899604797 -170.433563232 297.513275146
A 97.533607483 -21.683847427 321.429443359
A 291.537750244 -146.650772095 154.520782471
A 189.271362305 -102.928710938 49.860961914
A 92.004798889 -129.260131836 78.782485962
A 123.103469849 -101.824798584 338.023895264
A 25.777862549 -61.589576721 185.147583008
A 251.599029541 50.182392120 213.129776001
A 244.559707642 -201.314956665 187.475952148
A 271.400268555 9.620171547 265.493896484
A 175.890731812 -119.011199951 338.407623291
A 130.439483643 -72.316223145 135.249282837
A 266.029388428 37.887954712 201.817993164
A 127.409156799 23.283895493 89.257637024
A 194.227905273 35.526126862 96.757049561
A 104.697242737 -79.724716187 333.297393799
A 164.900558472 -157.176147461 321.329772949
A 305.910430908 -43.463260651 151.131164551
A 280.760742188 -167.303176880 170.464508057
A 306.522796631 -56.686885834 212.546295166
A 81.040855408 -47.814678192 317.061340332
A 294.489654541 -60.771415710 275.002105713
A 317.310577393 -80.967323303 193.494186401
A -19447.591796875 -28558.572265625 22063.945312500
A 137.688186646 -2.523670912 71.180763245
A 74.389923096 36.824131012 157.542877197
A 173.033828735 -201.884628296 274.522583008
A -786.827636719 -2389.061035156 -1501.537963867
A 95.731735229 24.235139847 108.403320312
A 262.581787109 -106.068038940 306.700225830
A 284.118255615 3.727715731 141.553375244
A 24.057512283 -37.616210938 170.131393433
A 313.927825928 -75.613731384 168.629211426
A 22.221193314 -67.064704895 153.354919434
A 145.092132568 12.857918739 316.680694580
A 255.793182373 -43.894340515 314.836914062
A 83.414146423 -99.822784424 73.821235657
A 22.587127686 -42.612083435 221.330459595
A 208.773483276 69.335212708 182.223587036
A 125.148834229 -4.641169071 67.843482971
A 157.089859009 55.758201599 268.053802490
A 42.880867004 -52.941112518 277.649108887
A 207.013580322 69.644813538 205.343399048
A 243.176940918 -199.800598145 228.048324585
A 46.239723206 -149.345306396 242.826614380
A 176.257156372 -207.352005005 130.432266235
A 98.454605103 48.204841614 249.782302856
A 163.902481079 -8.237905502 58.710777283
A 44.919826508 -144.243515015 143.702056885
A 156.027755737 36.490047455 95.668464661
A 246.300598145 31.786569595 269.806823730
A 103.764686584 62.088581085 211.636398315
A 150.011032104 -76.901985168 346.563262939
A 223.812210083 -107.440689087 333.016143799
A 304.828887939 -87.378135681 254.330978394
A 309.066406250 -112.315406799 180.219345093
A 120.979965210 -180.922515869 104.366729736
A 79.616600037 30.886398315 261.136840820
A 250.478195190 40.142639160 146.924880981
A 287.994598389 -75.568969727 285.340179443
A 174.894104004 64.413696289 254.139328003
A -227.229980469 491.647583008 1212.664550781
A 184.822570801 -170.282592773 80.700737000
A -13219.108398438 37088.312500000 -3216.074951172
A 117.075973511 -31.533103943 332.323059082
A 305.467620850 -122.002609253 224.656387329
A 271.522705078 -180.718750000 207.471862793
A 42.452648163 6.143018246 216.891342163
A 161.792648315 -69.990394592 48.918033600
A 131.266113281 -166.123947144 309.834899902
A 289.818817139 -107.132347107 116.233222961
A 6180.394042969 2192.022216797 -3616.464355469
A 150.928787231 74.760452271 182.035186768
A 250.787597656 -61.677165985 322.406127930
A 100.646881104 -39.761310577 64.633789062
A 25.445100784 -115.052642822 226.705123901
A 82.104087830 -172.733764648 123.072402954
A 202.699371338 -214.502304077 157.664779663
A 203.391723633 -7.263031960 326.386566162
A 207.656402588 -197.103088379 126.446853638
A 186.761062622 52.086265564 272.508148193
A 168.620712280 45.943149567 284.444976807
A 168.797958374 32.766819000 301.301849365
A 294.198852539 4.293884754 220.558792114
A 152.268554688 -217.516052246 154.515548706
A 84.669029236 -198.080856323 177.719604492
A 114.524261475 8.212513924 312.162750244
A 248.327865601 -180.957427979 265.167999268
A 110.420730591 -210.269943237 219.773834229
A 102.276191711 60.027610779 179.910049438
A 255.707229614 14.735449791 113.718299866
A 210.794189453 -206.198638916 138.353393555
A 1391.640502930 -1564.718139648 1.105049610
A 86.958358765 49.097900391 173.322402954
A 262.885162354 -148.432846069 110.569076538
A 128.866210938 -80.925514221 51.359943390
A 153.897460938 -208.572052002 132.057159424
A 32.611179352 -20.724433899 237.548233032
A 123.288299561 -204.930770874 137.664947510
A 136.308441162 38.299064636 290.659576416
A -10629.904296875 8291.665039062 -11556.990234375
A 249.700714111 -55.426017761 71.844879150
A 120.368400574 -148.160949707 73.592018127
A 292.473968506 -35.774284363 122.866142273
A 164.503952026 -223.096481323 216.242477417
A 221.505096436 -208.024353027 238.698669434
A 135.905227661 -117.517906189 337.633148193
A -7730.625488281 3633.177490234 -6620.834960938
A 225.105285645 -213.153137207 194.462066650
A 265.176727295 34.361545563 230.521545410
A 225.014587402 -83.143318176 58.339569092
A 83.872596741 -22.331743240 81.423645020
A 306.708465576 -20.133089066 174.370422363
A 137.993331909 -222.294692993 199.445999146
A 43.029937744 -5.199452400 247.316787720
A 149.002029419 27.091529846 305.423217773
A 53.145126343 -3.025485039 125.105987549
A 75.774887085 -185.209197998 151.397491455
A 284.808715820 -82.811241150 102.958084106
A 105.201004028 -54.086105347 332.483337402
A 55.884674072 12.445722580 248.417816162
A 27414.867187500 -33311.746093750 42310.929687500
A 281.238861084 -154.972763062 248.087600708
A -5140.688476562 591.327941895 3254.567871094
A 1142.503417969 -2618.876220703 -413.779632568
A 105.223320007 -185.886825562 273.846984863
A 109.120399475 57.215934753 151.218963623
A 295.856994629 -2.267534971 162.067855835
A 218.644149780 -171.800949097 95.255928040
A 30.143341064 -115.775390625 147.847625732
A 253.854553223 3.191064835 100.241897583
A 204.670928955 66.984504700 156.637847900
A 261.301849365 -127.892318726 301.644317627
A 64.814117432 -121.476158142 96.689903259
A 101.933609009 -149.077957153 83.890235901
A -2495.307861328 1598.618164062 71.701179504
A 215.153549194 -171.748870850 300.538024902
A 126.373161316 -81.681335449 341.467193604
A 279.093902588 -134.184432983 118.102256775
A 115.602333069 58.396675110 241.037933350
A 164.771652222 -19.119874954 328.338806152
A 103.330711365 -208.823760986 178.019348145
A 82.701202393 -71.571670532 324.271026611
A 189.836883545 -219.928894043 175.662567139
A 183.451232910 -203.744003296 247.065826416
A 228.642883301 2.102673769 198.304962158
A 106.680259705 -77.576553345 57.039978027
A 261.382568359 -13.809343338 97.317367554
A 202.460403442 -157.812713623 316.570373535
A 20913.830078125 40634.304687500 19389.593750000
A 63.259517670 -109.140266418 298.498046875
A 209.641754150 13.658557892 312.804229736
A 187.478256226 -220.852905273 220.579345703
A 306.870941162 -73.406288147 144.542785645
A 66.818778992 -22.850292206 95.927406311
A 73.686225891 27.455900192 139.424728394
A 182.423431396 -191.675918579 287.112915039
A 240.379577637 54.210487366 170.043579102
A 30.356681824 -66.328880310 132.895629883
A 34.672286987 -35.546779633 254.489135742
A 177.081222534 -136.193557739 60.273757935
A 112.809715271 -18.645236969 310.284027100
A 79.223503113 -28.845905304 309.807586670
A 178.554092407 -140.927947998 330.631835938
A 294.650177002 -34.732715607 265.629791260
A 284.627349854 20.695243835 205.150375366
A 128.622116089 -216.687301636 175.440856934
A 208.024826050 -48.151420593 338.869079590
A 97.666770935 -198.738739014 150.449203491
A 128.097656250 46.718070984 275.119384766
A 60.084053040 -130.800491333 283.885131836
A 18.635019302 -98.475357056 200.319763184
A 142.166275024 -180.260452271 94.669105530
A 170.391998291 62.135444641 128.621902466
A 135.164688110 -24.874235153 220.745605469
A -3459.100585938 31796.771484375 -40631.359375000
A 254.401885986 25.628087997 127.379409790
A -356.024566650 -961.475830078 134.721496582
A 61.596523285 -148.652435303 275.235595703
A 281.118682861 -154.483947754 141.092010498
A 69.218750000 -47.300510406 84.125961304
A 213.636474609 10.762021065 80.214797974
A 5944.969726562 -382.364440918 -1323.551391602
A 288.824584961 -5.844801903 254.212539673
A 183.966156006 -59.178024292 46.948745728
A 80.746322632 17.595787048 277.145446777
A 89.633796692 -203.090866089 206.558822632
A 6817.408203125 7784.050292969 14892.885742188
A 236.911895752 36.913696289 124.037033081
A 17.981555939 -77.023696899 169.984741211
A 72.340019226 -14.756455421 298.356506348
A 15.268441200 -55.259410858 190.010070801
A 240.700592041 -171.534118652 111.301528931
A 281.618438721 -169.909851074 196.500488281
A 77.427932739 6.590473175 243.098175049
A 66.956924438 -79.367706299 308.832946777
A 23.511135101 -29.983070374 195.752761841
A -2714.623046875 -1093.405395508 2672.084472656
A 131.805847168 68.331016541 169.664031982
A 161.910324097 -150.312896729 65.455688477
A 93.111839294 -73.548805237 305.712463379
A 57.948024750 -5.229346275 271.673950195
A 83.186714172 26.963148117 122.026718140
A -16250.995117188 5148.710937500 3338.327636719
A 62.675811768 -164.361770630 137.771041870
A 201.188690186 -68.340499878 344.104553223
A 82.570045471 -195.052078247 233.090911865
A 28.781526566 -68.545646667 255.836410522
A 246.936279297 15.282790184 258.201446533
A 241.548583984 51.297882080 232.683227539
A 140.332519531 70.114814758 217.771667480
A 295.843078613 4.420922756 186.870849609
A 313.847229004 -36.179634094 204.594253540
A 188.351577759 -197.728576660 113.878601074
A -2179.640380859 2027.156127930 -432.647247314
A 76.329566956 -100.369186401 313.738647461
A 192.949935913 -123.043060303 55.085964203
A 229.991653442 62.410430908 191.160491943
A 179.261917114 -169.247314453 312.856719971
A 70.193885803 2.805083275 109.297035217
A 294.975891113 -148.047286987 219.025314331
A 238.582946777 -5.577898979 83.647865295
A 202.995269775 -211.278091431 245.669738770
A 233.592742920 -82.733238220 334.981018066
A 119.877670288 -56.738502502 52.790927887
A 81.531570435 41.559799194 236.411834717
A 171.605850220 49.849155426 109.928947449
A 316.615600586 -53.648746490 186.740936279
A 210.553695679 -1.887657523 175.894744873
A 152.536392212 -192.547027588 286.314971924
A 95.761268616 -113.465606689 323.190093994
A 177.659500122 -215.922821045 151.671157837
A 188.475189209 21.997106552 81.680229187
A 123.329933167 -166.510055542 86.859245300
A 236.520874023 -25.794290543 320.728454590
A 58.280323029 -174.338897705 230.942977905
A 118.129905701 61.679706573 223.320205688
A 136.925750732 -201.753280640 122.491508484
A 266.695922852 -15.004565239 293.096801758
A 216.990493774 -100.633621216 57.275371552
A 144.967514038 -155.844406128 320.814178467
A 281.701019287 -99.856674194 290.752258301
A 156.808227539 -211.382263184 254.530014038
A 154.620513916 -127.305862427 335.752380371
A -9341.324218750 8572.305664062 2016.745971680
A 248.977416992 -141.521606445 91.377578735
A 270.960876465 -67.704063416 306.425689697
A 7959.156250000 3565.987792969 -19.019861221
A 218.375625610 27.016115189 282.215728760
A 23.377550125 -101.645606995 164.217849731
