533

A 361.664581299 -51.818618774 130.902832031
A 98.701148987 -180.142044067 390.240325928
A 318.992401123 -138.154449463 423.600433350
A 261.014984131 -287.442871094 264.938690186
A 400.256896973 -41.010890961 308.222961426
A 416.094299316 -95.019691467 276.509887695
A 299.428009033 -209.236846924 297.898712158
A 294.349365234 -105.404304504 423.147491455
A 316.817138672 -4759.366210938 -45394.179687500
A 412.277832031 -133.379196167 252.846755981
A 112.622238159 0.886353314 120.301200867
A 303.049407959 -75.407165527 376.400177002
A 297.313079834 -266.953399658 207.583084106
A 372.680725098 -27.760982513 360.528594971
A 66.147697449 -46.456672668 144.336883545
A 3122.641601562 -718.504760742 6890.532714844
A 243.595764160 -127.078636169 448.588104248
A 177.621978760 -265.044250488 347.869476318
A 92.872940063 -165.032913208 269.386505127
A 300.657226562 21.858896255 125.092399597
A 220.560012817 91.633979797 312.744201660
A 409.228515625 -130.664398193 285.811157227
A 207.942214966 -130.668334961 452.085418701
A 5685.333496094 4289.166015625 4.138885498
A 284.934722900 32.714023590 389.376983643
A 291.319549561 -279.638031006 288.002960205
A 323.276641846 -7.415357590 398.075134277
A 408.484222412 -65.973190308 304.792755127
A 388.775085449 -184.795867920 224.715728760
A 182.148742676 -50.457122803 93.531677246
A 200.032958984 84.288467407 179.876220703
A 406.504852295 -98.487350464 312.569244385
A 409.678985596 -56.199123383 221.655227661
A 302.810577393 -253.154098511 341.403076172
A 385.112701416 -183.929107666 311.541748047
A 82.516227722 -178.237899780 143.046508789
A 239.516143799 -3.014005423 430.062561035
A 94.816406250 53.476119995 275.923461914
A 404.779357910 -124.756286621 200.053253174
A 31.148378372 -99.908485413 299.071136475
A 360.620300293 -136.066772461 127.348762512
A 116.925415039 -95.969802856 87.883346558
A 137.896743774 14.302021980 114.514137268
A 267.652221680 -240.391952515 384.022491455
A -1062.071166992 357.574707031 268.119873047
A 283.314605713 -14.315783501 91.481956482
A -43736.773437500 57786.972656250 36729.062500000
A 194.801208496 88.119384766 307.839965820
A 138.839660645 51.262603760 357.543304443
A 133.738052368 -148.267410278 265.168304443
A 61.247993469 19.519168854 249.937042236
A 47.397365570 -57.180114746 169.474639893
A 86.066047668 -140.713912964 115.313255310
A 122.029350281 -198.481460571 394.860443115
A 238.421798706 94.973365784 290.539978027
A 197.549285889 -288.509368896 301.363067627
A 139.943572998 47.641700745 148.788650513
A 87.682098389 -242.717880249 270.793487549
A 73.128288269 -200.962814331 338.843017578
A -60135.468750000 14830.202148438 -46368.648437500
A 111.781448364 -67.486801147 94.299057007
A 219.079605103 -91.606208801 454.854827881
A 115.603401184 -165.699020386 408.240539551
A 163.776763916 -249.213912964 368.221710205
A 69.520004272 -227.352508545 253.655029297
A 308.092712402 -207.546035767 121.455520630
A 236.609985352 100.528205872 265.900543213
A 350.102996826 -240.995758057 224.448562622
A 356.735870361 -227.797225952 297.824768066
A 400.381530762 -172.075485229 257.729431152
A 398.375610352 -77.949249268 174.795959473
A 358.662628174 -159.338638306 204.625335693
A 340.504211426 -217.078109741 161.483459473
A 83.994735718 37.936386108 304.507385254
A 96.842948914 -236.209762573 330.305694580
A 53.477546692 -147.845596313 160.806335449
A 308.035339355 -35.214412689 94.899871826
A 259.066009521 -183.551177979 428.846618652
A 312.300354004 17.781568527 387.860565186
A 195.169540405 13.759230614 93.751632690
A 3704.835937500 -11342.453125000 21325.333984375
A 292.313476562 -11.417061806 418.665557861
A 126.279739380 -213.982559204 130.022994995
A 342.319396973 37.147930145 329.479125977
A 183.013671875 -150.092361450 71.446640015
A 45.993091583 -160.656890869 332.933227539
A 384.213073730 -80.364982605 150.484054565
A 226.189712524 -235.537246704 394.778656006
A 275.440765381 -40.782115936 438.835601807
A 171.969406128 -185.129959106 427.116699219
A 118.549530029 -219.211257935 373.638854980
A 149.332397461 -278.296325684 259.653747559
A 35733.328125000 -12180.894531250 -38816.378906250
A 386.414855957 -128.009597778 357.253814697
A 125.435523987 -244.818099976 171.368865967
A 400.220214844 -140.231491089 313.411529541
A -17939.365234375 -73532.046875000 9398.045898438
A 128.714828491 -139.118026733 86.414840698
A 285.318359375 -172.742218018 428.562622070
A 401.239288330 -154.497116089 210.643676758
A 65.025039673 -109.690864563 381.711547852
A 60.405693054 -80.620117188 147.315505981
A -2395.641113281 5511.866699219 5687.275878906
A 104.826759338 -196.845321655 133.157943726
A 344.916168213 -125.505691528 110.875762939
A 143.633438110 21.105155945 378.691223145
A 319.153961182 -201.776245117 387.578277588
A 202.609207153 -255.209487915 139.796157837
A 66.605773926 -84.381423950 126.127799988
A 198.662124634 -218.090469360 106.269622803
A 41.343963623 -175.852066040 213.929138184
A 327.293792725 -245.621780396 190.649658203
A 50.735664368 -21.026275635 186.092666626
A 264.381774902 -242.630905151 132.593994141
A 208.910644531 -294.273406982 228.234741211
A 363.307617188 -83.485969543 124.718063354
A 192.328414917 -48.596790314 67.413459778
A -1385.291625977 -75513.156250000 -18433.142578125
A 144.723068237 -246.382766724 154.066787720
A 253.507675171 -150.796813965 93.907600403
A 137.671859741 -12.779741287 99.198127747
A 213.530715942 -61.660537720 451.099273682
A 250.144882202 -211.768157959 130.872024536
A 74.766830444 -74.676841736 390.442108154
A -51782.050781250 -40027.324218750 -46342.406250000
A 391.840240479 -16.270221710 313.633544922
A 328.978302002 -254.121582031 217.376007080
A 316.196838379 -171.417098999 410.976531982
A 21.938219070 -90.495162964 272.735961914
A 44.271331787 -10.427156448 254.467254639
A 300.409881592 -73.346603394 435.538513184
A 200.107406616 -7.518149376 431.488586426
A 346.226409912 44.696918488 208.272399902
A 282.596618652 59.647407532 153.386383057
A 346.975189209 -77.345222473 109.199638367
A -759.954345703 -5387.550781250 1885.141357422
A 192.130401611 -179.865356445 79.010139465
A 177.191833496 -280.898620605 313.804534912
A 852.578063965 -686.671752930 98.387527466
A 267.517486572 84.878768921 306.768798828
A 160.517791748 57.727325439 148.408004761
A 102.832267761 -222.752471924 352.590850830
A 266.782012939 -73.535408020 65.084228516
A 240.180038452 -279.930603027 334.817932129
A 39.997299194 -23.921318054 282.568237305
A 27186.843750000 -9250.333007812 -39506.519531250
A 263.390106201 -147.461975098 443.438720703
A 241.568801880 -128.431991577 244.223693848
A -3689.848144531 -1099.133056641 1175.007568359
A 216.519638062 35.877487183 113.579193115
A 83.620445251 -196.031707764 232.679916382
A 73.589965820 -43.601886749 382.877410889
A 278.399993896 73.343978882 181.893707275
A 86.751060486 -235.950393677 232.464736938
A 140.467041016 27.106828690 390.657318115
A 60.186798096 10.075263977 207.686691284
A 363.372192383 -28.405513763 147.355255127
A 196.068466187 -94.654357910 57.848495483
A 354.220184326 -191.770950317 364.731475830
A 37.866065979 -117.896720886 332.607574463
A 66.829933167 -166.326675415 158.699981689
A 77.277931213 -23.509777069 154.434692383
A 231.083068848 97.204681396 216.928710938
A 257.488098145 53.429004669 377.809997559
A 125.388511658 60.388305664 188.245590210
A 76.999305725 -227.851486206 214.881912231
A 68.245201111 23.123306274 225.856994629
A 59.473762512 -208.229522705 283.223510742
A 90.009384155 48.923568726 236.023956299
A 334.861907959 -253.148437500 267.243408203
A 171.420761108 82.656349182 196.517593384
A 304.826263428 -249.841262817 165.761703491
A 29.653076172 -141.033905029 242.170089722
A 236.686264038 12.003712654 92.676406860
A 332.509887695 64.489929199 240.285522461
A 350.442535400 -163.480148315 129.992385864
A 347.202819824 2.731102228 365.988677979
A 291.766815186 -57.343521118 79.398307800
A 149.130233765 -273.849700928 312.934051514
A 158.318923950 87.729179382 249.718063354
A 268.847167969 -41.132247925 77.906776428
A 39.828392029 -120.117012024 177.722595215
A 399.407531738 -18.148395538 269.805633545
A 300.041656494 -198.810394287 404.799041748
A 178.486709595 76.592468262 336.986419678
A 166.172775269 -10.455182076 429.584381104
A 3783.267333984 8821.895507812 12073.813476562
A 238.471420288 97.319999695 241.307144165
A 84.115226746 -199.084121704 160.233657837
A 386.458923340 -199.613037109 257.500427246
A 176.427520752 -77.271636963 450.462524414
A 43.262989044 -17.692449570 221.794021606
A 345.223480225 -229.460128784 186.221130371
A 731.690979004 -1154.288940430 -55.012351990
A -27376.687500000 34856.125000000 28455.660156250
A 43.413261414 -176.541198730 298.310577393
A 293.336822510 -155.533447266 83.823791504
A 229.769256592 -242.079376221 123.751609802
A 72.444900513 31.348075867 274.776489258
A 38.084800720 -48.729492188 195.567382812
A 360.534606934 -169.014129639 374.867614746
A 223.497711182 -126.278450012 62.991611481
A 254.114486694 -201.637863159 91.535476685
A 134.963668823 -258.800567627 335.820953369
A 163.373794556 -172.812622070 86.822914124
A 114.019851685 65.935600281 264.974670410
A 156.585357666 -277.169860840 205.122268677
A 147.815170288 -192.715637207 413.635894775
A 266.529052734 -98.851249695 68.787162781
A 53.174545288 -201.245697021 222.008132935
A 256.775817871 -12.264355659 83.538726807
A 283.343231201 42.348583221 132.220581055
A 82.382499695 -98.415504456 112.904441833
A 153.664611816 -1244.052978516 -261.685699463
A 59.802734375 -145.633285522 363.876312256
A 364.483489990 37.619689941 237.529953003
A 238.853012085 -50.656524658 448.011260986
A 81.716865540 -122.748115540 122.485252380
A 250.403106689 -103.984214783 451.368011475
A 235.123596191 -30.380266190 70.161888123
A 308.922119141 -90.549087524 84.930107117
A 371.952606201 -16.371107101 248.768157959
A 180.941101074 -52.664642334 446.308746338
A 254.649246216 70.652168274 159.198425293
A 104.025856018 1.852996230 383.209716797
A 300.368682861 72.471382141 198.393981934
A 287.869018555 -274.611267090 235.900268555
A 219.244064331 -55.441501617 64.341987610
A 199.629486084 -278.357482910 255.951766968
A -6469.437988281 36167.503906250 -85875.640625000
A 51.828201294 -114.182739258 152.513092041
A 144.815719604 -152.027511597 430.971038818
A 152.142074585 -138.270843506 75.765541077
A 197.080841064 -133.303375244 63.433895111
A 194.166595459 97.036483765 260.584869385
A 230.859558105 89.780731201 195.634994507
A 397.887329102 -76.794700623 337.634857178
A 325.930419922 -144.511871338 100.097251892
A 374.491241455 -170.872344971 348.148529053
A 272.990112305 -258.095031738 355.168914795
A 73.603904724 13.980134010 184.713760376
A 353.233184814 -221.472793579 329.408599854
A 364.874847412 23.416685104 205.050521851
A 326.872070312 -110.533958435 93.920753479
A 387.416168213 -161.230895996 178.679885864
A 333.903533936 -41.726016998 107.428619385
A 47.823127747 -133.930191040 348.880126953
A 184.258453369 -238.152206421 390.432647705
A 243.927444458 29.939891815 404.071289062
A 386.782073975 -157.434783936 340.549621582
A 50965.664062500 23493.396484375 6112.895996094
A 648.270446777 -1532.130371094 -1019.010925293
A 392.427062988 -122.204795837 168.688201904
A 228.639007568 -292.817718506 250.973190308
A 172.320236206 73.723281860 170.890899658
A 302.434387207 -230.421752930 372.931640625
A 59.442802429 -31.369537354 354.541320801
A 159.195816040 -42.626621246 74.916717529
A 368.118286133 -61.432533264 380.621887207
A 333.818328857 -245.190383911 317.179992676
A 268.847778320 76.167701721 334.815673828
A 185.316558838 57.353240967 136.043258667
A 52.708320618 -90.965332031 362.774414062
A 369.713378906 20.666135788 305.016540527
A 31.432357788 -73.559364319 312.838043213
A 347.178619385 -39.090518951 396.270874023
A 281.542938232 -188.038284302 94.595970154
A 41.403835297 -184.380905151 268.590026855
A 293.477539062 55.679386139 357.463409424
A 345.167144775 -116.671943665 406.622741699
A 226.437820435 -18.149787903 439.081451416
A 297.174652100 81.443923950 283.677307129
A 297.104949951 70.387359619 325.673522949
A 335.545257568 -213.731826782 369.017395020
A 37.170406342 -173.612625122 248.263122559
A -2895.419677734 -14780.105468750 7759.402343750
A 308.196777344 -175.221160889 101.945732117
A 363.107482910 -2.227257013 161.493698120
A 118.532829285 -239.965362549 299.175231934
A 26.875494003 -126.259147644 290.940856934
A 1540.110107422 6004.963867188 4181.707519531
A 219.582290649 37.341712952 196.837936401
A 389.317199707 -27.253921509 186.123397827
A 146.196838379 -222.808761597 389.214263916
A 127.585494995 -27.684535980 421.044219971
A 383.279876709 -191.525009155 201.930877686
A 249.371261597 -135.866851807 66.599578857
A 120.792251587 -169.076156616 103.094467163
A 162.837753296 -134.020141602 442.731872559
A 34.480419159 -80.874137878 243.280014038
A 329.649566650 64.870605469 279.418640137
A 320.413482666 -264.262878418 244.711502075
A 355.001464844 11.818230629 347.754516602
A 231.151565552 -155.117889404 444.363769531
A 170.456970215 -94.785934448 177.138122559
A 348.023376465 49.737957001 265.864959717
A 166.995666504 30.945274353 117.303901672
A 254.548538208 47.920768738 128.712387085
A 135.639114380 -104.445762634 437.973358154
A 217.328796387 -204.613998413 421.139221191
A 399.970397949 -57.164817810 199.421661377
A 368.288787842 -219.032836914 223.597274780
A 401.616088867 -74.210289001 278.571990967
A 107.086631775 -63.019725800 416.195068359
A 385.346405029 -80.570114136 361.779144287
A 414.770477295 -106.283691406 253.670867920
A -25477.574218750 -37411.292968750 28906.267578125
A 180.692779541 -2.595851183 91.771095276
A 97.905960083 48.706554413 205.254455566
A 227.596450806 -263.718231201 359.841247559
A -1032.238647461 -3129.615966797 -1966.839355469
A 125.440269470 32.435958862 143.662139893
A 344.909576416 -138.619201660 401.432525635
A 371.722595215 5.268864155 185.474395752
A 32.139175415 -49.089797974 222.675872803
A 410.864990234 -99.071746826 220.217864990
A 28.956741333 -87.965293884 199.912155151
A 189.330276489 18.279397964 414.431365967
A 334.841003418 -55.991092682 412.387359619
A 109.893035889 -132.521118164 97.292846680
A 29.125333786 -54.730033875 288.921081543
A 273.740661621 91.516204834 237.547302246
A 161.934066772 -5.959531784 89.408065796
A 207.560226440 72.375709534 352.288269043
A 56.133258820 -68.834266663 364.914154053
A 271.106353760 90.632255554 268.530364990
A 316.432800293 -262.789184570 299.485107422
A 59.928913116 -195.451431274 319.104339600
A 230.826446533 -271.055358887 170.036193848
A 129.400726318 62.745449066 327.005371094
A 213.971023560 -9.702623367 76.683677673
A 58.346996307 -190.030364990 189.693389893
A 205.442001343 47.441898346 125.307037354
A 321.425018311 41.635551453 353.654022217
A 135.444152832 81.234313965 277.365692139
A 195.070312500 -99.599494934 452.148468018
A 292.938537598 -138.254577637 436.273620605
A 398.990234375 -115.928817749 332.413330078
A 405.896942139 -146.837432861 235.848907471
A 158.763214111 -238.265869141 136.046203613
A 104.939712524 41.334350586 340.854461670
A 327.569213867 50.925891876 192.242614746
A 376.952056885 -98.502578735 372.894531250
A 229.412490845 84.830497742 332.309082031
A -298.115631104 642.806091309 1589.207885742
A 242.861938477 -224.755798340 106.810295105
A -17316.433593750 48586.445312500 -4214.369140625
A 153.802429199 -41.867824554 433.382232666
A 399.167724609 -159.189910889 292.692535400
A 353.928680420 -235.552993774 271.484191895
A 57.057098389 6.505515575 284.427520752
A 211.554550171 -92.397422791 66.194908142
A 171.454147339 -218.934646606 405.463562012
A 380.010162354 -141.271606445 151.032333374
A 8096.666503906 2871.219970703 -4738.219726562
A 196.803939819 98.368705750 238.448471069
A 328.232910156 -80.997360229 423.381378174
A 133.496124268 -51.706226349 84.444984436
A 34.844314575 -150.762847900 297.587951660
A 108.622154236 -225.046401978 161.106811523
A 264.754547119 -280.547607422 207.702560425
A 266.214874268 -8.995738029 427.335021973
A 271.346984863 -258.473968506 165.241836548
A 244.390518188 67.372543335 357.146179199
A 221.267440796 60.043331146 371.285217285
A 221.133056641 42.453758240 394.504425049
A 385.095611572 6.273011208 288.902618408
A 199.491287231 -284.697906494 201.353881836
A 109.941543579 -259.341369629 231.865676880
A 149.400436401 10.476655960 409.247436523
A 325.314544678 -236.734558105 348.917785645
A 144.401763916 -278.099945068 287.747467041
A 134.171615601 78.451690674 235.403182983
A 334.204467773 19.084287643 149.254058838
A 276.408050537 -271.145019531 180.436172485
A 1824.208374023 -2049.961669922 0.865772486
A 111.922927856 62.978576660 226.029647827
A 344.523376465 -194.123794556 144.694000244
A 168.029861450 -105.259918213 67.179710388
A 202.357177734 -272.878814697 172.607040405
A 44.321849823 -27.076066971 312.523162842
A 162.327239990 -267.050689697 180.383132935
A 179.706924438 51.230861664 380.647155762
A -13926.057617188 10862.622070312 -15139.528320312
A 328.048858643 -73.140312195 93.704284668
A 157.655227661 -193.123718262 98.016174316
A 381.876586914 -46.336585999 161.340332031
A 216.348098755 -292.824768066 283.800964355
A 291.074615479 -273.928070068 312.184356689
A 177.088684082 -155.182601929 442.113952637
A -10126.357421875 4761.351562500 -8672.862304688
A 295.228729248 -278.739807129 253.423950195
A 347.062133789 45.856533051 302.198486328
A 295.822906494 -107.850006104 75.406669617
A 111.414054871 -27.673507690 106.856193542
A 402.022918701 -26.668937683 229.338623047
A 181.564041138 -291.062896729 261.485687256
A 56.873298645 -6.859696388 324.103820801
A 195.064239502 35.477165222 399.354553223
A 69.273010254 -4.296719074 161.965454102
A 99.011306763 -241.577606201 198.251922607
A 373.328613281 -106.589736938 135.277984619
A 138.534072876 -70.513282776 435.830169678
A 72.787727356 18.129570007 325.187469482
A 35913.832031250 -43639.085937500 55427.445312500
A 368.040802002 -202.751617432 325.335662842
A -6734.802734375 774.994995117 4263.649414062
A 1496.853759766 -3432.702636719 -542.722961426
A 138.282623291 -244.496368408 359.518920898
A 142.618240356 75.826683044 197.452896118
A 387.655975342 -2.712659121 212.710494995
A 286.834228516 -224.070938110 124.404548645
A 39.155429840 -150.707397461 194.665405273
A 334.401245117 4.805757999 131.464309692
A 269.038116455 87.438583374 205.129638672
A 341.347991943 -166.923278809 394.649658203
A 83.759620667 -157.865646362 126.272819519
A 133.332733154 -196.590255737 109.831428528
A -3269.242919922 2094.286132812 92.833206177
A 280.118316650 -224.363052368 394.539306641
A 165.900833130 -107.257164001 447.504699707
A 365.536041260 -176.081100464 153.845718384
A 152.520599365 75.987251282 314.402435303
A 215.141281128 -25.086278915 430.394805908
A 135.598846436 -275.198181152 233.663543701
A 107.051879883 -94.389694214 424.544250488
A 249.261901855 -289.414581299 230.064071655
A 240.083557129 -269.134399414 324.429656982
A 300.148468018 1.647154808 259.021850586
A 139.242050171 -100.962570190 74.149627686
A 343.548339844 -18.167343140 128.575988770
A 265.809173584 -207.237579346 415.616668701
A 27398.050781250 53232.839843750 25401.640625000
A 81.613288879 -142.183135986 391.207244873
A 274.464263916 17.887916565 410.158874512
A 248.347595215 -290.326446533 289.588073730
A 400.523071289 -96.281021118 188.909332275
A 87.388977051 -30.674736023 125.477302551
A 96.073669434 35.733280182 181.997817993
A 238.387924194 -251.011978149 376.443267822
A 315.302459717 70.729034424 220.013244629
A 39.211673737 -86.509513855 175.081787109
A 46.166397095 -46.179321289 331.781555176
A 233.478698730 -179.079025269 78.707656860
A 149.017883301 -23.223060608 405.697967529
A 103.997009277 -38.362480164 406.485656738
A 233.846603394 -184.438430786 432.988067627
A 385.221527100 -45.815937042 347.350433350
A 372.716156006 26.778747559 268.642974854
A 168.375000000 -284.644104004 230.318145752
A 272.546630859 -62.074520111 443.837127686
A 127.923606873 -260.900726318 197.213043213
A 166.158721924 62.576469421 358.529998779
A 78.529144287 -171.246490479 372.689422607
A 24.895862579 -130.520309448 262.573699951
A 187.998565674 -235.582702637 123.894767761
A 223.319610596 80.995590210 167.987350464
A 175.303314209 -32.212154388 289.079437256
A -4532.121093750 41652.406250000 -53227.605468750
A 333.367767334 34.717365265 167.477539062
A -466.687805176 -1259.421752930 175.835388184
A 80.309364319 -193.453506470 361.383117676
A 367.556823730 -202.231353760 184.418243408
A 90.024322510 -62.006153107 110.682159424
A 279.417877197 14.024333000 106.115226746
A 7787.067382812 -501.174255371 -1734.807739258
A 378.384490967 -8.087702751 332.617767334
A 242.389907837 -78.163970947 61.593723297
A 104.942794800 21.882789612 362.598541260
A 116.674095154 -266.902069092 270.915832520
A 8931.627929688 10195.865234375 19508.910156250
A 310.810577393 48.247367859 161.238723755
A 22.840265274 -102.393005371 222.333892822
A 95.448043823 -19.896987915 392.196868896
A 19.089897156 -72.276718140 250.251373291
A 317.507293701 -225.552185059 145.100112915
A 368.781890869 -222.346237183 258.269378662
A 102.162475586 8.302388191 319.417236328
A 87.248237610 -104.288955688 404.094085693
A 31.864704132 -40.087154388 256.868865967
A -3556.918701172 -1432.000732422 3500.504638672
A 172.823913574 90.069831848 222.039230347
A 212.148300171 -197.959350586 85.870429993
A 123.352958679 -96.327178955 399.746887207
A 76.025932312 -7.509035587 355.440490723
A 110.129020691 36.567367554 160.385559082
A -21289.142578125 6744.699218750 4373.211914062
A 83.466659546 -215.398666382 182.284118652
A 261.396392822 -88.555755615 451.207824707
A 108.287170410 -254.860748291 304.409851074
A 37.248825073 -90.491073608 334.976623535
A 323.731719971 20.657773972 337.378662109
A 316.658508301 66.724769592 304.237365723
A 183.425811768 91.808959961 285.347961426
A 388.689727783 7.134447575 245.137176514
A 411.067108154 -47.611251831 267.189117432
A 245.693450928 -259.045898438 147.909072876
A -2855.666259766 2654.757324219 -566.656311035
A 99.054153442 -132.761001587 409.707794189
A 252.962005615 -161.363296509 70.897117615
A 301.862579346 83.382125854 250.724655151
A 235.396194458 -221.355804443 409.502746582
A 91.726127625 4.863056660 143.779708862
A 385.962707520 -194.821411133 286.381378174
A 313.750488281 -6.677913189 111.078567505
A 265.570983887 -277.167297363 322.837097168
A 306.152008057 -108.090576172 439.622589111
A 159.124114990 -74.279273987 69.774612427
A 107.198211670 54.950405121 309.402954102
A 224.436874390 64.440948486 142.386276245
A 413.839355469 -70.502418518 243.635238647
A 275.667236328 -1.844255328 229.491500854
A 199.493835449 -252.632400513 375.695678711
A 124.620475769 -147.917572021 422.884857178
A 233.732070923 -283.479431152 199.584106445
A 247.073745728 29.682113647 106.940246582
A 161.985290527 -217.783218384 114.527770996
A 310.931091309 -34.749736786 419.704742432
A 76.390541077 -230.593704224 303.132293701
A 153.039962769 80.788429260 291.798248291
A 177.834823608 -262.562927246 161.454742432
A 350.196807861 -19.662086487 385.438018799
A 285.922149658 -131.738357544 74.543289185
A 189.387222290 -203.642974854 419.641082764
A 371.002624512 -130.429077148 379.409301758
A 204.233215332 -277.034881592 333.535461426
A 203.878662109 -166.540695190 439.059051514
A -12237.603515625 11230.995117188 2642.313964844
A 326.656402588 -185.404312134 118.866020203
A 354.937225342 -87.633689880 401.561035156
A 10427.035156250 4672.804687500 -24.759086609
A 287.120422363 34.375953674 368.590209961
A 30.065053940 -134.580657959 215.992752075
