533

A 389.658142090 -55.715133667 141.296142578
A 106.227264404 -194.269622803 419.173645020
A 342.963592529 -148.655471802 455.352935791
A 280.097869873 -309.054321289 283.778228760
A 430.992340088 -43.831287384 331.342773438
A 447.867706299 -102.494804382 297.419342041
A 322.010711670 -225.280426025 320.519287109
A 316.970794678 -113.303344727 454.882568359
A 341.132781982 -5120.314941406 -48844.097656250
A 442.945037842 -143.957901001 271.235778809
A 121.364158630 1.534803271 129.572296143
A 325.606079102 -81.469329834 405.403961182
A 319.468719482 -286.644622803 223.750610352
A 400.894836426 -29.228469849 388.314147949
A 71.132125854 -49.845077515 155.620559692
A 3359.740234375 -772.840332031 7414.164550781
A 262.340179443 -136.996200562 482.324096680
A 190.860015869 -285.652832031 373.777740479
A 100.175056458 -177.800018311 289.544250488
A 323.448181152 23.765289307 134.522811890
A 236.610671997 98.904556274 336.641540527
A 440.105438232 -140.547683716 307.645172119
A 224.167434692 -140.878341675 486.110961914
A 6117.270996094 4615.254882812 4.260332108
A 305.939025879 34.764530182 418.829650879
A 313.394958496 -301.123962402 310.205993652
A 347.305725098 -8.114269257 428.058380127
A 439.315338135 -71.433586121 327.894653320
A 418.136077881 -199.013397217 242.151672363
A 195.998962402 -54.804439545 100.834083557
A 215.450164795 90.658767700 193.266281128
A 436.504364014 -105.621162415 336.244903564
A 441.143707275 -60.699832916 238.650329590
A 326.162750244 -272.420288086 367.320678711
A 415.069427490 -198.337356567 335.988067627
A 88.137557983 -192.070693970 154.675827026
A 258.331054688 -3.559627056 462.987884521
A 101.393959045 57.730522156 296.869750977
A 435.769439697 -134.923934937 215.865753174
A 33.525119781 -107.315658569 322.144409180
A 387.875518799 -146.855285645 136.992813110
A 126.398132324 -103.608924866 93.856704712
A 148.271255493 15.745471001 123.442886353
A 287.558349609 -258.422058105 412.733337402
A -1142.162719727 384.626098633 288.615173340
A 305.655059814 -15.340903282 98.050132751
A -47060.140625000 62177.933593750 39519.839843750
A 209.675460815 94.872169495 331.559814453
A 148.678634644 55.564849854 384.690887451
A 143.245391846 -159.727264404 286.059326172
A 65.700279236 21.762128830 268.778686523
A 51.674224854 -61.256900787 182.539443970
A 92.257522583 -151.589355469 124.967338562
A 131.912078857 -213.559158325 424.644622803
A 256.733917236 102.293693542 313.073089600
A 212.522796631 -310.046783447 324.244781494
A 150.943038940 51.895572662 160.055786133
A 94.998077393 -261.168304443 292.107025146
A 78.882972717 -216.456283569 365.054779053
A -64703.890625000 15957.208984375 -49891.875000000
A 120.950531006 -73.328903198 101.597747803
A 235.630523682 -98.487808228 489.476287842
A 124.296089172 -178.026443481 439.604248047
A 176.260574341 -267.438079834 395.762969971
A 74.882431030 -244.115341187 272.615356445
A 331.595275879 -222.983230591 130.694564819
A 254.960235596 108.221893311 285.981628418
A 377.035675049 -259.410736084 241.788558960
A 384.452148438 -244.779571533 320.733001709
A 430.448974609 -186.055725098 277.166870117
A 428.744628906 -84.034980774 188.171844482
A 385.757781982 -171.651565552 219.844665527
A 366.120758057 -233.438171387 173.820785522
A 90.748756409 40.061595917 328.018829346
A 103.953910828 -254.693115234 356.038757324
A 58.517436981 -159.017471313 173.058227539
A 330.820617676 -37.721218109 101.888023376
A 279.904479980 -198.353424072 461.563018799
A 335.506744385 19.139343262 417.017883301
A 210.405426025 14.655066490 101.167915344
A 3986.470214844 -12204.331054688 22946.101562500
A 314.166809082 -13.398802757 450.373504639
A 136.103607178 -230.787811279 140.424346924
A 367.593963623 40.125663757 354.099853516
A 196.549987793 -161.702896118 77.032943726
A 49.614669800 -173.434371948 358.268096924
A 413.881713867 -85.518165588 162.065093994
A 243.444656372 -253.728607178 423.867492676
A 296.366577148 -43.783458710 471.265167236
A 185.133560181 -199.830520630 459.489288330
A 127.325592041 -235.779251099 401.880279541
A 160.921447754 -299.813598633 279.091308594
A 38447.851562500 -13106.565429688 -41765.281250000
A 415.267242432 -138.174209595 384.565551758
A 135.626632690 -263.686248779 184.786895752
A 430.751892090 -151.796432495 338.084777832
A -19302.863281250 -79119.039062500 10112.038085938
A 138.279785156 -149.644195557 92.751213074
A 306.554718018 -186.364440918 461.137756348
A 431.915313721 -166.304641724 227.044815063
A 69.827873230 -118.054924011 410.364013672
A 65.068588257 -85.937271118 158.093856812
A -2577.390625000 5930.700683594 6119.029785156
A 113.510444641 -211.745452881 143.643112183
A 370.960144043 -134.747467041 119.259819031
A 154.400100708 22.152778625 407.319274902
A 343.305358887 -216.834320068 417.031585693
A 218.384201050 -275.098114014 150.509689331
A 71.926605225 -90.842781067 135.902725220
A 213.013870239 -235.063949585 114.529304504
A 44.007301331 -189.240493774 231.023422241
A 351.996185303 -263.857727051 205.155456543
A 54.545196533 -22.634300232 200.882095337
A 284.492553711 -261.205139160 141.940612793
A 225.594848633 -316.371490479 245.297180176
A 391.167358398 -89.417991638 134.512619019
A 206.875061035 -52.537567139 72.389816284
A -1490.256225586 -81251.132812500 -19833.251953125
A 155.273742676 -264.767028809 165.230606079
A 272.693603516 -162.942733765 100.850929260
A 147.434997559 -14.182944298 106.763885498
A 229.234298706 -66.557884216 485.199340820
A 269.935699463 -228.172027588 140.314285278
A 80.558769226 -80.417022705 420.110260010
A -55716.968750000 -43068.785156250 -49863.660156250
A 421.779937744 -17.749740601 337.992248535
A 354.403106689 -273.424774170 233.661239624
A 340.423156738 -183.756729126 442.514923096
A 23.002958298 -97.201744080 293.070983887
A 47.866157532 -11.469411850 274.122253418
A 323.025177002 -78.593933105 468.867736816
A 215.012847900 -8.001871109 464.324859619
A 372.315368652 48.297603607 222.622711182
A 304.006286621 64.842773438 165.126358032
A 373.654937744 -83.145523071 117.134582520
A -817.952575684 -5797.239257812 2027.382934570
A 206.733993530 -194.104629517 84.707672119
A 190.759353638 -302.156158447 336.891204834
A 917.814575195 -738.816406250 106.052055359
A 288.152465820 90.840736389 330.016906738
A 173.191406250 62.925914764 159.299728394
A 110.112930298 -239.335784912 379.631469727
A 287.680175781 -78.647163391 70.342460632
A 258.812164307 -300.915710449 359.961303711
A 42.593780518 -26.010208130 304.135803223
A 29252.972656250 -9952.688476562 -42508.113281250
A 283.411071777 -158.564147949 477.476989746
A 260.414245605 -137.738815308 262.807891846
A -3969.862060547 -1182.310180664 1264.300903320
A 233.252029419 38.971134186 122.593460083
A 90.182640076 -211.203811646 250.107543945
A 79.632507324 -46.461540222 411.815765381
A 300.323272705 79.430679321 196.548461914
A 92.886863708 -253.637023926 250.229049683
A 150.568130493 29.782569885 420.166595459
A 65.303314209 11.056030273 223.418579102
A 390.501647949 -30.728219986 159.035888672
A 210.643569946 -102.255386353 61.934486389
A 381.185272217 -206.264572144 392.280670166
A 40.242572784 -126.172637939 357.406829834
A 72.261245728 -179.185882568 171.158294678
A 83.932746887 -24.957159042 165.887695312
A 248.732482910 104.963554382 233.389328003
A 276.689025879 57.276710510 406.754028320
A 134.449920654 64.665832520 202.681350708
A 82.889961243 -244.603591919 231.716217041
A 73.641502380 24.561622620 242.656753540
A 64.671211243 -223.840133667 303.893096924
A 97.001708984 52.237346649 254.243347168
A 360.661132812 -272.778961182 287.142761230
A 184.318191528 89.452934265 211.246704102
A 327.829833984 -268.531341553 178.227416992
A 31.668582916 -152.625701904 260.191680908
A 255.123474121 13.034533501 99.575889587
A 357.500854492 68.964134216 257.650543213
A 376.539306641 -175.909667969 139.373809814
A 373.817352295 3.312889099 393.948913574
A 313.632537842 -60.952880859 85.071693420
A 160.313583374 -294.585479736 336.994750977
A 170.933593750 94.538948059 269.063629150
A 289.509368896 -45.108596802 82.650733948
A 42.521774292 -129.378601074 190.678985596
A 429.611663818 -19.275066376 291.068237305
A 323.259521484 -213.901718140 435.920593262
A 192.231842041 82.046981812 362.716217041
A 178.915054321 -11.150170326 461.467987061
A 4070.936279297 9492.647460938 12991.379882812
A 256.227722168 104.691032410 259.956420898
A 90.873420715 -213.385238647 172.209991455
A 415.040588379 -214.962753296 276.447998047
A 189.681106567 -83.361770630 485.167236328
A 47.168827057 -18.945434570 238.696472168
A 371.465972900 -246.765777588 200.504684448
A 787.595336914 -1241.527221680 -58.877361298
A -29457.277343750 37504.031250000 30617.234375000
A 46.602165222 -190.366119385 321.381439209
A 315.270324707 -167.150634766 90.207855225
A 247.490661621 -261.013214111 133.318328857
A 77.989524841 34.078449249 295.142700195
A 41.128589630 -52.176094055 210.620040894
A 388.185821533 -181.645339966 402.827880859
A 240.577026367 -135.631072998 67.601119995
A 273.140808105 -217.672531128 98.743453979
A 145.583175659 -279.476226807 361.785705566
A 175.966293335 -185.764526367 92.830993652
A 122.642730713 70.342842102 285.666259766
A 168.392333984 -298.081207275 221.123092651
A 158.857147217 -207.514633179 445.002349854
A 287.441802979 -106.200920105 73.459060669
A 56.909694672 -216.027877808 239.093124390
A 276.109619141 -12.692421913 89.430603027
A 304.826629639 46.233230591 142.198928833
A 89.289840698 -105.325485229 120.898933411
A 165.052474976 -1338.902343750 -280.945983887
A 63.695339203 -156.510116577 391.535858154
A 391.927612305 40.763710022 255.142166138
A 257.390014648 -54.308528900 481.703582764
A 87.667106628 -131.968276978 131.569778442
A 269.321166992 -111.787963867 485.807189941
A 253.172653198 -33.573829651 75.207473755
A 333.200317383 -97.240592957 91.434638977
A 400.452392578 -17.601713181 267.208007812
A 194.671508789 -56.643764496 480.280426025
A 273.752380371 75.991386414 171.027206421
A 111.819274902 2.178125620 412.452301025
A 322.789276123 78.342735291 213.615005493
A 310.030487061 -295.930603027 253.872848511
A 235.815963745 -59.842357635 69.394157410
A 215.181793213 -299.469696045 274.596191406
A -6961.206054688 38915.183593750 -92400.976562500
A 55.536319733 -122.955192566 164.431289673
A 156.257690430 -163.261657715 463.401153564
A 164.105667114 -149.314300537 80.873870850
A 211.890701294 -143.450927734 68.197273254
A 208.683654785 104.441246033 279.844543457
A 248.006698608 96.664276123 211.035614014
A 428.739044189 -82.640663147 363.500000000
A 351.252716064 -155.783172607 107.235916138
A 402.984161377 -183.048965454 374.815582275
A 293.253326416 -278.091766357 381.604217529
A 79.774620056 14.826159477 199.339538574
A 379.750854492 -238.478515625 354.286804199
A 392.975891113 25.266183853 221.061080933
A 352.080902100 -118.864883423 101.129783630
A 416.430816650 -173.659790039 192.105819702
A 359.279144287 -44.762062073 115.056106567
A 51.545478821 -144.396743774 375.618927002
A 197.991699219 -256.091064453 420.189117432
A 262.563446045 32.420108795 435.088073730
A 415.822814941 -169.668701172 366.119659424
A 54837.863281250 25278.087890625 6577.153320312
A 696.868835449 -1647.592041016 -1095.978271484
A 421.862030029 -131.122924805 181.473632812
A 245.971405029 -314.562591553 269.883728027
A 185.268844604 79.549400330 183.179534912
A 325.270050049 -247.521865845 401.977813721
A 63.680797577 -33.565608978 381.561920166
A 170.821304321 -46.426303864 80.804237366
A 396.120086670 -65.971786499 409.680541992
A 359.065582275 -263.631256104 342.043640137
A 289.926269531 81.622001648 360.493255615
A 199.522293091 62.094387054 146.304870605
A 56.904541016 -97.624145508 391.034118652
A 397.660675049 22.302579880 327.085784912
A 34.295864105 -78.706962585 336.913299561
A 373.753662109 -41.924789429 426.384674072
A 302.813385010 -202.747314453 101.065551758
A 44.421421051 -198.433715820 289.222473145
A 315.341064453 59.731544495 385.005645752
A 371.471496582 -125.498619080 438.008636475
A 243.366714478 -19.639600754 472.582977295
A 319.738067627 87.294021606 305.232299805
A 319.297088623 74.858650208 350.125274658
A 361.060852051 -229.677093506 397.333984375
A 40.239692688 -187.123336792 267.275360107
A -3116.073486328 -15903.088867188 8349.498046875
A 331.648132324 -188.958068848 109.908004761
A 390.433288574 -1.742071629 174.402282715
A 127.535850525 -258.123626709 321.935455322
A 28.488428116 -135.379180908 313.337432861
A 1657.690795898 6461.537109375 4499.355957031
A 235.905685425 41.057880402 211.568710327
A 419.079193115 -29.197526932 200.183532715
A 157.071426392 -239.512374878 418.660980225
A 136.937942505 -29.663948059 452.902648926
A 412.375091553 -206.938415527 217.184738159
A 268.714904785 -146.048324585 72.164634705
A 129.657821655 -182.789871216 110.615211487
A 175.201721191 -144.556793213 476.518096924
A 36.955795288 -87.636787415 261.384674072
A 354.422668457 69.471206665 300.862182617
A 344.740020752 -284.945373535 263.691162109
A 382.205902100 12.205643654 374.244323730
A 249.092254639 -166.993957520 478.686004639
A 183.492553711 -102.160575867 191.187820435
A 374.191131592 53.544551849 285.845520020
A 179.947341919 33.481636047 126.042152405
A 274.087005615 52.216003418 137.843750000
A 145.683212280 -112.501922607 471.450592041
A 234.244201660 -220.342102051 452.899627686
A 430.192169189 -61.384113312 214.696105957
A 396.739685059 -236.070007324 240.810958862
A 432.006439209 -80.200103760 299.712677002
A 114.582298279 -67.779525757 448.414855957
A 414.739746094 -86.439102173 390.055389404
A 446.539581299 -114.748390198 273.184661865
A -27414.572265625 -40253.933593750 31102.960937500
A 194.529998779 -2.510648727 98.384277344
A 105.353507996 52.758903503 221.039703369
A 244.860061646 -283.459381104 387.324157715
A -1110.467285156 -3366.979003906 -2116.800292969
A 134.332077026 34.250976562 154.252288818
A 370.715240479 -149.055068970 431.768524170
A 399.130096436 6.129220963 199.296600342
A 35.395645142 -52.863529205 239.365554810
A 441.234619141 -106.278709412 237.048416138
A 31.174720764 -95.276611328 214.845550537
A 203.461425781 19.945629120 445.459625244
A 359.250061035 -60.807514191 443.890625000
A 117.980751038 -142.733779907 104.765327454
A 31.774671555 -59.169769287 310.779876709
A 294.119415283 98.586128235 254.783050537
A 174.022583008 -6.185632229 96.112670898
A 223.737670898 77.732711792 378.889923096
A 60.622432709 -74.437614441 392.883453369
A 291.808776855 97.084449768 288.858398438
A 339.897491455 -282.659332275 322.384246826
A 64.436416626 -210.439636230 343.033630371
A 248.783264160 -291.910705566 183.805603027
A 139.195068359 67.164154053 351.835327148
A 230.330429077 -10.870231628 82.493217468
A 62.407806396 -204.623046875 203.860275269
A 221.282608032 51.361160278 134.654067993
A 345.424987793 44.610507965 380.118621826
A 145.420043945 87.348564148 298.733673096
A 210.296478271 -106.599403381 486.517974854
A 315.369934082 -148.755233765 469.679260254
A 428.776397705 -124.265045166 357.490386963
A 436.471313477 -157.685562134 253.319580078
A 170.703475952 -256.418426514 146.357818604
A 112.740447998 44.639026642 366.403808594
A 352.743041992 54.653285980 207.373931885
A 405.664123535 -106.262809753 400.794281006
A 247.074340820 91.311500549 357.887573242
A -321.097625732 691.046020508 1710.501831055
A 261.313079834 -242.150054932 115.585845947
A -18632.236328125 52278.351562500 -4534.523437500
A 165.882797241 -44.490604401 466.370880127
A 429.021636963 -171.395996094 314.979736328
A 380.343933105 -253.368225098 291.961730957
A 61.736274719 6.679657936 305.723846436
A 227.240783691 -99.085510254 71.113258362
A 184.748931885 -235.962356567 435.746734619
A 408.196990967 -151.980895996 162.562683105
A 8711.526367188 3089.294433594 -5097.544921875
A 211.648162842 105.320915222 256.242004395
A 352.566070557 -87.077545166 455.289611816
A 143.608016968 -55.261127472 90.827445984
A 37.858749390 -163.162734985 320.704986572
A 116.812248230 -241.926147461 173.223526001
A 285.130920410 -301.814056396 223.427444458
A 287.150085449 -10.042739868 460.028228760
A 290.977661133 -277.868438721 177.116348267
A 262.066986084 72.198402405 384.098419189
A 238.013595581 64.641593933 400.096160889
A 237.882049561 46.382511139 425.049896240
A 414.603454590 6.967333317 311.456176758
A 214.781387329 -306.087432861 216.434570312
A 117.517387390 -279.268981934 249.217361450
A 160.871322632 11.572171211 439.954437256
A 350.596710205 -255.770690918 376.065124512
A 155.063659668 -299.597534180 309.916961670
A 144.088806152 84.435478210 252.949462891
A 359.382263184 20.846843719 159.923492432
A 297.086944580 -292.354614258 194.475479126
A 1963.100219727 -2204.927734375 1.448449492
A 120.571273804 67.483360291 243.058425903
A 370.393341064 -209.227920532 156.309234619
A 180.886337280 -112.868041992 72.625328064
A 218.238647461 -293.555816650 185.813568115
A 47.377971649 -29.303497314 336.173370361
A 175.181884766 -287.049224854 194.175888062
A 193.155151367 55.398525238 409.679016113
A -14983.789062500 11688.279296875 -16289.876953125
A 353.319366455 -78.371406555 100.673278809
A 169.544219971 -208.021469116 104.673431396
A 410.897338867 -49.989856720 173.783477783
A 233.068252563 -315.592529297 305.431427002
A 313.161773682 -295.043670654 335.457855225
A 191.099151611 -166.662643433 475.840850830
A -10895.549804688 5123.036132812 -9331.714843750
A 317.880523682 -299.744750977 273.729522705
A 373.002380371 49.378234863 324.850677490
A 318.278472900 -116.042388916 80.912979126
A 120.276275635 -29.922689438 114.948173523
A 431.904846191 -28.447418213 247.314132690
A 196.051132202 -312.799285889 281.258636475
A 61.267555237 -7.511201859 348.322723389
A 209.932342529 38.000209808 429.748901367
A 74.653610229 -4.802040100 173.232147217
A 106.838005066 -259.975372314 212.936004639
A 401.389495850 -114.931770325 145.517242432
A 148.840896606 -75.876403809 469.336853027
A 78.377403259 19.432811737 350.045104980
A 38643.183593750 -46954.437500000 59639.203125000
A 395.944488525 -217.854721069 349.498962402
A -7246.500488281 833.753540039 4587.965332031
A 1610.724365234 -3693.930908203 -583.788391113
A 148.474365234 -263.248626709 387.360504150
A 153.819458008 81.797004700 212.027999878
A 417.597412109 -2.618306637 228.654190063
A 308.708740234 -240.985321045 133.635864258
A 42.683258057 -162.609802246 209.180053711
A 359.346649170 5.187222481 141.185256958
A 289.877288818 94.696510315 219.950836182
A 366.101531982 -180.403945923 423.902435303
A 89.322402954 -169.737686157 135.741424561
A 143.890151978 -211.414260864 118.249908447
A -3517.304443359 2253.034179688 99.120140076
A 302.091705322 -240.772842407 424.800048828
A 178.655227661 -115.311279297 481.542114258
A 393.986511230 -189.579269409 166.050369263
A 163.921249390 81.328651428 337.648834229
A 231.209609985 -27.157060623 463.513275146
A 145.197692871 -296.334411621 251.904739380
A 114.563331604 -101.549079895 457.699462891
A 267.916870117 -311.131164551 247.677963257
A 258.652587891 -290.178924561 349.485504150
A 322.594451904 0.583828092 278.452575684
A 149.870971680 -108.568725586 79.438018799
A 370.049377441 -19.421516418 137.866592407
A 285.728759766 -223.507965088 447.137969971
A 29478.417968750 57277.242187500 27332.212890625
A 87.522102356 -152.526565552 420.946563721
A 295.493225098 19.716398239 441.422088623
A 267.662109375 -312.264984131 311.023651123
A 430.955444336 -103.338783264 202.906692505
A 93.575309753 -33.013202667 134.892898560
A 103.938201904 39.124763489 195.382354736
A 256.506408691 -270.187133789 404.742889404
A 339.119171143 75.509292603 236.603347778
A 42.431404114 -92.677520752 188.334213257
A 49.869876862 -48.849655151 356.716339111
A 251.156616211 -192.455078125 84.924819946
A 160.493041992 -25.024013519 436.045501709
A 111.719795227 -41.062820435 437.110168457
A 251.515533447 -198.657562256 466.173675537
A 415.176818848 -49.725971222 373.665954590
A 400.532257080 28.410213470 289.458862305
A 181.643920898 -306.337585449 248.026153564
A 293.549926758 -66.727989197 478.532592773
A 137.704299927 -280.794616699 212.701538086
A 178.860671997 67.493095398 386.363983154
A 84.135116577 -184.749084473 401.448944092
A 26.584379196 -140.403396606 281.870697021
A 202.456939697 -253.608596802 133.021194458
A 240.091445923 87.313018799 180.218399048
A 188.495635986 -35.387920380 311.465484619
A -4877.264160156 44818.230468750 -57271.945312500
A 359.232147217 37.063785553 180.196853638
A -502.577301025 -1354.798706055 189.268905640
A 86.064132690 -208.051940918 389.103393555
A 395.497192383 -217.992370605 198.770568848
A 97.213241577 -67.130783081 119.027900696
A 300.749572754 15.309211731 113.948196411
A 8379.394531250 -538.866760254 -1866.710205078
A 406.750762939 -8.749809265 358.051605225
A 261.225830078 -83.851539612 66.695144653
A 112.814353943 23.565525055 390.428985596
A 125.226562500 -287.311981201 292.164764404
A 9609.583007812 10970.704101562 20990.492187500
A 334.480957031 52.434322357 173.759368896
A 24.405687332 -110.276580811 239.610000610
A 102.661857605 -20.521074295 422.763244629
A 20.486270905 -78.337860107 269.339050293
A 342.124664307 -242.890274048 156.226470947
A 396.534362793 -239.205184937 277.852539062
A 110.040023804 8.873093605 343.787017822
A 94.138961792 -111.770195007 435.330505371
A 34.602489471 -42.433120728 276.279663086
A -3826.801513672 -1541.318237305 3766.617187500
A 186.442245483 97.504615784 238.911514282
A 229.145751953 -212.497222900 92.309524536
A 133.232635498 -104.786697388 429.245391846
A 81.757293701 -7.878077030 382.744415283
A 118.341003418 39.384479523 172.713012695
A -22907.138671875 7257.695312500 4705.503906250
A 90.153701782 -231.329574585 196.151794434
A 282.086334229 -95.889320374 485.469146729
A 116.920555115 -273.641754150 327.461029053
A 39.670269012 -97.209350586 361.086853027
A 348.126281738 22.538982391 363.159759521
A 340.903839111 71.663909912 327.548248291
A 197.594268799 98.754562378 307.341979980
A 418.625366211 7.457737923 263.925445557
A 442.268615723 -50.729389191 287.765930176
A 264.977905273 -278.673919678 159.752746582
A -3072.703613281 2856.505371094 -610.181396484
A 106.498222351 -143.005813599 440.492370605
A 272.580322266 -174.149291992 76.314109802
A 325.562530518 90.254867554 269.364715576
A 252.973037720 -238.689453125 440.846923828
A 99.167831421 6.059216976 155.374420166
A 415.050445557 -209.906402588 308.508636475
A 337.649353027 -7.007001400 120.351577759
A 284.965545654 -298.423065186 347.161285400
A 329.886230469 -116.160491943 473.395843506
A 170.981674194 -79.587799072 75.952911377
A 115.564453125 58.762825012 332.289031982
A 241.766662598 68.920280457 153.204238892
A 445.039764404 -75.105377197 261.859375000
A 296.472412109 -1.630671024 246.735000610
A 214.824035645 -271.837371826 404.360839844
A 133.314575195 -158.474761963 455.085754395
A 251.451446533 -305.184600830 214.725128174
A 266.293548584 31.987966537 115.020935059
A 174.115463257 -233.761245728 123.037422180
A 334.534759521 -37.539775848 451.641510010
A 81.783775330 -248.259429932 325.547973633
A 164.977645874 87.031044006 314.447937012
A 191.011337280 -282.327514648 174.214385986
A 377.129852295 -21.512565613 414.645568848
A 308.000579834 -141.333053589 80.073677063
A 203.713287354 -218.601104736 451.494842529
A 398.938842773 -140.133529663 407.757598877
A 219.609375000 -298.605468750 358.456420898
A 219.630416870 -178.882080078 472.648345947
A -13167.468750000 12084.490234375 2842.686523438
A 351.555206299 -199.644241333 127.216339111
A 381.326751709 -94.211822510 431.946685791
A 11219.469726562 5027.424316406 -26.441970825
A 308.852996826 37.560985565 397.176055908
A 32.091285706 -145.177352905 232.027694702
