533

A 409.452056885 -58.867012024 148.604415894
A 111.479171753 -203.856643677 440.044586182
A 359.856658936 -156.525299072 478.750213623
A 294.601043701 -324.677154541 298.342773438
A 452.887298584 -45.902267456 348.029998779
A 470.082366943 -107.883842468 313.222259521
A 339.047241211 -236.892318726 336.098724365
A 333.305511475 -119.127395630 477.711914062
A 358.413513184 -5380.354003906 -51323.187500000
A 465.634368896 -151.058410645 284.916870117
A 127.890853882 1.563587785 135.987319946
A 342.452941895 -85.458824158 426.377563477
A 335.156250000 -301.276763916 235.054412842
A 421.539550781 -30.652854919 408.306701660
A 74.595527649 -52.945438385 163.612136841
A 3530.261718750 -811.639038086 7790.643554688
A 275.507110596 -143.934188843 506.788848877
A 200.502182007 -300.010559082 392.845489502
A 105.308158875 -186.665603638 304.087524414
A 340.322967529 25.053613663 140.733840942
A 248.788604736 104.114501953 353.793670654
A 462.497344971 -147.858383179 323.617370605
A 235.475463867 -147.710403442 510.508026123
A 6427.186035156 4849.222167969 4.702611446
A 321.359497070 36.362583160 440.347534180
A 329.570617676 -316.658691406 325.927276611
A 365.255218506 -8.809987068 449.716522217
A 462.124176025 -75.399353027 344.422698975
A 439.339813232 -209.846191406 253.761016846
A 205.871917725 -57.471565247 105.924484253
A 226.718185425 94.833580017 203.343063354
A 459.207733154 -110.453826904 353.183349609
A 463.322906494 -64.095573425 250.925842285
A 343.092193604 -286.243164062 386.129608154
A 436.228790283 -208.542419434 353.343658447
A 92.274848938 -201.451034546 162.813400269
A 271.378417969 -3.430364132 486.642364502
A 106.863014221 60.553043365 311.887603760
A 458.014984131 -141.258163452 227.185867310
A 35.247276306 -112.885231018 338.515319824
A 407.535552979 -154.098190308 143.988113403
A 133.175354004 -108.393501282 98.513175964
A 155.777526855 16.727382660 129.404556274
A 302.061218262 -271.483428955 434.145233154
A -1200.209350586 404.143615723 303.943023682
A 320.513092041 -16.180360794 102.968933105
A -49448.406250000 65333.621093750 41525.558593750
A 219.924682617 99.618461609 348.430236816
A 156.618942261 58.544006348 403.816619873
A 151.073730469 -168.089385986 300.893890381
A 69.195861816 23.365671158 282.145202637
A 54.384273529 -64.332901001 191.819290161
A 97.151908875 -159.481567383 131.284149170
A 137.890502930 -224.471572876 446.341064453
A 269.825134277 106.894897461 329.200073242
A 223.289428711 -326.156341553 339.911132812
A 158.343124390 54.772495270 167.653167725
A 100.000442505 -274.470123291 306.912994385
A 82.681266785 -227.393646240 384.174194336
A -67988.085937500 16767.552734375 -52423.882812500
A 127.066192627 -77.338050842 106.619728088
A 247.810653687 -103.670639038 514.510681152
A 130.439956665 -187.280685425 461.464782715
A 185.720993042 -280.843078613 416.475311279
A 79.029472351 -256.180419922 286.309173584
A 348.409179688 -234.347930908 137.448303223
A 267.936614990 114.195922852 300.233642578
A 396.431732178 -272.554534912 253.792404175
A 403.493591309 -257.195007324 336.881134033
A 451.879364014 -195.157043457 291.838165283
A 450.269500732 -88.019958496 197.852890015
A 404.652191162 -180.386001587 231.320281982
A 384.381286621 -245.097381592 182.605728149
A 95.117813110 41.833984375 344.408355713
A 109.152847290 -267.585815430 374.276000977
A 61.367492676 -167.560363770 181.757217407
A 347.278503418 -39.963363647 106.991004944
A 293.965362549 -208.723983765 484.583740234
A 352.707214355 20.073709488 437.995727539
A 221.673965454 15.183276176 106.511711121
A 4188.887695312 -12824.025390625 24110.548828125
A 330.055664062 -14.619057655 473.137481689
A 142.732254028 -242.133590698 147.354782104
A 385.940093994 42.377510071 371.767242432
A 206.612991333 -169.907943726 80.922332764
A 52.382308960 -181.925704956 375.902038574
A 435.035614014 -89.964790344 170.072326660
A 255.670166016 -266.962951660 445.246368408
A 311.006530762 -46.036197662 494.748016357
A 194.709060669 -209.997070312 483.124023438
A 133.528793335 -247.004531860 422.177246094
A 168.910949707 -314.850128174 293.595458984
A 40399.363281250 -13771.455078125 -43885.230468750
A 435.689117432 -145.660476685 403.551025391
A 142.469345093 -277.130218506 194.298934937
A 451.849761963 -159.763687134 355.273071289
A -20281.582031250 -83134.914062500 10625.179687500
A 144.710952759 -156.748046875 97.791992188
A 322.149383545 -195.764984131 484.427886963
A 453.921600342 -175.236038208 238.921295166
A 73.433387756 -124.077163696 431.369934082
A 68.614753723 -90.615402222 166.314361572
A -2708.746582031 6232.146484375 6429.743652344
A 119.425491333 -222.058685303 150.596130371
A 389.402130127 -141.206222534 125.498863220
A 161.518295288 23.058721542 428.312316895
A 360.469024658 -228.338943481 437.914947510
A 229.093536377 -289.167388916 158.261489868
A 75.731674194 -95.511856079 143.205261230
A 224.333496094 -247.036468506 120.083877563
A 46.709342957 -198.935546875 242.315109253
A 369.945739746 -277.473236084 215.817565918
A 57.707382202 -23.336090088 210.973922729
A 298.801116943 -274.458129883 148.720916748
A 236.972503662 -332.179290771 257.460083008
A 411.107421875 -93.819602966 141.231109619
A 217.397552490 -55.169849396 76.783081055
A -1566.528076172 -85374.585937500 -20840.060546875
A 163.417068481 -278.133819580 174.010940552
A 287.009765625 -171.329498291 105.865295410
A 154.669281006 -14.592597008 113.045570374
A 241.134826660 -70.301841736 509.596801758
A 283.931488037 -240.133346558 147.881408691
A 84.955284119 -84.605468750 442.128753662
A -58545.019531250 -45254.246093750 -52393.878906250
A 443.225708008 -18.058053970 354.904510498
A 372.312591553 -287.570709229 245.238616943
A 357.672332764 -193.018325806 465.203460693
A 24.361494064 -102.171066284 307.695556641
A 50.194465637 -12.118596077 288.129516602
A 339.803100586 -82.905563354 492.394592285
A 226.015426636 -7.935079575 488.019470215
A 391.635559082 50.481597900 233.399887085
A 319.749206543 67.883033752 174.140823364
A 392.877258301 -87.399917603 123.225250244
A -859.519653320 -6091.339355469 2129.849365234
A 217.067199707 -204.049148560 89.053222656
A 200.492019653 -317.364837646 353.940917969
A 964.590209961 -776.294921875 111.458549500
A 302.535461426 95.244514465 347.039062500
A 181.501602173 66.079421997 167.594726562
A 115.910308838 -251.341415405 399.744201660
A 302.268554688 -82.431617737 73.995887756
A 272.271118164 -316.952606201 378.333648682
A 44.266609192 -27.214717865 319.692230225
A 30737.955078125 -10457.674804688 -44665.371093750
A 297.836517334 -166.664230347 501.741058350
A 273.971435547 -144.887969971 276.345520020
A -4171.709472656 -1242.352783203 1329.186035156
A 245.316024780 41.143375397 128.424163818
A 95.102859497 -221.870819092 263.307464600
A 83.877700806 -48.485252380 432.359924316
A 315.098083496 82.981376648 206.025634766
A 97.300247192 -265.720672607 262.880096436
A 158.072494507 31.565742493 441.701995850
A 68.274330139 11.619800568 234.772232056
A 410.241210938 -32.319824219 167.125289917
A 221.482788086 -107.109786987 65.651809692
A 400.463623047 -217.013427734 412.123321533
A 41.488121033 -132.077316284 375.140197754
A 75.587875366 -188.240295410 179.919677734
A 88.133628845 -26.427688599 174.090255737
A 261.366577148 110.468917847 245.003021240
A 290.632446289 60.052459717 426.656799316
A 140.963882446 67.926368713 212.524719238
A 86.559951782 -257.303405762 243.727401733
A 77.674331665 25.975372314 254.722991943
A 67.759872437 -235.195602417 319.186676025
A 101.564163208 54.753250122 267.070739746
A 378.354095459 -286.924316406 301.674530029
A 193.945022583 93.363258362 221.459487915
A 344.431488037 -281.937133789 187.932632446
A 33.988147736 -160.112365723 273.595977783
A 268.121734619 13.151827812 104.479850769
A 376.383453369 72.876518250 270.407562256
A 395.682006836 -184.574523926 146.171295166
A 392.463623047 4.061669827 413.695922852
A 329.313354492 -64.593139648 89.521080017
A 168.399536133 -309.136566162 354.546081543
A 179.019882202 98.712257385 282.261535645
A 304.273986816 -47.718971252 86.551383972
A 44.761360168 -135.967712402 200.474563599
A 451.501922607 -20.524238586 305.615417480
A 339.297058105 -224.169311523 457.795440674
A 201.684936523 86.128837585 380.722290039
A 187.144760132 -11.545851707 485.029388428
A 4277.491699219 9974.863281250 13650.477539062
A 269.100677490 110.425354004 273.460296631
A 95.432861328 -223.946792603 180.876922607
A 435.907318115 -226.099975586 290.355804443
A 199.216934204 -87.654869080 509.770416260
A 49.309482574 -20.018814087 251.257873535
A 390.460113525 -259.510467529 210.652420044
A 827.529602051 -1305.021606445 -61.973358154
A -30952.513671875 39407.351562500 32170.748046875
A 48.578842163 -200.363281250 337.779235840
A 330.723632812 -176.097091675 94.776412964
A 260.065521240 -274.155975342 139.918502808
A 82.154991150 35.737129211 310.288360596
A 42.738311768 -54.574565887 221.411483765
A 407.472412109 -191.320648193 423.336486816
A 252.777526855 -142.828903198 71.268081665
A 287.099822998 -228.250183105 103.030891418
A 152.735687256 -293.215454102 379.876708984
A 185.033660889 -195.271865845 97.311653137
A 128.716415405 74.252609253 300.424530029
A 176.837097168 -313.386962891 232.059143066
A 167.417388916 -218.366653442 467.698486328
A 302.116271973 -111.480728149 76.975326538
A 59.758216858 -227.334533691 251.256530762
A 290.204162598 -13.545957565 93.871124268
A 320.514251709 48.747215271 149.667160034
A 93.989265442 -110.572082520 127.312873840
A 173.971527100 -1406.494018555 -295.422027588
A 67.221595764 -163.868881226 411.296142578
A 411.841064453 42.668682098 267.893493652
A 270.674987793 -57.091278076 505.803131104
A 92.206062317 -138.975784302 138.597732544
A 283.349029541 -117.770774841 510.990203857
A 266.385253906 -35.759784698 78.660552979
A 350.065246582 -102.002906799 96.155967712
A 420.674255371 -18.576620102 280.560058594
A 205.029434204 -59.641353607 504.306274414
A 287.780731201 79.492469788 179.629119873
A 117.647811890 1.798455238 433.312713623
A 338.707244873 82.396430969 224.708084106
A 325.803100586 -311.233734131 267.144500732
A 247.869308472 -62.886970520 73.306167603
A 225.935363770 -314.291351318 288.690185547
A -7314.697753906 40890.609375000 -97090.640625000
A 58.503505707 -128.985565186 172.784790039
A 164.437088013 -171.284667969 486.297149658
A 172.211227417 -156.448455811 85.192939758
A 222.816085815 -151.039260864 71.608436584
A 219.241546631 109.870338440 294.522857666
A 260.387603760 101.773658752 222.236907959
A 450.248657227 -86.823814392 381.155151367
A 369.817352295 -163.859588623 112.361915588
A 422.914520264 -192.508041382 393.518585205
A 308.971343994 -292.266632080 400.375183105
A 84.331581116 15.594262123 209.535812378
A 399.022644043 -250.473327637 372.075592041
A 413.201812744 26.809526443 232.379959106
A 369.897491455 -125.133186340 106.108604431
A 437.843627930 -182.280670166 202.061752319
A 377.270690918 -46.683887482 120.600570679
A 54.753063202 -152.177825928 394.942138672
A 208.344512939 -269.108978271 441.621459961
A 275.854522705 34.537849426 456.844451904
A 436.979614258 -178.441650391 384.556762695
A 57621.164062500 26561.425781250 6910.734863281
A 732.417175293 -1730.745727539 -1151.328491211
A 443.127471924 -137.985519409 190.400299072
A 258.372528076 -330.830871582 283.164703369
A 194.582946777 83.982925415 192.547988892
A 342.193725586 -260.387115479 421.859313965
A 66.500457764 -35.168632507 400.990844727
A 179.628829956 -48.772434235 84.870536804
A 416.283050537 -69.506958008 430.153991699
A 377.413208008 -276.391174316 359.275329590
A 304.693298340 86.143112183 378.650634766
A 209.656051636 64.452911377 153.819900513
A 59.993869781 -102.532623291 410.590545654
A 418.108459473 23.819099426 343.950134277
A 36.447296143 -83.155731201 353.765380859
A 392.713287354 -44.214832306 448.242279053
A 318.399963379 -212.921112061 106.227569580
A 46.880500793 -208.294479370 303.825500488
A 331.487335205 62.547851562 404.818664551
A 390.260986328 -132.231903076 460.368103027
A 256.374877930 -20.579856873 496.647979736
A 335.887969971 91.558364868 320.500091553
A 335.292175293 78.862609863 367.583557129
A 379.284149170 -241.554885864 417.891143799
A 42.103103638 -196.497833252 281.049499512
A -3274.520751953 -16710.626953125 8773.121093750
A 348.541107178 -198.629058838 115.483833313
A 410.197296143 -1.600457668 183.196899414
A 134.247070312 -270.825561523 337.933868408
A 30.481660843 -142.155990601 329.465332031
A 1742.232421875 6789.436035156 4727.005371094
A 247.815902710 43.346183777 222.150360107
A 440.260894775 -30.229551315 210.168060303
A 164.527114868 -251.909469604 440.072906494
A 144.423721313 -31.441301346 475.728210449
A 433.482147217 -217.510467529 228.160232544
A 282.237487793 -153.847915649 75.815162659
A 135.879852295 -192.268920898 115.465415955
A 184.303253174 -152.007934570 500.835540771
A 38.994632721 -91.930732727 274.534759521
A 372.249267578 72.730400085 316.305480957
A 361.964263916 -299.484771729 276.918518066
A 401.257507324 13.200335503 392.923706055
A 261.387359619 -175.258300781 502.895507812
A 192.577178955 -107.414619446 200.706283569
A 393.214172363 55.981685638 299.938018799
A 188.950164795 35.679294586 132.718093872
A 287.897064209 54.540344238 144.953887939
A 153.159347534 -118.188995361 495.340942383
A 246.581695557 -231.052490234 475.994445801
A 452.556823730 -64.307983398 225.753158569
A 417.170928955 -247.751815796 253.058364868
A 453.694000244 -84.804557800 314.438781738
A 120.440734863 -71.207542419 471.343750000
A 435.583526611 -91.077522278 409.923980713
A 468.474975586 -121.077911377 286.818420410
A -28805.810546875 -42296.644531250 32681.146484375
A 204.309646606 -2.794671059 103.425186157
A 110.452812195 55.938934326 232.217529297
A 256.693695068 -297.888122559 407.028381348
A -1167.154907227 -3538.050292969 -2224.342285156
A 141.294128418 36.200668335 162.233123779
A 389.053039551 -156.851135254 453.614471436
A 419.860839844 6.022975445 209.332321167
A 37.234714508 -56.233085632 251.242858887
A 463.846099854 -111.892311096 249.219985962
A 32.376838684 -99.636001587 225.170730591
A 213.764450073 20.974039078 468.393188477
A 377.211914062 -63.979888916 466.400604248
A 123.973510742 -149.767822266 109.751502991
A 33.081241608 -61.643089294 326.678466797
A 308.697875977 104.141128540 267.543426514
A 183.056289673 -6.585289478 101.337768555
A 234.507247925 81.190750122 397.873901367
A 63.562545776 -78.105697632 412.667755127
A 306.338531494 101.585418701 304.528137207
A 356.543151855 -296.983154297 338.915618896
A 67.529289246 -221.228668213 360.527832031
A 261.292999268 -306.967559814 193.371231079
A 146.602630615 70.731147766 369.972076416
A 242.858703613 -11.708889961 86.476478577
A 65.264747620 -215.226379395 214.410354614
A 232.730850220 53.719329834 141.481933594
A 362.717193604 47.107849121 399.498992920
A 153.075195312 91.936531067 314.252471924
A 221.247787476 -112.597457886 511.067810059
A 331.202941895 -156.123352051 493.618316650
A 450.506988525 -130.452362061 375.841522217
A 458.504882812 -165.730239868 266.368103027
A 179.509567261 -269.001159668 153.190612793
A 118.560424805 47.240062714 384.805267334
A 370.912597656 57.618148804 218.244949341
A 425.871856689 -111.713348389 421.142883301
A 259.921020508 95.584480286 376.380981445
A -337.799285889 726.170166016 1797.213989258
A 274.785064697 -253.822143555 121.200241089
A -19577.818359375 54931.582031250 -4764.773437500
A 174.283721924 -47.133140564 489.737243652
A 450.699523926 -179.891143799 331.524597168
A 399.163116455 -266.220886230 306.303436279
A 64.809135437 7.117425442 321.650909424
A 239.439468384 -103.848144531 75.111900330
A 194.120132446 -247.583236694 457.398529053
A 428.835784912 -160.254379272 170.719787598
A 9153.400390625 3246.037841797 -5356.339843750
A 222.365188599 110.800582886 268.860412598
A 370.322967529 -91.003219604 478.398956299
A 150.749938965 -57.966670990 95.029922485
A 40.100692749 -171.785461426 336.864044189
A 122.663917542 -254.847473145 181.965438843
A 299.914489746 -317.154724121 234.707809448
A 301.845764160 -10.072907448 483.477172852
A 305.353118896 -291.553375244 186.077636719
A 275.818237305 75.550796509 403.597991943
A 249.623687744 68.057296753 421.008361816
A 249.658493042 48.270515442 447.293914795
A 435.538970947 7.406051159 327.279846191
A 225.614471436 -321.721374512 227.362045288
A 123.190017700 -293.685333252 261.573913574
A 169.100112915 12.327735901 462.198608398
A 368.497619629 -268.497253418 395.143310547
A 162.691848755 -315.075408936 325.717254639
A 151.376037598 88.883659363 265.352935791
A 377.501983643 21.717060089 167.973632812
A 312.108947754 -307.133270264 204.334533691
A 2063.284912109 -2316.938720703 1.866281033
A 126.354972839 71.198898315 255.314529419
A 389.028533936 -220.067901611 163.907867432
A 189.829925537 -118.894042969 76.546577454
A 228.938674927 -308.800354004 195.758361816
A 49.662784576 -30.737318039 353.534759521
A 184.354919434 -301.628692627 203.880615234
A 202.961914062 58.160373688 430.447143555
A -15743.788085938 12281.516601562 -17116.226562500
A 371.105133057 -82.626129150 106.452957153
A 178.738723755 -218.878906250 110.146072388
A 432.016235352 -52.028797150 182.798263550
A 244.820053101 -331.359161377 321.084838867
A 328.870452881 -310.012359619 352.396240234
A 200.528579712 -175.153366089 500.357360840
A -11448.339843750 5383.466308594 -9804.419921875
A 334.336059570 -314.968963623 287.518341064
A 391.581604004 52.465839386 341.806976318
A 334.186553955 -122.051483154 85.083076477
A 126.443580627 -31.381603241 120.812721252
A 453.953094482 -30.009361267 259.651550293
A 206.088348389 -328.889770508 295.719573975
A 64.460227966 -8.291187286 366.207305908
A 220.754165649 39.842578888 451.313293457
A 78.688735962 -4.845025063 182.333465576
A 112.369796753 -272.832885742 224.219604492
A 421.979797363 -120.568748474 153.025253296
A 156.848541260 -79.815773010 493.065063477
A 81.721984863 20.510292053 367.673706055
A 40604.191406250 -49337.757812500 62666.421875000
A 416.145202637 -229.241897583 366.635803223
A -7614.123046875 876.449401855 4820.826171875
A 1691.851440430 -3880.688964844 -613.430847168
A 155.793304443 -276.369567871 406.779876709
A 161.057861328 86.031494141 222.849594116
A 438.632232666 -2.887682676 240.316955566
A 324.215026855 -253.105438232 140.669326782
A 45.014823914 -170.918243408 219.803924561
A 377.588531494 5.604014874 148.123764038
A 304.406066895 99.966461182 231.034423828
A 384.476226807 -189.749420166 444.687286377
A 93.921607971 -178.103515625 142.702239990
A 150.976211548 -222.324417114 124.453269958
A -3696.387695312 2367.609375000 104.417243958
A 317.433654785 -252.806427002 446.349609375
A 188.332397461 -121.296539307 506.477172852
A 414.294036865 -199.375930786 174.264083862
A 172.453506470 84.944664001 354.575317383
A 243.038497925 -28.385278702 487.343963623
A 152.601211548 -311.434814453 263.973541260
A 119.982948303 -106.621124268 480.522888184
A 281.609802246 -326.710784912 260.606414795
A 271.692535400 -304.867462158 367.034942627
A 339.151000977 0.463023841 292.763153076
A 157.496475220 -113.960670471 83.466560364
A 388.642669678 -20.615417480 144.929443359
A 300.476318359 -234.728897095 470.197448730
A 30974.779296875 60184.941406250 28718.982421875
A 92.249176025 -160.326721191 442.208160400
A 309.865722656 21.281055450 463.667816162
A 280.936401367 -328.693572998 326.856109619
A 452.703002930 -108.857299805 213.235641479
A 98.591751099 -34.544986725 142.017456055
A 108.929267883 41.222759247 205.346191406
A 269.305664062 -283.670440674 425.426483154
A 356.716705322 79.552757263 249.112716675
A 44.801288605 -97.445236206 197.905761719
A 52.813697815 -51.584796906 375.070678711
A 263.698272705 -202.271469116 88.736038208
A 168.365097046 -26.090831757 458.230072021
A 117.373214722 -43.463096619 459.352966309
A 264.827209473 -208.512695312 490.075164795
A 435.640258789 -52.712585449 392.566101074
A 421.010711670 29.918788910 303.704986572
A 190.717407227 -321.907501221 260.214904785
A 308.389404297 -69.692367554 503.190765381
A 144.291870117 -295.169830322 223.292877197
A 188.110992432 70.193145752 406.018127441
A 88.440460205 -193.723495483 421.004852295
A 28.080457687 -147.868255615 296.108184814
A 212.683013916 -266.206451416 140.074020386
A 252.388381958 91.704956055 189.713043213
A 197.799926758 -36.880210876 327.122558594
A -5124.393066406 47092.878906250 -60178.367187500
A 377.497100830 38.937782288 189.396728516
A -527.784790039 -1423.471069336 198.732589722
A 90.432723999 -218.333465576 408.777191162
A 416.084411621 -229.419036865 209.047439575
A 101.827819824 -70.751022339 125.743881226
A 315.646423340 16.355602264 119.778541565
A 8804.473632812 -566.218322754 -1961.329956055
A 427.120269775 -9.252434731 376.109893799
A 275.130645752 -87.917984009 70.768302917
A 118.554809570 24.596240997 410.078063965
A 131.465377808 -301.802337646 307.229644775
A 10097.696289062 11527.375976562 22055.617187500
A 351.878875732 55.049087524 182.165039062
A 25.467142105 -115.606971741 251.934646606
A 107.819252014 -21.335515976 444.194824219
A 21.333929062 -82.158882141 283.251068115
A 359.550354004 -255.051025391 164.365966797
A 416.705322266 -251.090087891 291.866394043
A 115.332756042 9.698550224 361.371765137
A 98.487983704 -117.133224487 457.079986572
A 37.172779083 -44.804103851 290.375183105
A -4020.612304688 -1619.291381836 3957.706298828
A 196.599273682 102.427207947 250.576232910
A 240.645401001 -223.201950073 96.973304749
A 139.781921387 -110.464233398 450.832275391
A 85.414169312 -8.382418633 401.854370117
A 124.313575745 41.054195404 181.630401611
A -24070.107421875 7625.928222656 4944.780273438
A 94.492507935 -243.031585693 206.520050049
A 296.516479492 -100.595733643 510.184722900
A 122.893386841 -287.466308594 344.007720947
A 41.837127686 -102.030250549 379.430480957
A 365.713043213 23.907455444 381.743865967
A 357.884765625 75.580329895 344.649536133
A 208.304306030 103.859886169 322.781402588
A 439.550689697 8.116163254 277.429321289
A 464.316528320 -53.335754395 303.001831055
A 278.835235596 -292.896514893 167.957824707
A -3228.819091797 3001.198730469 -641.438842773
A 111.848564148 -150.420089722 463.172912598
A 286.021636963 -183.421112061 80.153846741
A 342.474884033 94.890487671 282.843536377
A 265.966735840 -251.375717163 463.743316650
A 104.084388733 6.691463470 163.383834839
A 435.972290039 -220.666870117 323.591857910
A 355.030609131 -7.345357895 126.654640198
A 299.986572266 -313.135284424 364.712860107
A 346.866210938 -122.378341675 497.134216309
A 179.747512817 -83.576873779 79.810676575
A 121.825241089 61.804672241 348.746154785
A 254.233932495 71.648262024 161.057266235
A 467.812500000 -78.855293274 275.066619873
A 311.605072021 -1.802662134 259.543151855
A 225.835571289 -285.539978027 424.471466064
A 139.969192505 -167.281967163 478.208587646
A 264.645629883 -321.344879150 225.417678833
A 279.750091553 33.533103943 121.000122070
A 182.867111206 -245.356369019 129.444168091
A 352.269226074 -39.999023438 475.090515137
A 86.075340271 -261.128173828 341.953308105
A 173.235656738 91.261199951 331.085723877
A 200.418350220 -296.471557617 183.224411011
A 396.769378662 -22.274194717 435.953399658
A 323.356140137 -148.406478882 83.805213928
A 214.156295776 -229.712387085 474.255950928
A 419.002380371 -147.247482300 428.648620605
A 231.125381470 -313.789855957 376.819793701
A 231.122024536 -187.818923950 496.055297852
A -13836.104492188 12698.119140625 2987.022705078
A 369.085296631 -210.273635864 134.153945923
A 400.620300293 -98.726608276 453.733489990
A 11789.403320312 5283.016113281 -27.721717834
A 324.524505615 39.271686554 416.573577881
A 33.836296082 -152.331817627 243.591293335
