533

A 406.077819824 -58.214107513 147.375228882
A 110.650840759 -202.232696533 436.607147217
A 357.156219482 -155.240676880 474.761657715
A 292.111114502 -322.013824463 295.929870605
A 449.243591309 -45.619590759 345.233032227
A 466.414703369 -107.052482605 310.756835938
A 336.121643066 -235.061676025 333.600067139
A 330.714904785 -118.298851013 474.031280518
A 355.628814697 -5337.189941406 -50912.605468750
A 461.649688721 -149.928375244 282.554473877
A 126.708831787 1.469103813 134.927505493
A 339.531097412 -84.651672363 422.927154541
A 332.414428711 -298.876159668 233.105682373
A 418.251037598 -30.291542053 404.852600098
A 74.077262878 -52.439060211 162.333190918
A 3502.048828125 -805.066955566 7728.340332031
A 273.248413086 -142.639556885 502.927825928
A 198.785232544 -297.600097656 389.665527344
A 104.607490540 -185.292999268 301.558898926
A 337.402954102 24.701681137 139.592529297
A 246.681030273 103.263595581 350.912567139
A 459.070465088 -146.693756104 321.037597656
A 233.516143799 -146.516937256 506.402435303
A 6375.907226562 4810.500488281 4.511159897
A 318.905426025 36.022895813 436.842834473
A 326.881622314 -314.054718018 323.361389160
A 362.355346680 -8.674193382 446.286651611
A 458.189880371 -74.749870300 341.746917725
A 435.818542480 -208.138626099 252.008773804
A 204.260543823 -56.834442139 104.977005005
A 224.940399170 94.154136658 201.711105347
A 455.315032959 -109.521202087 350.367431641
A 459.540649414 -63.440143585 248.763336182
A 340.333160400 -283.968322754 383.052947998
A 432.763336182 -206.750915527 350.515106201
A 91.463836670 -199.936141968 161.351501465
A 269.120910645 -3.484158993 482.667541504
A 105.918823242 60.053234100 309.388092041
A 454.230010986 -140.135971069 225.295623779
A 34.977031708 -111.942871094 335.927520752
A 404.332672119 -152.828689575 142.922271729
A 131.966690063 -107.679031372 97.823333740
A 154.645721436 16.556692123 128.395431519
A 299.717803955 -269.546813965 430.518798828
A -1190.373779297 401.029724121 301.647705078
A 318.221191406 -16.072854996 102.148590088
A -49052.886718750 64810.851562500 41193.265625000
A 218.298385620 98.846237183 345.615447998
A 155.463317871 58.171798706 400.580230713
A 149.933303833 -166.736465454 298.343444824
A 68.674407959 22.987651825 279.784057617
A 54.019733429 -63.636581421 190.137664795
A 96.284049988 -158.213104248 130.279312134
A 136.863739014 -222.789962769 442.965057373
A 267.438629150 106.258499146 326.638488770
A 221.527465820 -323.599151611 337.357696533
A 156.987136841 54.340320587 166.691482544
A 99.083091736 -272.207824707 304.435150146
A 81.977149963 -225.480773926 381.020599365
A -67443.851562500 16633.281250000 -52004.519531250
A 126.246864319 -76.728523254 105.819999695
A 245.819931030 -102.848060608 510.471862793
A 129.541412354 -185.719070435 457.993713379
A 184.174652100 -278.543212891 413.083679199
A 78.359977722 -254.146728516 284.092834473
A 345.653106689 -232.435943604 136.230895996
A 265.914245605 113.272903442 298.064514160
A 393.261749268 -270.462524414 251.930618286
A 400.242706299 -255.145202637 334.347930908
A 448.361907959 -193.602340698 289.634216309
A 446.793029785 -87.392601013 195.968551636
A 401.400085449 -178.828384399 229.335754395
A 381.455261230 -243.133987427 180.981231689
A 94.350891113 41.416671753 341.697418213
A 108.345550537 -265.548950195 371.187652588
A 60.803913116 -166.172103882 180.255920410
A 344.583251953 -39.810268402 106.070327759
A 291.559967041 -206.941452026 480.653015137
A 349.757324219 19.686101913 434.760437012
A 219.806762695 15.106347084 105.669822693
A 4155.480957031 -12721.488281250 23917.703125000
A 327.597381592 -14.661808014 469.324188232
A 141.711059570 -240.032974243 146.071014404
A 382.910278320 42.008472443 368.958770752
A 204.973800659 -168.554550171 80.278709412
A 52.167236328 -180.760848999 372.965728760
A 431.417510986 -89.233329773 168.673797607
A 253.595214844 -264.689453125 441.785125732
A 308.580627441 -45.589092255 490.783691406
A 193.095962524 -208.500381470 479.095947266
A 132.506546021 -245.221343994 418.875579834
A 167.698516846 -312.326629639 291.192657471
A 40076.207031250 -13661.393554688 -43534.062500000
A 432.099945068 -144.411483765 400.252746582
A 141.291946411 -275.025390625 192.481491089
A 448.332366943 -158.516845703 352.589294434
A -20119.525390625 -82469.593750000 10540.239257812
A 143.657592773 -155.527038574 96.716087341
A 319.484558105 -193.919021606 480.734375000
A 450.134704590 -173.552200317 237.107421875
A 72.885360718 -122.983169556 427.815856934
A 68.029060364 -89.839874268 164.753250122
A -2686.829833984 6182.018554688 6378.352539062
A 118.438209534 -220.569808960 149.458602905
A 386.389953613 -140.101913452 124.398399353
A 160.066207886 22.929710388 424.932708740
A 357.735443115 -226.392715454 434.469329834
A 227.316970825 -286.930511475 156.920013428
A 75.039497375 -94.818023682 142.063796997
A 222.429870605 -245.203201294 119.115051270
A 46.245220184 -197.265838623 240.389999390
A 366.797882080 -275.394775391 214.063583374
A 57.009330750 -23.228027344 209.345153809
A 296.376434326 -272.123840332 147.574874878
A 235.077133179 -329.709381104 255.233642578
A 407.968688965 -93.164657593 140.131088257
A 215.695877075 -54.644905090 76.150535583
A -1553.809570312 -84691.382812500 -20673.201171875
A 162.162002563 -276.183074951 172.579116821
A 284.813629150 -169.976882935 105.013870239
A 153.565200806 -14.451694489 111.729682922
A 239.225692749 -69.540664673 505.471527100
A 281.714385986 -238.067138672 146.555709839
A 84.175346375 -83.966728210 438.514648438
A -58076.703125000 -44892.320312500 -51974.695312500
A 439.641784668 -17.931987762 352.071716309
A 369.278350830 -285.320648193 243.300125122
A 354.503173828 -191.557479858 461.399200439
A 24.195810318 -101.454513550 305.243347168
A 49.721584320 -12.226485252 285.912445068
A 337.029541016 -82.210037231 488.515563965
A 224.207855225 -7.971467972 484.207458496
A 388.502197266 50.149719238 231.704544067
A 317.027252197 67.377624512 172.523117065
A 389.864990234 -86.665267944 122.370391846
A -852.760925293 -6042.614257812 2112.845947266
A 215.194091797 -202.424362183 88.313781738
A 198.878921509 -314.943206787 351.205078125
A 956.884704590 -770.105468750 110.493598938
A 300.059204102 94.335212708 344.316253662
A 180.213790894 65.751983643 166.266586304
A 114.872947693 -249.455963135 396.288421631
A 299.887359619 -81.774612427 73.393859863
A 270.122314453 -314.500396729 375.229064941
A 43.859069824 -27.091703415 317.004364014
A 30491.937500000 -10374.124023438 -44308.000000000
A 295.262969971 -165.472976685 497.646148682
A 271.934051514 -143.746932983 274.290618896
A -4138.395507812 -1232.439575195 1318.489624023
A 243.370727539 40.784706116 127.587600708
A 94.324119568 -220.097808838 261.256195068
A 83.331024170 -48.062675476 428.743469238
A 312.693908691 82.285743713 204.226272583
A 96.678184509 -263.892883301 260.687561035
A 156.781585693 31.447132111 438.203765869
A 67.977005005 11.483662605 232.890319824
A 406.910278320 -32.156497955 165.714828491
A 219.577301025 -106.191749573 65.166160583
A 397.247253418 -215.090377808 408.816436768
A 41.168472290 -131.088058472 372.167175293
A 74.958320618 -186.841354370 178.440917969
A 87.496284485 -26.051914215 172.832473755
A 259.249389648 109.580413818 243.190383911
A 288.290161133 59.504261017 423.295806885
A 139.896530151 67.370048523 210.844589233
A 86.034553528 -255.020431519 241.775329590
A 76.860282898 25.894044876 252.739181519
A 67.024795532 -233.224548340 316.593048096
A 100.678863525 54.356758118 264.840911865
A 375.379760742 -284.440002441 299.083526611
A 192.385589600 92.591796875 219.906677246
A 341.569458008 -279.493835449 186.375900269
A 33.623920441 -158.721954346 271.272613525
A 265.920349121 13.057000160 103.672241211
A 373.145324707 72.168884277 268.303070068
A 392.636962891 -183.140945435 144.915420532
A 389.582641602 4.088088989 410.325073242
A 326.798370361 -64.047851562 88.662513733
A 167.126983643 -306.609558105 351.644500732
A 177.760742188 97.925636292 280.107727051
A 301.899902344 -47.287864685 85.891571045
A 44.396255493 -134.820281982 198.971221924
A 447.949249268 -20.008756638 303.161682129
A 336.668731689 -222.486297607 454.249237061
A 200.249679565 85.362312317 377.770996094
A 185.518432617 -11.590044022 481.145050049
A 4243.263671875 9894.985351562 13541.250976562
A 266.873443604 109.537048340 271.305297852
A 94.616622925 -222.092697144 179.350921631
A 432.274414062 -224.263656616 287.984802246
A 197.609970093 -86.804145813 505.699279785
A 48.990829468 -19.781574249 249.365585327
A 387.320648193 -257.490692139 209.075668335
A 820.794555664 -1294.589721680 -61.503524780
A -30704.714843750 39092.015625000 31913.521484375
A 48.126461029 -198.742340088 334.988861084
A 328.038391113 -174.677261353 93.897453308
A 258.114074707 -272.035217285 138.950073242
A 81.574699402 35.592731476 307.719207764
A 42.402786255 -53.987056732 219.728256226
A 404.220153809 -189.813858032 419.866790771
A 250.751296997 -141.621353149 70.807106018
A 284.818084717 -226.598419189 102.179244995
A 151.694290161 -290.863494873 376.851654053
A 183.581863403 -193.586334229 96.739532471
A 127.719116211 73.625236511 298.068298340
A 175.633834839 -310.868896484 230.019668579
A 166.123672485 -216.474899292 463.986785889
A 299.649780273 -110.547737122 76.384429932
A 59.163265228 -225.406494141 249.245254517
A 287.865295410 -13.321616173 93.041633606
A 317.755249023 48.416347504 148.337036133
A 93.293502808 -109.599731445 126.264434814
A 172.493057251 -1395.239013672 -293.038299561
A 66.695175171 -162.674880981 408.102203369
A 408.652679443 42.526073456 265.797576904
A 268.405212402 -56.604904175 501.820220947
A 91.368270874 -137.835678101 137.546752930
A 281.116760254 -116.770820618 506.729461670
A 264.179504395 -35.347564697 78.033370972
A 346.965209961 -101.377929688 95.373878479
A 417.421112061 -18.376485825 278.096160889
A 203.406967163 -59.323272705 500.644866943
A 285.568298340 79.041755676 178.117416382
A 116.625801086 2.061053991 429.648803711
A 336.006195068 81.686012268 222.781646729
A 323.074981689 -308.750396729 265.089019775
A 246.033065796 -62.541042328 72.527053833
A 224.033538818 -311.863342285 286.353942871
A -7256.251953125 40563.562500000 -96313.781250000
A 57.919734955 -127.948951721 171.468383789
A 163.094390869 -169.933334351 482.442504883
A 170.945785522 -155.260330200 84.408958435
A 221.097320557 -149.856887817 71.093925476
A 217.494796753 108.825248718 292.051177979
A 258.145446777 100.955062866 220.135269165
A 446.634979248 -86.152320862 378.324462891
A 366.867736816 -162.695953369 111.484741211
A 419.717285156 -191.041687012 390.535827637
A 306.204406738 -289.912139893 397.036529541
A 83.352340698 15.391073227 207.842056274
A 395.743591309 -248.517410278 369.338165283
A 410.043945312 26.567287445 230.657669067
A 366.733398438 -124.340461731 105.222846985
A 434.361968994 -180.780151367 200.536117554
A 374.215362549 -46.513587952 119.622489929
A 54.128482819 -150.750122070 391.730682373
A 206.718917847 -266.883026123 438.025726318
A 273.625732422 34.226978302 453.391876221
A 433.380035400 -177.115478516 381.608245850
A 57160.253906250 26348.869140625 6855.518066406
A 726.603149414 -1716.788085938 -1142.322143555
A 439.422454834 -136.788848877 189.156158447
A 256.459106445 -328.052703857 280.898529053
A 192.913848877 83.174232483 191.261581421
A 339.326049805 -258.525634766 418.474090576
A 66.097282410 -34.809783936 397.693542480
A 177.960693359 -48.318672180 84.022621155
A 412.874664307 -68.945518494 426.765167236
A 374.358215332 -274.319366455 356.347534180
A 302.208374023 85.402130127 375.766418457
A 207.917984009 64.079788208 152.628234863
A 59.323455811 -101.746948242 407.376708984
A 414.820556641 23.630832672 341.326751709
A 36.204029083 -82.363380432 350.992919922
A 389.542785645 -43.766345978 444.564697266
A 315.889617920 -211.209777832 105.325042725
A 46.550632477 -206.663085938 301.454132080
A 328.784240723 62.064502716 401.595794678
A 387.145385742 -131.091857910 456.542205811
A 254.354614258 -20.438764572 492.695770264
A 333.282379150 90.775016785 317.843811035
A 332.623046875 78.057495117 364.784210205
A 376.160583496 -239.636825562 414.408660889
A 41.804470062 -194.956359863 278.947052002
A -3248.560546875 -16576.671875000 8703.126953125
A 345.827850342 -196.997741699 114.663459778
A 406.779510498 -1.701002836 181.749725342
A 133.177001953 -268.741119385 335.366729736
A 30.295232773 -140.991256714 326.838592529
A 1728.178833008 6734.923339844 4689.299804688
A 246.003463745 43.232635498 220.577209473
A 436.766601562 -30.097623825 208.431900024
A 163.355667114 -249.694274902 436.609405518
A 143.256332397 -31.259336472 471.996337891
A 429.889923096 -215.811569214 226.354095459
A 279.968780518 -152.461074829 75.482437134
A 134.862960815 -190.697509766 114.694480896
A 182.695968628 -150.754592896 496.765167236
A 38.641357422 -91.292999268 272.399932861
A 369.313842773 72.243614197 313.848907471
A 359.065307617 -296.939270020 274.687438965
A 398.077270508 12.934918404 389.838684082
A 259.216613770 -173.855529785 498.821197510
A 191.152481079 -106.328781128 199.085174561
A 390.066894531 55.441921234 297.615478516
A 187.552917480 35.203239441 131.511856079
A 285.602935791 54.239463806 143.836029053
A 151.796020508 -117.256042480 491.120819092
A 244.557098389 -229.372116089 472.028686523
A 448.942260742 -63.678638458 223.849472046
A 413.959594727 -245.743103027 251.013458252
A 450.136505127 -84.191024780 312.006286621
A 119.559959412 -70.744438171 467.428955078
A 432.130737305 -90.426086426 406.480621338
A 464.747222900 -119.917358398 284.778533936
A -28575.566406250 -41958.304687500 32419.593750000
A 202.849685669 -2.579287529 102.533233643
A 109.608131409 55.360645294 230.326766968
A 254.932373047 -295.413238525 403.683746338
A -1157.931274414 -3509.751220703 -2206.356445312
A 139.853652954 35.930019379 161.029663086
A 385.994018555 -155.666885376 449.804656982
A 416.376953125 5.848645687 207.651519775
A 37.077686310 -55.805587769 249.335433960
A 460.133636475 -111.146217346 247.123886108
A 32.173969269 -98.816596985 223.469879150
A 212.033248901 20.918296814 464.426269531
A 374.130126953 -63.587509155 462.627868652
A 123.028907776 -148.704040527 109.027404785
A 32.745967865 -61.264877319 324.067718506
A 306.151306152 103.255378723 265.550994873
A 181.747344971 -6.361438751 100.673103333
A 232.680099487 80.584831238 394.694824219
A 63.284458160 -77.643470764 409.393188477
A 303.890686035 100.775497437 301.944610596
A 353.625885010 -294.568481445 336.119598389
A 66.918685913 -219.443786621 357.598937988
A 259.262420654 -304.473846436 191.853057861
A 145.368927002 70.028213501 367.025177002
A 240.897628784 -11.513571739 85.972579956
A 64.672950745 -213.547546387 212.734695435
A 230.721618652 53.293022156 140.281280518
A 359.863922119 46.900794983 396.328887939
A 151.805725098 91.100479126 311.824096680
A 219.446624756 -111.597648621 506.991424561
A 328.691162109 -154.919372559 489.749938965
A 447.020385742 -129.316574097 372.796905518
A 455.115692139 -164.370178223 264.203521729
A 178.216598511 -266.836334229 152.119079590
A 117.749229431 46.569274902 381.706848145
A 367.859344482 57.059116364 216.387298584
A 422.401306152 -110.788108826 417.843414307
A 257.723114014 94.699256897 373.454711914
A -335.027099609 720.408813477 1782.916870117
A 272.616790771 -251.972946167 120.279724121
A -19421.082031250 54492.011718750 -4726.660156250
A 172.932510376 -46.664779663 485.888458252
A 447.175140381 -178.345016479 328.914367676
A 396.094207764 -264.226776123 304.167053223
A 64.309669495 7.127091408 319.022216797
A 237.520828247 -103.170654297 74.387947083
A 192.655349731 -245.485519409 453.816131592
A 425.380157471 -158.823333740 169.339660645
A 9080.277343750 3219.866455078 -5313.329589844
A 220.549713135 109.769897461 266.629577637
A 367.211242676 -90.371719360 474.628936768
A 149.433822632 -57.519943237 94.269035339
A 39.781875610 -170.247192383 334.103424072
A 121.810806274 -252.724807739 180.568664551
A 297.455566406 -314.585510254 232.906692505
A 299.485168457 -9.962205887 479.627990723
A 303.015411377 -289.258300781 184.632888794
A 273.476104736 74.916046143 400.250152588
A 247.583374023 67.519226074 417.621673584
A 247.686019897 47.838470459 443.759582520
A 431.988616943 7.369952202 324.665893555
A 223.756530762 -319.057159424 225.546066284
A 122.203468323 -291.429138184 259.588195801
A 167.769851685 12.100104332 458.529388428
A 365.393524170 -266.370819092 392.056213379
A 161.462921143 -312.461090088 323.073150635
A 150.378005981 88.091796875 263.270812988
A 374.451538086 21.548763275 166.619781494
A 309.600250244 -304.897735596 202.685501099
A 2046.824584961 -2298.459960938 1.782435656
A 125.320556641 70.734771729 253.165786743
A 385.800445557 -218.450851440 162.521240234
A 188.332305908 -117.929862976 75.935340881
A 227.125366211 -306.232513428 194.226882935
A 49.258346558 -30.504194260 350.567016602
A 182.831375122 -299.236572266 202.085769653
A 201.266174316 57.902328491 427.167053223
A -15617.786132812 12183.315429688 -16979.304687500
A 368.054534912 -81.897903442 105.605773926
A 177.419021606 -216.988967896 109.145629883
A 428.545257568 -51.634273529 181.557235718
A 242.997604370 -328.884368896 318.485717773
A 326.142547607 -307.420166016 349.707580566
A 198.999740601 -173.695678711 496.449249268
A -11356.481445312 5340.243652344 -9726.277343750
A 331.688323975 -312.522033691 285.197296143
A 388.447509766 51.928424835 339.027740479
A 331.537719727 -120.952377319 84.388587952
A 125.630317688 -31.164867401 119.825538635
A 450.423187256 -29.840412140 257.341735840
A 204.362854004 -326.545166016 293.375610352
A 63.850936890 -8.178232193 363.478027344
A 219.055557251 39.663337708 447.907623291
A 77.997657776 -4.822117329 181.025466919
A 111.491752625 -270.673858643 222.164245605
A 418.484008789 -119.690025330 151.679534912
A 155.467834473 -79.204757690 489.045074463
A 81.280357361 20.289930344 364.789459229
A 40279.417968750 -48942.921875000 62164.851562500
A 412.783203125 -227.060928345 363.835357666
A -7553.294921875 869.286437988 4782.170898438
A 1678.427001953 -3849.819824219 -608.474914551
A 154.452819824 -274.287841797 403.551544189
A 159.699218750 85.560470581 220.905792236
A 434.987182617 -2.877538919 238.410400391
A 321.724304199 -251.135833740 139.566452026
A 44.570777893 -169.573562622 218.046279907
A 374.467071533 5.467449665 146.853881836
A 301.981781006 98.994590759 229.111389160
A 381.402313232 -188.216186523 441.212463379
A 93.239433289 -176.679275513 141.367507935
A 149.663452148 -220.519348145 123.197853088
A -3666.603515625 2348.710205078 103.495407104
A 314.945831299 -250.707183838 442.644104004
A 186.832077026 -120.309600830 502.418273926
A 410.896606445 -197.838516235 172.974441528
A 170.942108154 84.398559570 351.737792969
A 241.148925781 -28.137153625 483.456848145
A 151.517547607 -309.079162598 261.851623535
A 119.100769043 -105.810409546 476.688507080
A 279.379302979 -324.183288574 258.489990234
A 269.495391846 -302.396331787 363.968688965
A 336.336853027 0.667958319 290.463989258
A 156.236389160 -112.864189148 82.686111450
A 385.366760254 -20.262063980 143.782821655
A 297.957244873 -232.708953857 466.302429199
A 30726.929687500 59703.476562500 28489.251953125
A 91.412879944 -159.000930786 438.510101318
A 307.400909424 20.930562973 459.961425781
A 278.829559326 -326.056335449 324.269042969
A 449.213195801 -108.054092407 211.525039673
A 97.601913452 -34.394886017 140.794891357
A 108.159492493 40.917873383 203.637481689
A 267.196441650 -281.419738770 421.989166260
A 353.856903076 78.890411377 247.156478882
A 44.324279785 -96.654556274 196.328125000
A 52.354049683 -51.269226074 372.008300781
A 261.672302246 -200.602462769 88.079933167
A 167.011367798 -25.887458801 454.549499512
A 116.462623596 -42.887088776 455.672485352
A 262.630889893 -206.792327881 486.238433838
A 432.104187012 -52.153320312 389.454559326
A 417.657226562 29.749696732 301.403503418
A 189.171798706 -319.337066650 258.136322021
A 305.855987549 -69.105339050 499.150695801
A 143.100524902 -292.732330322 221.420761108
A 186.841629028 69.713294983 402.687957764
A 87.820510864 -192.266113281 417.507812500
A 27.772789001 -146.737167358 293.702850342
A 211.077331543 -264.252471924 138.929306030
A 250.405990601 91.076400757 188.384460449
A 196.224472046 -36.642734528 324.672302246
A -5083.514648438 46716.097656250 -59696.808593750
A 374.535003662 38.502620697 187.905532837
A -523.539001465 -1411.967773438 197.009963989
A 89.759811401 -216.554992676 405.389251709
A 412.673004150 -227.406356812 207.356201172
A 101.146507263 -70.209213257 124.644622803
A 313.193389893 16.147483826 118.733985901
A 8734.086914062 -561.719848633 -1945.630615234
A 423.876403809 -9.034806252 372.876464844
A 272.810577393 -87.268463135 70.144241333
A 117.527526855 24.259284973 406.859497070
A 130.618499756 -299.336700439 304.810455322
A 10017.053710938 11435.163085938 21879.171875000
A 349.180023193 54.699542999 180.816513062
A 25.284881592 -114.739959717 249.755920410
A 106.985313416 -21.367240906 440.788116455
A 21.026689529 -81.604759216 281.019744873
A 356.650665283 -253.279190063 163.102523804
A 413.249450684 -249.240493774 289.607482910
A 114.447715759 9.555848122 358.353851318
A 97.588638306 -116.334945679 453.629974365
A 36.754646301 -44.523895264 288.157226562
A -3988.442138672 -1606.357788086 3925.999755859
A 195.042510986 101.680320740 248.657104492
A 238.747787476 -221.496963501 96.132095337
A 138.685073853 -109.538902283 447.177368164
A 84.684410095 -8.272275925 398.713043213
A 123.420433044 40.757381439 180.306701660
A -23877.564453125 7564.996582031 4905.193847656
A 93.704948425 -241.131088257 204.793975830
A 294.066741943 -99.732681274 506.100891113
A 121.927452087 -285.058258057 341.382659912
A 41.515762329 -101.085601807 376.340881348
A 362.762481689 23.584856033 378.565002441
A 355.154541016 74.873085022 341.771514893
A 206.408981323 103.099624634 320.402099609
A 435.972503662 8.155632973 275.272705078
A 460.659454346 -53.040153503 300.396118164
A 276.656890869 -290.338562012 166.690048218
A -3202.949218750 2977.288818359 -636.264709473
A 111.000205994 -149.091110229 459.281005859
A 283.815856934 -181.884109497 79.360237122
A 339.802947998 94.086830139 280.636444092
A 263.838104248 -249.342239380 460.111145020
A 103.446578979 6.534757614 161.928207397
A 432.528106689 -218.876480103 321.097534180
A 352.267578125 -7.238165379 125.600326538
A 297.489349365 -310.744903564 361.831298828
A 344.137115479 -121.424346924 493.021636963
A 178.293228149 -82.927841187 79.262275696
A 120.704719543 61.191276550 345.911071777
A 252.136154175 71.049621582 159.811279297
A 464.050537109 -78.309326172 272.872802734
A 309.221679688 -1.709788799 257.344635010
A 224.238647461 -283.199218750 421.049285889
A 138.731521606 -165.746353149 474.417175293
A 262.514770508 -318.636993408 223.657348633
A 277.559814453 33.437095642 120.060050964
A 181.590194702 -243.283737183 128.429519653
A 349.490692139 -39.575019836 471.011505127
A 85.550224304 -258.921997070 339.257598877
A 171.780624390 90.575424194 328.417602539
A 198.874618530 -294.171905518 181.742431641
A 393.572845459 -21.984653473 432.286010742
A 320.656433105 -147.205490112 83.010734558
A 212.521469116 -227.733825684 470.485565186
A 415.467193604 -145.954574585 425.090209961
A 229.172195435 -311.438751221 373.626129150
A 229.132949829 -186.127975464 492.247039795
A -13725.320312500 12596.551757812 2963.093505859
A 366.062042236 -208.547912598 132.972137451
A 397.329864502 -98.103378296 450.070678711
A 11694.895507812 5240.773925781 -27.480125427
A 321.772033691 38.945980072 413.377014160
A 33.617500305 -151.064987183 241.759582520
