533

A 409.495880127 -58.879135132 148.626190186
A 111.486740112 -203.881927490 440.093017578
A 359.878967285 -156.534240723 478.792785645
A 294.629211426 -324.726226807 298.374237061
A 452.933197021 -45.904048920 348.071563721
A 470.138427734 -107.893135071 313.254150391
A 339.077728271 -236.916412354 336.123199463
A 333.344696045 -119.142547607 477.752929688
A 358.450897217 -5380.909667969 -51328.574218750
A 465.691223145 -151.071151733 284.941375732
A 127.912391663 1.557584643 135.995468140
A 342.511291504 -85.458351135 426.416107178
A 335.187194824 -301.310607910 235.087738037
A 421.579437256 -30.645425797 408.357666016
A 74.605628967 -52.950244904 163.635482788
A 3530.627197266 -811.709289551 7791.467773438
A 275.540802002 -143.946243286 506.845672607
A 200.528213501 -300.043151855 392.890686035
A 105.308143616 -186.694702148 304.124633789
A 340.363494873 25.044212341 140.750183105
A 248.804443359 104.126060486 353.821746826
A 462.548370361 -147.873519897 323.639862061
A 235.491409302 -147.709121704 510.559570312
A 6427.868164062 4849.740722656 4.696004868
A 321.382751465 36.355010986 440.413299561
A 329.600555420 -316.683502197 325.950286865
A 365.287292480 -8.813239098 449.755432129
A 462.169219971 -75.413017273 344.446685791
A 439.391571045 -209.868957520 253.782287598
A 205.884170532 -57.473541260 105.927345276
A 226.747802734 94.860504150 203.365600586
A 459.262542725 -110.467727661 353.225646973
A 463.374053955 -64.101531982 250.947235107
A 343.129455566 -286.265563965 386.165710449
A 436.279663086 -208.565979004 353.366729736
A 92.282218933 -201.468566895 162.843856812
A 271.405181885 -3.402791739 486.685455322
A 106.884048462 60.568813324 311.907470703
A 458.062927246 -141.264968872 227.213836670
A 35.243316650 -112.895095825 338.549652100
A 407.562408447 -154.125167847 144.003433228
A 133.188507080 -108.389434814 98.524398804
A 155.801712036 16.715997696 129.413040161
A 302.085113525 -271.504272461 434.190887451
A -1200.330444336 404.184570312 303.966735840
A 320.544555664 -16.177295685 102.978050232
A -49453.593750000 65340.492187500 41529.933593750
A 219.954589844 99.623428345 348.479980469
A 156.649230957 58.548023224 403.862731934
A 151.087097168 -168.106079102 300.909729004
A 69.211311340 23.378461838 282.170684814
A 54.395629883 -64.351242065 191.833007812
A 97.154968262 -159.496902466 131.305206299
A 137.905059814 -224.482879639 446.386657715
A 269.849853516 106.895820618 329.227478027
A 223.322036743 -326.184539795 339.949645996
A 158.365844727 54.776062012 167.680633545
A 100.010543823 -274.497711182 306.923431396
A 82.688117981 -227.413284302 384.209136963
A -67995.218750000 16769.304687500 -52429.386718750
A 127.073905945 -77.348976135 106.631950378
A 247.842712402 -103.683380127 514.551879883
A 130.460037231 -187.298034668 461.516357422
A 185.741027832 -280.871734619 416.512359619
A 79.048599243 -256.208770752 286.335449219
A 348.459228516 -234.374526978 137.461486816
A 267.960998535 114.214431763 300.248626709
A 396.480285645 -272.584686279 253.816253662
A 403.525878906 -257.228790283 336.930206299
A 451.917907715 -195.169616699 291.861846924
A 450.304290771 -88.046081543 197.893585205
A 404.695922852 -180.400115967 231.347076416
A 384.420654297 -245.117645264 182.625381470
A 95.131683350 41.839042664 344.449981689
A 109.172752380 -267.597412109 374.310638428
A 61.376533508 -167.572631836 181.759643555
A 347.309631348 -39.972400665 106.997924805
A 293.990783691 -208.729675293 484.624542236
A 352.742340088 20.089199066 438.040252686
A 221.694656372 15.176031113 106.528984070
A 4189.329101562 -12825.358398438 24113.070312500
A 330.093200684 -14.619637489 473.202819824
A 142.742706299 -242.154067993 147.373687744
A 385.965515137 42.399711609 371.799163818
A 206.618270874 -169.928649902 80.935081482
A 52.395957947 -181.940185547 375.939361572
A 435.092864990 -89.973075867 170.095855713
A 255.700134277 -266.994781494 445.282165527
A 311.037719727 -46.039100647 494.801940918
A 194.726074219 -210.011016846 483.179962158
A 133.546463013 -247.044586182 422.213470459
A 168.922424316 -314.875793457 293.630096436
A 40403.613281250 -13772.904296875 -43889.835937500
A 435.742828369 -145.670379639 403.606445312
A 142.485336304 -277.166351318 194.312591553
A 451.895233154 -159.778152466 355.307647705
A -20283.722656250 -83143.617187500 10626.311523438
A 144.727111816 -156.757278442 97.805870056
A 322.170318604 -195.791381836 484.489624023
A 453.974487305 -175.264633179 238.956344604
A 73.436035156 -124.078277588 431.420440674
A 68.625335693 -90.623336792 166.319549561
A -2709.030517578 6232.799316406 6430.422851562
A 119.430152893 -222.091323853 150.603408813
A 389.436431885 -141.211151123 125.511795044
A 161.542526245 23.048973083 428.361419678
A 360.491302490 -228.370468140 437.967712402
A 229.117263794 -289.199371338 158.283874512
A 75.741470337 -95.511817932 143.221237183
A 224.351135254 -247.068069458 120.112785339
A 46.711021423 -198.955154419 242.331329346
A 369.985473633 -277.516906738 215.848037720
A 57.703666687 -23.348459244 210.986343384
A 298.831085205 -274.496643066 148.718658447
A 236.994934082 -332.208343506 257.494232178
A 411.157806396 -93.824195862 141.242950439
A 217.412384033 -55.184368134 76.784271240
A -1566.695312500 -85383.554687500 -20842.251953125
A 163.434646606 -278.161590576 174.026962280
A 287.048858643 -171.343414307 105.875343323
A 154.679214478 -14.592805862 113.050331116
A 241.158889771 -70.320495605 509.662780762
A 283.962005615 -240.173492432 147.894882202
A 84.957084656 -84.607833862 442.175567627
A -58551.167968750 -45259.003906250 -52399.378906250
A 443.267395020 -18.067132950 354.952239990
A 372.344635010 -287.594848633 245.265975952
A 357.720977783 -193.044097900 465.260253906
A 24.356956482 -102.175521851 307.730926514
A 50.193950653 -12.119308472 288.166259766
A 339.852233887 -82.918159485 492.428070068
A 226.033309937 -7.940295696 488.082489014
A 391.670440674 50.484939575 233.426284790
A 319.768493652 67.878570557 174.168334961
A 392.916778564 -87.403701782 123.243431091
A -859.606567383 -6091.976074219 2130.070800781
A 217.085189819 -204.068298340 89.073646545
A 200.508331299 -317.398864746 353.964569092
A 964.690490723 -776.370605469 111.480552673
A 302.566192627 95.245956421 347.079071045
A 181.522262573 66.093521118 167.614471436
A 115.909324646 -251.361160278 399.782226562
A 302.302764893 -82.442100525 74.010131836
A 272.286437988 -316.986267090 378.362274170
A 44.271949768 -27.226394653 319.727386475
A 30741.185546875 -10458.778320312 -44670.066406250
A 297.863403320 -166.680191040 501.791290283
A 273.985168457 -144.909866333 276.378448486
A -4172.144531250 -1242.488037109 1329.331420898
A 245.332504272 41.153659821 128.447128296
A 95.106445312 -221.900527954 263.343292236
A 83.885841370 -48.491863251 432.392089844
A 315.129669189 82.994224548 206.044235229
A 97.317161560 -265.738372803 262.903778076
A 158.087905884 31.580213547 441.740631104
A 68.292304993 11.618296623 234.815063477
A 410.269439697 -32.329994202 167.134658813
A 221.510681152 -107.117843628 65.657165527
A 400.501007080 -217.040130615 412.164764404
A 41.502349854 -132.105407715 375.192138672
A 75.599281311 -188.269317627 179.951004028
A 88.132125854 -26.440807343 174.108367920
A 261.383758545 110.481971741 245.036346436
A 290.659240723 60.051315308 426.702453613
A 140.980468750 67.939147949 212.544479370
A 86.568565369 -257.327972412 243.754501343
A 77.693595886 25.975996017 254.752075195
A 67.776527405 -235.207229614 319.237121582
A 101.579353333 54.760437012 267.096984863
A 378.386779785 -286.949554443 301.714569092
A 193.968612671 93.389045715 221.491699219
A 344.476318359 -281.963409424 187.951278687
A 33.998058319 -160.124710083 273.624053955
A 268.155517578 13.140575409 104.503303528
A 376.416351318 72.892189026 270.433563232
A 395.727325439 -184.584899902 146.185821533
A 392.509887695 4.058879375 413.745727539
A 329.336303711 -64.597740173 89.520690918
A 168.415298462 -309.165100098 354.581604004
A 179.042633057 98.725082397 282.290557861
A 304.295013428 -47.703571320 86.572402954
A 44.768604279 -135.996292114 200.498764038
A 451.547515869 -20.533344269 305.654388428
A 339.335784912 -224.186050415 457.835754395
A 201.703033447 86.145889282 380.756347656
A 187.163345337 -11.546435356 485.080322266
A 4277.930664062 9975.905273438 13651.917968750
A 269.133148193 110.452636719 273.487976074
A 95.445007324 -223.979354858 180.892959595
A 435.953094482 -226.120391846 290.383239746
A 199.231277466 -87.675346375 509.812835693
A 49.313426971 -20.021030426 251.278808594
A 390.500793457 -259.544738770 210.670761108
A 827.609680176 -1305.150268555 -61.964668274
A -30955.767578125 39411.484375000 32174.117187500
A 48.569923401 -200.377777100 337.806793213
A 330.755371094 -176.108169556 94.787239075
A 260.086120605 -274.201538086 139.927886963
A 82.162864685 35.730796814 310.314270020
A 42.736518860 -54.558757782 221.426193237
A 407.518188477 -191.346221924 423.397705078
A 252.800415039 -142.848922729 71.271125793
A 287.134521484 -228.267028809 103.031089783
A 152.752456665 -293.265960693 379.919891357
A 185.057556152 -195.312179565 97.319503784
A 128.719223022 74.265830994 300.455993652
A 176.856735229 -313.420776367 232.076248169
A 167.432495117 -218.371719360 467.739929199
A 302.140289307 -111.503570557 76.980407715
A 59.764171600 -227.369979858 251.286437988
A 290.231048584 -13.545429230 93.877746582
A 320.555236816 48.750122070 149.693374634
A 93.999244690 -110.587432861 127.314163208
A 173.992248535 -1406.647216797 -295.459960938
A 67.223937988 -163.885467529 411.355590820
A 411.894927979 42.673465729 267.926788330
A 270.696563721 -57.093067169 505.845458984
A 92.232391357 -138.998596191 138.604431152
A 283.366302490 -117.802230835 511.034332275
A 266.414276123 -35.763046265 78.674041748
A 350.105957031 -102.028060913 96.160987854
A 420.712432861 -18.573713303 280.602386475
A 205.063339233 -59.652462006 504.359649658
A 287.805938721 79.494094849 179.647949219
A 117.661170959 1.807525158 433.357208252
A 338.748229980 82.416252136 224.724121094
A 325.845367432 -311.263275146 267.165222168
A 247.896148682 -62.898654938 73.331741333
A 225.960220337 -314.321441650 288.715423584
A -7315.471679688 40894.894531250 -97100.828125000
A 58.502738953 -129.001037598 172.807922363
A 164.460601807 -171.313858032 486.355499268
A 172.217041016 -156.486740112 85.199485779
A 222.843521118 -151.057098389 71.609405518
A 219.264129639 109.877952576 294.561950684
A 260.406829834 101.784301758 222.255889893
A 450.292480469 -86.825233459 381.197174072
A 369.845825195 -163.891571045 112.362792969
A 422.974578857 -192.529724121 393.562225342
A 308.991088867 -292.301879883 400.420135498
A 84.347908020 15.594388008 209.566268921
A 399.076263428 -250.497222900 372.121337891
A 413.245178223 26.805994034 232.398666382
A 369.922637939 -125.139183044 106.114471436
A 437.885986328 -182.318527222 202.080154419
A 377.296081543 -46.687835693 120.622085571
A 54.762569427 -152.201675415 394.981781006
A 208.370681763 -269.139678955 441.659484863
A 275.869964600 34.524669647 456.872772217
A 437.018707275 -178.448440552 384.618682861
A 57627.222656250 26564.214843750 6911.462890625
A 732.477783203 -1730.940673828 -1151.443847656
A 443.173156738 -138.014190674 190.417343140
A 258.403778076 -330.867065430 283.199981689
A 194.603668213 83.991966248 192.565109253
A 342.237274170 -260.399261475 421.910339355
A 66.515045166 -35.171783447 401.020446777
A 179.657623291 -48.763767242 84.889808655
A 416.335388184 -69.523262024 430.202423096
A 377.458435059 -276.403381348 359.322448730
A 304.729797363 86.150115967 378.686767578
A 209.692474365 64.464721680 153.842193604
A 59.994773865 -102.549209595 410.624877930
A 418.141662598 23.828598022 343.977661133
A 36.451877594 -83.169288635 353.786163330
A 392.759643555 -44.222965240 448.290679932
A 318.441894531 -212.953506470 106.234298706
A 46.889160156 -208.312850952 303.859680176
A 331.521728516 62.565555573 404.873962402
A 390.309387207 -132.243347168 460.411956787
A 256.381225586 -20.590904236 496.692474365
A 335.908813477 91.565063477 320.533233643
A 335.332153320 78.869888306 367.615417480
A 379.309143066 -241.588745117 417.940032959
A 42.105613708 -196.508163452 281.071136475
A -3274.861083984 -16712.390625000 8774.043945312
A 348.583953857 -198.660675049 115.489982605
A 410.243560791 -1.600170970 183.202972412
A 134.265319824 -270.857208252 337.945526123
A 30.488851547 -142.169113159 329.489501953
A 1742.407348633 6790.164550781 4727.492675781
A 247.842956543 43.363006592 222.186508179
A 440.317779541 -30.241569519 210.203399658
A 164.541809082 -251.930267334 440.112487793
A 144.437438965 -31.447605133 475.772216797
A 433.529235840 -217.525680542 228.187728882
A 282.263763428 -153.872039795 75.826568604
A 135.896713257 -192.292831421 115.467277527
A 184.322204590 -152.026031494 500.892578125
A 38.996753693 -91.953247070 274.576019287
A 372.297943115 72.739173889 316.341064453
A 361.991058350 -299.521148682 276.954528809
A 401.298919678 13.198620796 392.970947266
A 261.412384033 -175.287048340 502.968322754
A 192.608581543 -107.432968140 200.740737915
A 393.249908447 55.981632233 299.980957031
A 188.962097168 35.692356110 132.738479614
A 287.932922363 54.547622681 144.960922241
A 153.179260254 -118.196601868 495.388977051
A 246.613357544 -231.079086304 476.045776367
A 452.609344482 -64.311134338 225.775878906
A 417.207641602 -247.787551880 253.091567993
A 453.738677979 -84.822807312 314.482879639
A 120.468505859 -71.203582764 471.386901855
A 435.626403809 -91.084976196 409.971496582
A 468.526275635 -121.088912964 286.858306885
A -28808.849609375 -42301.070312500 32684.582031250
A 204.336364746 -2.777948618 103.446380615
A 110.479377747 55.929424286 232.235534668
A 256.717041016 -297.914093018 407.061981201
A -1167.264526367 -3538.408935547 -2224.584472656
A 141.313171387 36.198825836 162.244461060
A 389.085296631 -156.863128662 453.652648926
A 419.901458740 6.029482841 209.365158081
A 37.238544464 -56.229724884 251.272247314
A 463.891845703 -111.919944763 249.243972778
A 32.380119324 -99.650894165 225.205825806
A 213.776489258 20.981241226 468.438720703
A 377.262542725 -63.974098206 466.442779541
A 124.000213623 -149.784484863 109.750892639
A 33.087417603 -61.646648407 326.721252441
A 308.750335693 104.154685974 267.581634521
A 183.056167603 -6.581213951 101.346160889
A 234.522918701 81.213325500 397.930725098
A 63.564899445 -78.113327026 412.718750000
A 306.380950928 101.593917847 304.565399170
A 356.575988770 -297.005981445 338.955139160
A 67.540565491 -221.259567261 360.562011719
A 261.321472168 -306.993804932 193.385086060
A 146.611648560 70.749679565 370.022521973
A 242.890655518 -11.724756241 86.495544434
A 65.272476196 -215.251098633 214.438232422
A 232.757736206 53.717662811 141.487503052
A 362.755310059 47.105842590 399.546630859
A 153.094070435 91.947654724 314.284820557
A 221.273208618 -112.609634399 511.128814697
A 331.240570068 -156.125518799 493.658294678
A 450.554992676 -130.466323853 375.864318848
A 458.555938721 -165.754806519 266.393432617
A 179.526092529 -269.028228760 153.198287964
A 118.573577881 47.246501923 384.835052490
A 370.952117920 57.621971130 218.275741577
A 425.919769287 -111.732215881 421.182159424
A 259.936859131 95.592941284 376.417175293
A -337.830749512 726.230407715 1797.404052734
A 274.813293457 -253.848663330 121.215019226
A -19579.871093750 54937.351562500 -4765.268554688
A 174.312637329 -47.136035919 489.771911621
A 450.742034912 -179.894363403 331.554565430
A 399.208953857 -266.248840332 306.324401855
A 64.806739807 7.114948750 321.681030273
A 239.459136963 -103.845611572 75.116394043
A 194.129745483 -247.609344482 457.446014404
A 428.888854980 -160.275558472 170.746398926
A 9154.370117188 3246.381591797 -5356.921386719
A 222.395629883 110.823829651 268.870147705
A 370.356658936 -91.008392334 478.445312500
A 150.754760742 -57.972793579 95.046989441
A 40.108367920 -171.798660278 336.899200439
A 122.673561096 -254.867034912 181.980972290
A 299.943695068 -317.199462891 234.735778809
A 301.874298096 -10.076486588 483.525939941
A 305.381011963 -291.571685791 186.102172852
A 275.842834473 75.555252075 403.654327393
A 249.655197144 68.060600281 421.058563232
A 249.699890137 48.284355164 447.345825195
A 435.575195312 7.415003777 327.307861328
A 225.643112183 -321.752044678 227.383804321
A 123.206825256 -293.715270996 261.603027344
A 169.122772217 12.312478065 462.246734619
A 368.537902832 -268.531738281 395.183990479
A 162.712295532 -315.119689941 325.746032715
A 151.408432007 88.882339478 265.374023438
A 377.542785645 21.718397141 167.998077393
A 312.150024414 -307.176727295 204.346817017
A 2063.500976562 -2317.183837891 1.868734241
A 126.365142822 71.205390930 255.331436157
A 389.050720215 -220.085815430 163.930603027
A 189.846511841 -118.914253235 76.550781250
A 228.956954956 -308.832458496 195.778839111
A 49.662319183 -30.741750717 353.575775146
A 184.382919312 -301.652587891 203.895324707
A 202.980041504 58.170684814 430.491455078
A -15745.437500000 12282.820312500 -17118.007812500
A 371.143432617 -82.632339478 106.469116211
A 178.776840210 -218.894775391 110.154739380
A 432.053344727 -52.041793823 182.821746826
A 244.844085693 -331.398773193 321.105743408
A 328.915557861 -310.037750244 352.432434082
A 200.546554565 -175.160202026 500.419677734
A -11449.532226562 5384.035644531 -9805.440429688
A 334.362304688 -315.002838135 287.545959473
A 391.627838135 52.482734680 341.846191406
A 334.220581055 -122.064208984 85.085807800
A 126.462409973 -31.384254456 120.820785522
A 454.005828857 -29.999073029 259.688995361
A 206.089431763 -328.928192139 295.747619629
A 64.460403442 -8.304261208 366.243682861
A 220.790252686 39.844940186 451.358886719
A 78.686561584 -4.854483128 182.350128174
A 112.386375427 -272.866027832 224.238281250
A 422.015777588 -120.583961487 153.033966064
A 156.866928101 -79.829521179 493.106933594
A 81.720779419 20.511213303 367.714935303
A 40608.445312500 -49342.937500000 62673.000000000
A 416.199737549 -229.260147095 366.668640137
A -7614.919921875 876.536193848 4821.329101562
A 1692.036132812 -3881.105712891 -613.495178223
A 155.803741455 -276.392059326 406.821502686
A 161.068664551 86.046218872 222.874862671
A 438.670257568 -2.886403561 240.354415894
A 324.252197266 -253.117523193 140.674911499
A 45.002502441 -170.933776855 219.824615479
A 377.627471924 5.608179569 148.145553589
A 304.442260742 99.964836121 231.050186157
A 384.515960693 -189.774200439 444.734741211
A 93.927795410 -178.118347168 142.692611694
A 150.991012573 -222.353195190 124.461364746
A -3696.774169922 2367.852294922 104.415275574
A 317.470886230 -252.833724976 446.403411865
A 188.358184814 -121.312095642 506.534301758
A 414.341552734 -199.397903442 174.272705078
A 172.466201782 84.951835632 354.610748291
A 243.080673218 -28.383893967 487.411529541
A 152.619125366 -311.470764160 263.999053955
A 119.989395142 -106.637321472 480.571411133
A 281.646209717 -326.748291016 260.633209229
A 271.719512939 -304.902313232 367.084136963
A 339.196868896 0.461171508 292.799865723
A 157.518096924 -113.961380005 83.482994080
A 388.687835693 -20.607328415 144.932434082
A 300.509429932 -234.748992920 470.252349854
A 30978.021484375 60191.253906250 28721.996093750
A 92.266960144 -160.338653564 442.241149902
A 309.889434814 21.288871765 463.716217041
A 280.962524414 -328.730743408 326.893249512
A 452.764495850 -108.867271423 213.252761841
A 98.593688965 -34.559619904 142.052902222
A 108.945182800 41.228004456 205.368347168
A 269.340118408 -283.704986572 425.466217041
A 356.747406006 79.574996948 249.141036987
A 44.807037354 -97.463127136 197.927841187
A 52.814022064 -51.602302551 375.104003906
A 263.723083496 -202.299758911 88.744613647
A 168.377258301 -26.095186234 458.275878906
A 117.381423950 -43.472618103 459.409881592
A 264.848144531 -208.527130127 490.128570557
A 435.712585449 -52.710117340 392.603179932
A 421.063781738 29.929315567 303.752716064
A 190.741638184 -321.954742432 260.246368408
A 308.423461914 -69.706512451 503.245025635
A 144.309127808 -295.195831299 223.323394775
A 188.133041382 70.197082520 406.055175781
A 88.449317932 -193.749801636 421.048614502
A 28.081134796 -147.893875122 296.148010254
A 212.713165283 -266.227264404 140.101119995
A 252.439636230 91.720878601 189.741973877
A 197.818801880 -36.906543732 327.168487549
A -5124.936523438 47097.828125000 -60184.679687500
A 377.540405273 38.937496185 189.433929443
A -527.839050293 -1423.627441406 198.758819580
A 90.446815491 -218.357086182 408.816711426
A 416.123352051 -229.440582275 209.066574097
A 101.833938599 -70.759384155 125.739074707
A 315.681579590 16.362253189 119.807098389
A 8805.404296875 -566.286437988 -1961.536376953
A 427.174530029 -9.251877785 376.143798828
A 275.152343750 -87.921257019 70.770004272
A 118.571456909 24.597162247 410.120727539
A 131.484924316 -301.840606689 307.272552490
A 10098.758789062 11528.583984375 22057.941406250
A 351.909118652 55.065696716 182.162307739
A 25.460199356 -115.612411499 251.972747803
A 107.826522827 -21.337009430 444.236511230
A 21.333105087 -82.177268982 283.267517090
A 359.592773438 -255.076370239 164.392547607
A 416.762817383 -251.132675171 291.884063721
A 115.359375000 9.697108269 361.422210693
A 98.490127563 -117.148391724 457.119232178
A 37.173458099 -44.812164307 290.402923584
A -4021.034423828 -1619.450561523 3958.119873047
A 196.621856689 102.448585510 250.613250732
A 240.669372559 -223.232467651 96.977737427
A 139.798370361 -110.476066589 450.885650635
A 85.430015564 -8.400561333 401.899475098
A 124.301139832 41.062210083 181.654495239
A -24072.630859375 7626.714355469 4945.304687500
A 94.496162415 -243.057952881 206.543258667
A 296.559234619 -100.614753723 510.226745605
A 122.900856018 -287.480957031 344.052093506
A 41.851200104 -102.038932800 379.464904785
A 365.759613037 23.916332245 381.785400391
A 357.925170898 75.586997986 344.678253174
A 208.326095581 103.858016968 322.824340820
A 439.611877441 8.123626709 277.457824707
A 464.372100830 -53.326049805 303.052154541
A 278.861755371 -292.910400391 167.979110718
A -3229.161865234 3001.507812500 -641.511108398
A 111.847625732 -150.438644409 463.222473145
A 286.056304932 -183.455612183 80.159278870
A 342.497070312 94.907554626 282.869293213
A 265.992492676 -251.405242920 463.795593262
A 104.095489502 6.698415279 163.388458252
A 436.019104004 -220.697036743 323.629241943
A 355.070617676 -7.344051361 126.657508850
A 300.023529053 -313.173248291 364.750671387
A 346.901519775 -122.389533997 497.184356689
A 179.779037476 -83.596641541 79.810798645
A 121.856292725 61.817489624 348.793426514
A 254.270126343 71.656654358 161.082534790
A 467.870269775 -78.842269897 275.097839355
A 311.641296387 -1.800562859 259.566101074
A 225.856918335 -285.583038330 424.528717041
A 139.978164673 -167.297241211 478.254272461
A 264.659271240 -321.369171143 225.434890747
A 279.780944824 33.533981323 121.014259338
A 182.894317627 -245.377899170 129.461090088
A 352.313507080 -40.002311707 475.142791748
A 86.081771851 -261.162963867 341.991241455
A 173.253723145 91.282806396 331.110534668
A 200.445831299 -296.498382568 183.241271973
A 396.807922363 -22.276199341 435.993774414
A 323.398162842 -148.420394897 83.812965393
A 214.178787231 -229.746002197 474.303283691
A 419.042694092 -147.258590698 428.694549561
A 231.142532349 -313.826232910 376.862670898
A 231.145370483 -187.842880249 496.109741211
A -13837.567382812 12699.444335938 2987.341064453
A 369.119689941 -210.294128418 134.162796021
A 400.667297363 -98.739471436 453.785247803
A 11790.644531250 5283.565917969 -27.736663818
A 324.560791016 39.288192749 416.629241943
A 33.838569641 -152.338699341 243.621871948
