533

I -35.465332031 -4.261758804 29.727319717
Y -26.235261917 22.306299210 36.706012726
P 14.490001678 -33.620159149 43.689949036
G 9.288602829 -11.195682526 -3.902979374
Y 63.412139893 -8.758536339 -32.455123901
Y -41.671390533 -76.749626160 51.454566956
X -6.795459270 7.419426441 -0.240917891
I -3.522943020 0.826978743 -4.577044487
Y -1.075130582 -6.633585930 -82.890480042
Y -36.666667938 -77.428291321 52.361862183
Y 22.740409851 -39.795768738 31.484588623
V 7.318150043 -5.638601780 -1.515950322
L 6.125786781 -7.253752232 1.055182338
N 7.983762741 4.273565769 6.652000904
Z 36.821743011 95.787345886 53.695880890
X -26.271390915 9.997212410 -59.722133636
P 1.496509671 -1.868874073 -15.555225372
W -7.629795074 -6.421775818 3.978730202
M 1.382876158 -2.408879519 -10.924558640
W 9.078372955 11.942217827 2.857358456
X -1.986932039 21.244380951 5.298402786
M 0.463029444 -2.501282215 2.048789024
Y 10.834539413 27.175195694 -21.970115662
Y -54.863864899 -44.984863281 2.727257729
M -3.842808247 -28.297012329 -28.031126022
W -4.873863220 10.922356606 20.768972397
Y 11.295168877 -27.756000519 78.756355286
Y 5.097594738 0.149027690 0.626325190
K 32.092285156 -25.289924622 -13.669607162
F -5.278046131 4.892637730 -14.177642822
D 0.475351632 -2.167739153 -1.760753155
G 5.063252449 -0.563252568 4.395813942
D -3.839356184 -0.444244385 -0.278972447
Y 10.086463928 -16.843515396 16.110294342
Y -9.978911400 6.822643757 -7.608857632
N 50.744026184 -6.316222668 7.497449875
Y 7.250429153 -10.161785126 -32.952743530
Y 8.542239189 3.187514067 10.026349068
W -9.263140678 0.484377921 -1.793170452
M 13.836322784 -0.906077743 -3.060379744
Z -54.485500336 -42.826015472 -15.257135391
I 11.371015549 -17.483694077 23.141721725
K -1.399522305 -4.666364670 -10.185517311
Y 38.055236816 -2.227301359 -5.114847660
I 108.716888428 -28.540500641 3.571111202
M 10.386951447 3.249430895 2.101691723
I -54.123058319 67.340698242 43.511997223
Y 7.482882977 73.075386047 11.422044754
M -2.647385359 4.178576469 2.121356010
I -62.082157135 -33.143119812 3.505729198
F -28.479108810 34.320285797 6.096158981
E -9.839317322 2.817500591 -7.620293617
Y -8.870928764 -54.671009064 -6.292519093
M 13.062909126 -23.397476196 17.371877670
Y -10.327400208 48.169898987 5.425760746
V 28.261480331 1.643588424 -32.170669556
M 6.748931408 11.494389534 -2.619664669
K 1.717771769 -2.603008032 5.111695766
D -27.029075623 -16.681543350 19.819528580
Y 93.383758545 -24.396013260 75.299278259
Y -3.604106903 -23.784284592 44.295562744
V 17.396602631 6.649535179 -31.679178238
W 7.742774963 5.486113071 -11.245771408
I -6.316325665 -39.856193542 -50.581871033
J -15.458556175 3.092897415 0.068077356
Y -52.738506317 90.146362305 -26.980850220
T -1.103730679 20.444747925 6.836460590
E 1.011369705 12.459026337 -12.147562027
I 2.335450649 5.106405258 3.647022009
Z 8.400739670 16.075571060 -2.134174585
J -2.437119961 -1.163510084 2.974209785
D -32.159927368 -0.854441762 4.931955338
W 19.496679306 -13.475410461 -18.282676697
D 12.196302414 13.865608215 -12.430913925
Y -38.434913635 -23.299026489 39.468872070
D -48.342742920 -29.422193527 31.290317535
M -1.075742245 3.317480087 -2.303195953
J -14.832860947 0.694237769 26.722494125
I 54.087265015 -21.027433395 -47.260139465
F 21.975086212 29.351427078 -3.785822630
G 7.177794456 -24.544300079 41.922599792
I -5.358595371 -4.493797302 -8.224235535
N -2.187819242 -3.034864664 -2.566911697
Y -58.623031616 31.003345490 -51.017906189
U -6.804532051 12.350035667 -3.177759647
E -52.255657196 21.131938934 3.755755186
Y 49.367485046 26.434410095 27.255872726
K -8.913653374 45.597991943 -6.792312622
K -2.665370703 0.048176933 -6.819473743
R 12.737134933 -1.749077082 1.300549984
Y 0.235731304 11.858103752 -1.980033517
J -15.165222168 2.689448595 -32.026676178
I 62.090282440 -20.411720276 -71.402366638
C 4.570043087 0.224052832 -0.690575242
E -13.607794762 -14.027008057 -10.255096436
I 53.151535034 5.991837025 -32.450019836
I -23.960222244 -88.793670654 12.129726410
I -4.947958946 4.094474316 26.636409760
Q -47.833358765 -44.731273651 -17.896074295
I -15.748792648 5.722904205 2.157791853
L -3.057832003 -3.146934748 9.897501945
M -29.264471054 16.330301285 -15.145903587
J -2.596659899 5.646291733 5.519526482
M 23.848085403 -34.796737671 -21.076528549
I 8.353076935 -30.534543991 15.876296043
D 4.264495373 -3.990448475 -6.179087639
U 30.438344955 -28.849620819 26.396236420
M -4.590606689 2.267546415 -5.103934288
Y 13.411302567 11.907442093 89.489219666
Y -11.495563507 -46.182556152 -6.129382610
N 41.124408722 31.833074570 -16.179170609
N -27.813903809 -16.211013794 90.305206299
Z 0.102291644 -0.969169497 1.087112188
F -1.144741178 10.812676430 13.064090729
I -76.743064880 -64.521774292 70.813301086
M -9.198880196 -1.992168546 10.820758820
I -71.941375732 -39.115383148 -75.851882935
I -4.548844814 -93.971282959 -23.529417038
Y -2.775720596 -27.634057999 -9.626624107
M -1.598854542 -9.569879532 -33.858085632
I -4.862758636 3.023637772 -10.425220490
V -0.337889969 -3.646619081 -31.510982513
O 26.756483078 -42.683631897 -42.263172150
I 23.046520233 1.017083168 12.833617210
I -66.323768616 -49.853633881 -58.567749023
N 4.606017113 1.533429384 3.451615572
I -43.693386078 20.775840759 -36.926242828
D 63.193920135 -12.185158730 -31.880136490
M -27.346090317 18.889320374 10.119276047
Y 97.479682922 -21.248291016 34.616016388
I 27.549573898 -53.820648193 -8.069137573
M -7.211376667 -17.955280304 -7.470634460
I -23.039976120 -7.860417366 -77.750480652
N -0.770483911 7.967348576 3.455136538
Y 20.312746048 -30.216398239 -46.744274139
I 10.932879448 69.140342712 -21.871377945
Y 28.707113266 -23.583292007 10.630461693
T -6.005838394 8.908092499 -12.589689255
I -54.403484344 51.130702972 12.170171738
L -3.655990839 -19.014837265 -12.235256195
M -15.041269302 61.685546875 -26.364683151
X 2.508360147 5.790426731 2.210407257
I 13.447878838 -24.299991608 31.216964722
W 7.351289272 -13.276284218 6.398854733
Y -14.967014313 2.425092459 -2.754670143
Y 49.335327148 -14.944910049 -76.886268616
N -2.223332882 -15.141943932 -32.360366821
W -0.691088736 4.204639435 -19.144666672
Y 69.269706726 21.564025879 -15.480930328
M 3.853550673 1.168004036 1.725026608
G 40.335502625 97.284057617 34.067054749
K 53.794673920 -2.695941687 -7.269067764
X 1.871708035 6.565410137 12.187148094
K -0.849438250 -23.939485550 3.396137238
Y 10.826021194 -21.175287247 2.645184755
G -1.485290289 15.185501099 -3.247956514
I -37.407131195 -34.221343994 4.093922138
Y 11.527676582 -0.126354948 -1.968844533
V 47.394252777 -0.381351709 19.820083618
I 11.823978424 9.590833664 -56.998443604
K -8.033807755 4.158016205 -12.259558678
E 22.651592255 -22.748556137 23.853765488
Y -8.286994934 65.868682861 7.754451752
C -0.318770111 -1.815462351 7.687096119
W 22.208305359 21.672449112 52.939121246
M 24.978221893 24.029764175 5.069130898
P -5.443511486 -19.309961319 1.207614660
Z -16.969280243 10.806187630 -5.283582211
I -29.305322647 44.402320862 21.486745834
D 1.697861433 -1.246620297 -11.226813316
K -24.889328003 -6.672278881 -9.020684242
I 62.610351562 14.127817154 32.080677032
E 2.972071648 -2.211042166 -0.338811249
U -2.232660294 6.492163181 -0.084731936
E 7.643579483 18.969741821 9.092788696
I -36.910736084 4.624333382 35.483169556
C 5.204586983 6.303092480 7.636363029
Y 18.298418045 45.474243164 -41.258262634
I -12.929726601 5.975402355 -3.382169008
P 0.612890422 -0.132801697 3.451968670
I -17.963817596 -6.022257805 61.048454285
Y 7.790341854 -6.625210285 27.027475357
Y -0.325463891 6.007405281 -21.066883087
G 42.480503082 21.923015594 11.405550003
E -3.542374134 1.490569830 2.533767462
Y -50.613407135 -26.123014450 34.819274902
Y -7.725340843 -19.142089844 -27.364522934
E -3.195786476 3.017387152 3.986000538
K 31.283077240 11.756327629 21.012708664
Y -25.661386490 41.513309479 19.826379776
V -52.584724426 6.135234833 44.044738770
Y -4.909300327 -3.891532183 -3.425661802
N -23.648532867 7.984359264 10.134212494
G 33.462734222 -72.664413452 -19.988533020
I 58.794540405 -74.614891052 -59.444847107
Y 37.324760437 7.782837868 71.964179993
M -1.349015951 4.881643772 9.076398849
V -2.480589867 11.778101921 10.285101891
D 1.976675749 9.717460632 -4.152045250
Y 61.195106506 -33.587608337 -62.989982605
Z -14.473865509 -21.087682724 -4.170602322
V -3.150515079 -2.926372766 -20.384759903
V 5.626696587 4.178277016 17.871006012
X 8.508394241 6.792424679 -33.593193054
K -6.913914204 1.164012909 14.533288956
Y 19.622638702 -49.570419312 22.082572937
M -0.551459014 -2.423202991 -4.674761772
V -19.119974136 32.927379608 27.896823883
V 3.355378389 1.781385422 -6.381268024
K 4.439806938 8.531665802 12.498108864
I 11.142833710 46.163883209 44.232826233
X -8.495241165 -7.554686546 -6.066045761
I -35.583858490 -5.697586536 -36.283416748
I 2.917646408 67.652687073 31.055059433
E -1.740310431 -1.140263081 1.595669508
Z -2.170286179 -8.398208618 2.741339922
N -7.143521786 -12.703143120 -11.708032608
F -10.722747803 -2.005494595 -9.026885986
I -5.437164307 3.148849249 -41.643394470
I 39.261352539 31.194549561 -29.491735458
J 23.139566422 12.433193207 -48.017349243
N 49.181976318 9.278845787 -2.110019445
N 1.169235587 -0.187497333 2.581487417
Y -10.120525360 14.983982086 -29.599788666
I 42.901493073 63.689373016 16.943695068
I 15.386547089 31.312103271 -50.947483063
I -21.108654022 42.584117889 -1.479542971
V 0.325684190 0.231255725 4.306072712
D 33.098651886 6.227041245 12.922718048
I -9.033265114 42.262474060 -98.324752808
D -29.785087585 57.453330994 1.874808788
M 18.172018051 13.036440849 30.762739182
Y 4.330153942 30.003446579 35.067955017
E 16.458530426 -0.665277183 23.221559525
I -9.463447571 47.577960968 5.824538231
J 16.616092682 7.687757969 3.203763247
M 1.272347569 -4.367068768 -2.364737034
N 31.679058075 18.652772903 17.030605316
Y -20.838809967 -4.569417000 -15.469436646
M -21.106254578 -28.700166702 -3.298711538
D -50.578117371 21.053684235 -16.666049957
J -85.942108154 8.704830170 -0.316825002
I 25.948316574 -20.727180481 2.875184059
E -29.823223114 -14.116255760 28.077154160
J 15.063660622 47.256778717 7.907907009
Y -8.564820290 1.285347700 -22.662136078
M 16.957799911 6.687738419 -9.672389984
P -3.116497993 3.449546814 3.482893229
F 9.755048752 -20.655027390 -21.270921707
U -10.559699059 4.997948170 9.861669540
G 81.890960693 39.244964600 9.023172379
Y -16.493581772 50.140586853 48.169795990
I -42.144073486 51.945415497 83.044914246
Y -48.874423981 -7.782221794 -11.004303932
N 0.922354996 4.685461044 1.926450253
D 4.980426311 -5.680749416 0.252346069
B 1.514712572 -0.062843934 -12.215206146
A 4.071205139 1.629208803 2.504205227
E -2.483116865 -65.737319946 -4.519204617
D 33.779491425 -62.209564209 21.858924866
Y 32.062252045 -14.360830307 11.085523605
C 27.331523895 -5.459365845 -10.186861992
Y 57.982048035 2.621471643 -43.722904205
I -21.134153366 -0.970631659 -6.503087997
M -10.781463623 -8.724204063 0.557014406
P 15.473257065 13.121703148 19.241529465
I -15.354928970 -83.295112610 20.389760971
I -3.544688702 2.895386934 18.483983994
V 8.466980934 -15.291727066 1.568284631
W -2.843438864 26.634120941 -17.610685349
M -0.321785510 3.834535360 2.976414204
W -6.807018280 1.980410933 2.822769880
Y -8.077053070 -3.908915758 -2.240353107
J 3.506960869 -1.889320374 -1.439007878
D -68.993980408 -51.023643494 -32.052551270
Z 6.324810505 29.896347046 -16.590599060
I 4.567162037 15.081165314 3.878271341
Y 26.711256027 25.017534256 15.633835793
F -5.335226536 -8.981562614 -6.721479893
M -3.956917524 -1.806229711 -7.395592690
V -14.813481331 -63.950920105 -41.945373535
E 8.499162674 -9.970022202 -25.104465485
I 10.868124008 -3.039055824 10.761826515
J -9.108854294 0.934660435 -17.783924103
B 25.539783478 28.717098236 2.396397591
C -4.531526566 5.061317921 -19.723791122
Y 9.792566299 -5.060016155 7.748570442
V -2.453781843 -18.753870010 0.846579313
P 35.808731079 25.152492523 -20.209281921
Y -71.576965332 8.125155449 -2.689746380
M -3.182727814 -9.923180580 -0.171867102
A 9.084314346 -17.222551346 -2.431150675
Z 4.456449032 -2.096035242 1.811954737
I -14.165513992 -14.048212051 -85.169151306
Y 4.348303318 -0.664725482 3.498530626
I -11.834115028 -33.574966431 -17.426534653
N -7.123090744 -26.130651474 26.412759781
M 11.717351913 -17.482559204 -17.932075500
M 10.397927284 -7.126462460 -15.321060181
M 15.112460136 14.411094666 -10.288370132
O -19.033403397 -2.765066385 4.305611134
J -44.273757935 -21.495182037 1.984143376
V -55.766773224 -7.283877850 -13.741370201
Y -16.872798920 7.205571651 39.444801331
E 7.141342640 0.340408146 3.232788086
D 2.240784645 -5.807150841 5.004368782
L -44.944862366 -62.211196899 47.808010101
A 3.092548847 -0.477202654 1.099215984
G 1.183275938 -1.158833981 1.012324810
G -6.317254066 2.680651188 21.372173309
Y 30.869531631 68.118331909 56.413162231
E -19.915000916 45.148937225 -15.044102669
M 4.385048389 2.005457163 4.605129242
G 33.694625854 13.741457939 -12.039348602
Y 4.876457214 3.476433516 4.089744091
F -6.642807007 -9.774461746 -2.149004459
E 13.884169579 -28.715066910 6.909742832
Y -33.519298553 0.413694024 -12.698479652
Z -2.908808708 4.709190845 -4.888693333
Y -33.668964386 4.732848644 -54.643493652
M 19.242454529 11.177044868 -11.018156052
I 3.913598776 -0.150425807 -4.412865639
I -21.258766174 -69.040336609 -19.986291885
D -12.375699043 13.367609978 -41.122749329
O -17.200956345 -12.248297691 9.542128563
I 25.415519714 -5.450440884 -13.985392570
Y 7.254206181 10.563482285 22.436609268
D 0.321975231 -1.028572679 6.531363487
R 3.284394026 8.683538437 -1.142588377
I -9.153668404 70.128585815 -56.657512665
F 6.267759323 12.675637245 -19.703733444
Y -45.191493988 -32.136371613 -7.509025574
M 0.523576140 -4.880373478 6.326560974
Z -0.304714292 -3.930607557 0.723245442
J 3.201548815 -9.371103287 -0.945471048
B -3.418507576 4.431930542 2.094207764
W 7.962988853 -2.308485746 -25.299783707
Z 7.652409077 8.315480232 -4.992745876
I -69.165451050 25.697446823 18.188060760
O 17.192220688 11.478368759 -11.498556137
I -1.642112017 5.720261574 3.187453508
M -2.024673223 -0.291624904 -0.509458899
M -1.636058569 -2.025650740 -4.204120159
P -25.851058960 14.258779526 -2.292952299
G 30.215721130 -43.501686096 -94.431007385
J -16.388160706 -13.146230698 -6.865513802
I -35.565807343 97.753791809 -12.573623657
E -13.873314857 37.899566650 -8.807229996
Y -25.099191666 68.626396179 77.069427490
Z -19.997701645 50.763618469 7.521551132
Y -9.861922264 12.392125130 5.785468578
S 1.034896135 -4.832813263 48.991977692
Y 41.844043732 -5.075325489 -81.634788513
I -3.831415653 -7.623853207 -2.265189171
Y -37.747547150 -13.352239609 26.342660904
D -21.479318619 -21.723375320 -12.790711403
N -12.599163055 14.230214119 23.569049835
M -14.335807800 -16.536277771 28.728034973
Y -36.728038788 -57.765460968 5.389698029
Y 20.819419861 -40.690586090 107.811141968
L -16.071746826 -7.941422939 12.099540710
Y 1.141725302 -1.946737051 1.105200171
W 2.471487045 -10.981851578 -5.520111084
G -0.641610324 21.028289795 12.944440842
L 3.870459795 7.028859615 -2.257945061
I -84.134880066 -14.102766991 16.753589630
E 3.907506227 4.778886318 3.966797352
B -38.693527222 19.180036545 -101.351440430
Y -41.532501221 27.866764069 32.330783844
Y -42.277290344 57.224182129 -35.184871674
I 4.668663502 -26.556465149 -45.749942780
F -11.813348770 -25.971899033 -3.847578049
S 1.337691545 -5.995725155 -2.048125029
M -0.694873989 -1.178484797 -1.129600406
I 43.916851044 47.629837036 -65.649787903
Y -39.841388702 47.248699188 3.693969727
N -56.182537079 85.807601929 8.693023682
Y -30.642175674 -19.349567413 -22.109500885
F 13.795416832 -1.633880258 45.020069122
E -1.063397646 -4.746967793 4.086085796
I 29.116666794 18.942518234 11.585855484
I 4.557069302 3.859159708 -1.019237280
W 2.555843592 -5.559350967 -6.804704666
I 67.813003540 -52.313499451 85.442855835
M 12.502796173 -55.175022125 -12.352420807
Y 65.196098328 -13.891475677 -13.787120819
M -4.681619644 18.734409332 -24.030960083
M 1.329971671 -19.026386261 8.072862625
O 38.571987152 29.094316483 -18.828491211
L 30.514799118 24.066402435 -19.291173935
Y -61.837574005 24.964214325 -57.301765442
M 13.521897316 17.559888840 20.908512115
W 8.483596802 7.577716827 2.572044849
V 8.427208900 -3.152587652 -14.522886276
Y 0.608296573 5.474067688 -40.831993103
M -21.826971054 -9.673485756 1.352634072
C 24.819408417 -5.847187519 45.824256897
K 12.750772476 6.724213600 -14.501019478
I 19.730834961 -38.159065247 -24.362394333
Y 3.724529982 -0.279063344 2.739407778
X 0.715025485 -6.561164856 2.458261490
N -3.216337442 -12.763219833 5.010442734
I -47.288818359 -36.656974792 12.412734985
J 0.062790513 13.236965179 10.060936928
Y 39.554069519 -50.882339478 65.604820251
N 11.368261337 -0.072832331 14.745968819
Y 35.639690399 -2.546818018 -21.508857727
Z -18.176094055 48.197795868 9.762235641
D -14.774281502 -12.656698227 4.339895725
Y 34.173744202 7.538504124 -0.975363731
Y -1.865254641 -33.377532959 34.970569611
I -49.360542297 20.043575287 -5.135698795
Y 29.737333298 -38.776058197 20.402498245
I -4.539705276 -3.379013777 5.301918983
I 7.215338230 -0.234959736 -26.246534348
Y -51.109424591 71.425003052 45.840450287
Y -4.264237404 -1.538679600 -3.768009186
E 0.027919592 -7.503622532 36.956382751
Z 81.565490723 -50.672386169 6.707030296
I 33.284221649 -4.037749290 15.521851540
O 14.260363579 8.204641342 1.019402862
Y -17.199203491 25.204877853 11.857284546
T -10.109273911 -12.469358444 0.363608509
X -0.325072348 8.063165665 28.707788467
Y 32.972171783 33.639331818 -4.647542000
I -26.039224625 12.580589294 -47.855331421
I -13.740895271 -68.547943115 -4.233440876
M 10.991141319 -30.968420029 2.530618429
I -22.649112701 -32.911136627 -5.064464092
I -3.082048178 11.142505646 52.950195312
I 2.424013615 1.125169039 -3.491150856
N 5.077945709 3.466771364 2.538486958
I 42.953159332 83.054443359 37.666027069
N -12.234786034 -10.102660179 22.768741608
M -14.629857063 -0.551854014 -13.608583450
G -5.901686192 4.048851013 3.808535099
Y -19.380165100 -0.399931848 6.049528122
V -23.991092682 22.498352051 -31.190752029
Y 56.505523682 -42.518604279 -1.568617105
I 4.596399307 -42.538490295 52.745380402
M 3.974400520 10.295214653 -2.431169271
Z -13.369534492 -0.846045911 -4.591385365
V -10.305459976 -2.189980268 -9.642393112
J -3.261211634 7.812351227 18.349132538
M -2.796884298 3.014404535 4.999564171
D 12.251983643 -10.964884758 -20.377059937
M 26.023929596 5.460654259 47.433605194
I 1.076828480 -52.039134979 -21.045518875
Z 5.939836979 -10.753590584 -27.909715652
Y -8.357606888 -31.585186005 -8.775909424
G -1.444922447 1.014665723 3.536378860
Y -51.348140717 17.393356323 3.318814516
Y -2.340607405 -0.546022594 -0.378063858
O 14.162304878 9.281172752 -10.499163628
M -2.442208767 -5.373500824 5.162837029
I 1.972257137 -2.642730951 -4.486436844
I 1.821741223 -3.423024416 -0.719746232
I -4.828017712 -6.564615250 -11.075424194
I -7.822694778 66.774993896 -84.924430847
M -52.772384644 -3.500185013 -11.552866936
I 39.294498444 72.857955933 4.806964874
I -0.382891834 -7.975638866 -6.662054062
Q 19.305137634 -9.313543320 -9.890125275
Z 20.632532120 17.850873947 -15.391852379
V -2.843670845 -4.037656784 5.039030552
Y -57.270191193 5.712636948 16.163688660
Z -27.537397385 -42.695980072 -45.274700165
M -20.387670517 -2.033290863 3.555654049
O 0.609756768 21.677246094 -21.060035706
Y 18.206472397 55.152431488 25.530111313
Y 29.809486389 33.096588135 62.159469604
E 22.934789658 4.945453644 -9.583042145
Y 37.512500763 -50.339969635 35.791828156
I -19.288602829 5.592837334 -2.285695076
N -17.115516663 -3.250572205 19.113662720
W -3.852718830 3.804455996 1.362991929
I 13.743000984 -27.536104202 -8.134336472
M -6.095174789 4.942234516 2.743824005
M 0.870403707 1.624320269 1.406919956
X -12.206455231 24.702243805 -3.272989035
K 50.030639648 21.916482925 -46.234210968
I -34.601448059 -27.215003967 75.202552795
Y -16.823049545 77.817611694 -36.985183716
N -1.936800599 1.367044330 2.801924944
Y -7.738564014 17.809175491 19.662933350
Y -0.007624564 9.509717941 28.014146805
I -92.079032898 25.173055649 16.384443283
J -2.090811014 -4.374539375 -3.618844271
I 67.508049011 15.290149689 -14.252778053
Y 8.572564125 2.522565603 4.815184116
J 10.457302094 -8.887301445 16.990549088
M -24.832677841 -1.503852725 -11.242901802
I -67.815963745 -63.719036102 -23.231287003
Y 4.455726624 38.984100342 25.525762558
Y -13.627812386 -33.940898895 34.577407837
Y 44.949295044 8.739714622 17.041950226
P 15.418766022 8.214406967 -1.458989620
X 46.617088318 -43.328468323 14.824350357
I 0.401622206 -6.679763794 0.239802510
E -12.206253052 4.295139790 -32.481891632
K -16.234638214 -33.586013794 5.756620407
M 8.525386810 11.715946198 -1.257642746
G 4.112672806 27.808656693 -37.048057556
G -0.966622412 3.009665251 1.259444952
V -2.141579866 16.551366806 12.608160019
P -4.800657272 2.705595493 -2.571213722
I 32.294734955 -10.321429253 -52.280071259
I -3.440645218 -21.961444855 42.389312744
N 6.894994736 -9.927587509 -5.187983990
Y 17.132379532 -43.795787811 53.606372833
Y 54.980995178 19.075443268 0.677951694
I -35.342155457 -60.245929718 21.569532394
I 60.102134705 -13.931597710 -1.920082569
Y 6.990609646 36.428283691 -18.968542099
K 2.860255241 -6.854067326 -2.629145622
Y 51.772171021 9.891394615 91.347343445
E -2.935378075 -0.660567224 -5.456891537
Y -7.077610970 43.893371582 -49.998893738
K 22.159788132 22.530658722 -4.103838921
X -2.883521795 8.004429817 1.823094130
G -1.202850223 -6.725103378 -17.376821518
M -7.203075409 -5.096115112 12.804900169
W 14.956677437 -11.045645714 -1.222096682
Z 2.314749002 -13.006676674 16.765104294
G 6.597464085 -0.990941346 4.018614292
I -71.688201904 -17.077554703 -10.932642937
M -0.564376175 -23.145313263 -5.069650650
Y -45.936710358 43.624675751 9.440986633
I 28.938274384 -18.791681290 17.752218246
M 27.855991364 -21.960861206 7.698795795
E -36.496601105 -16.351940155 -0.470125943
Y 17.029335022 15.581153870 16.448837280
I 32.838695526 -37.529712677 -11.862459183
