533

A 326.352691650 -45.355384827 117.776283264
A 89.073020935 -161.941894531 351.343200684
A 287.062774658 -124.660011292 382.410644531
A 235.597549438 -258.898620605 238.976776123
A 361.405761719 -36.388263702 278.221801758
A 375.667480469 -85.401573181 250.029693604
A 270.014404297 -188.943786621 268.813812256
A 265.810058594 -95.483764648 381.118225098
A 286.022766113 -4292.056640625 -40934.710937500
A 372.123382568 -119.666816711 227.304138184
A 101.654205322 1.161466956 108.724739075
A 272.940704346 -67.763031006 339.293762207
A 268.247528076 -241.295349121 186.705322266
A 335.819091797 -24.514286041 324.786499023
A 59.124839783 -41.671333313 130.615829468
A 2815.294433594 -648.501770020 6212.322265625
A 220.280761719 -114.617225647 404.880737305
A 160.480422974 -239.300064087 313.731658936
A 83.275077820 -148.610549927 242.624877930
A 271.569610596 19.947429657 112.215629578
A 198.845642090 81.950645447 281.947357178
A 369.182037354 -117.973846436 257.466400146
A 187.509658813 -118.896232605 407.289123535
A 5126.565429688 3868.060546875 3.629786491
A 256.503997803 30.012472153 351.353790283
A 262.283660889 -252.281921387 259.389648438
A 291.085998535 -6.467265606 360.205993652
A 368.802429199 -60.324760437 275.429931641
A 350.971008301 -167.088867188 202.614700317
A 163.319976807 -45.889450073 84.633697510
A 180.555160522 76.255996704 162.406387329
A 366.824127197 -88.335723877 281.922058105
A 368.867248535 -50.433639526 200.584594727
A 273.123260498 -228.394271851 307.842132568
A 347.396209717 -166.585266113 280.749389648
A 74.267036438 -161.120010376 127.886085510
A 216.343658447 -3.224941730 387.516540527
A 86.122940063 48.080818176 249.202682495
A 365.052459717 -112.427017212 179.927322388
A 28.294729233 -90.129699707 269.332885742
A 324.986541748 -123.094924927 114.588150024
A 105.248374939 -86.177154541 79.304656982
A 124.554878235 13.330339432 102.673538208
A 240.946365356 -216.573471069 346.358673096
A -957.279541016 321.491607666 242.230880737
A 254.685684204 -12.689257622 82.594467163
A -39439.468750000 52109.593750000 33120.355468750
A 175.414474487 79.495002747 277.227203369
A 124.878181458 46.180988312 322.691864014
A 120.739051819 -133.470367432 239.110031128
A 55.626369476 18.336116791 225.943649292
A 42.679401398 -51.161960602 152.791824341
A 78.098350525 -126.928955078 103.159210205
A 110.336700439 -179.458938599 356.135925293
A 215.090301514 86.058570862 261.949218750
A 178.526367188 -260.017486572 271.983184814
A 126.774169922 43.513599396 134.623504639
A 79.160987854 -219.147598267 244.129409790
A 65.762336731 -180.740097046 305.533874512
A -54226.320312500 13373.086914062 -41812.343750000
A 101.277587891 -61.605461121 84.217758179
A 198.152770996 -82.441322327 410.221954346
A 104.952285767 -149.109939575 368.174835205
A 148.125961304 -224.888946533 332.629791260
A 62.796669006 -204.695602417 228.107543945
A 278.022247314 -187.122482300 109.938911438
A 213.766250610 90.456565857 239.513183594
A 315.042510986 -217.117004395 202.842987061
A 321.891662598 -205.554458618 268.608551025
A 360.696563721 -154.377441406 232.159027100
A 359.539123535 -70.766921997 157.577835083
A 323.330657959 -143.742691040 184.019577026
A 307.275512695 -195.745071411 146.074798584
A 76.024185181 34.053607941 274.713562012
A 87.745857239 -212.601684570 298.290374756
A 48.136043549 -133.601104736 146.128875732
A 278.333618164 -31.889152527 85.363677979
A 233.711639404 -165.825912476 387.271301270
A 281.528625488 16.572067261 349.479827881
A 176.665756226 12.212652206 84.060028076
A 3340.457275391 -10228.220703125 19230.228515625
A 264.040161133 -10.783039093 377.063476562
A 114.420944214 -192.433517456 116.636444092
A 309.574645996 34.579738617 297.472167969
A 164.559814453 -135.908218384 64.338973999
A 41.448829651 -145.206115723 299.118133545
A 346.133453369 -72.498672485 135.742767334
A 203.543609619 -212.369659424 356.325927734
A 249.255905151 -36.504100800 395.369232178
A 154.779129028 -167.185852051 385.010650635
A 107.432128906 -198.654632568 337.320495605
A 133.788391113 -251.241317749 234.067642212
A 32222.398437500 -10984.569335938 -35001.660156250
A 348.051483154 -114.947883606 321.454589844
A 112.718444824 -220.395309448 154.658462524
A 360.998107910 -126.933555603 282.665252686
A -16176.992187500 -66307.210937500 8474.748046875
A 116.047431946 -125.357795715 77.468185425
A 257.541534424 -155.841873169 386.108673096
A 361.963165283 -139.051177979 189.798080444
A 59.001144409 -98.677108765 343.579498291
A 54.141948700 -72.266830444 133.232254028
A -2160.431396484 4970.004394531 5128.415039062
A 94.113372803 -177.588897705 119.906204224
A 310.492095947 -112.158752441 100.155052185
A 129.469589233 19.467834473 341.519042969
A 288.067352295 -182.042465210 350.087219238
A 183.288543701 -229.185562134 125.755485535
A 60.880584717 -75.371589661 114.303894043
A 179.039810181 -196.483856201 95.853202820
A 38.165992737 -157.807891846 192.749176025
A 294.712615967 -221.550048828 171.626312256
A 45.764213562 -19.043142319 167.597961426
A 238.632308960 -218.445877075 119.583221436
A 188.462646484 -265.031982422 204.965179443
A 326.702270508 -75.345497131 112.572196960
A 173.113494873 -43.984344482 60.717800140
A -1248.417114258 -68093.554687500 -16622.082031250
A 130.526153564 -222.317077637 138.406433105
A 227.724258423 -135.751831055 84.487854004
A 124.162086487 -11.654433250 89.272171021
A 192.822113037 -55.791755676 406.551086426
A 225.106887817 -190.706054688 117.787536621
A 67.630889893 -66.788146973 352.784576416
A -46693.140625000 -36094.246093750 -41788.367187500
A 352.433624268 -14.868126869 282.714263916
A 295.753723145 -228.771392822 195.058349609
A 285.576538086 -154.607498169 370.228912354
A 19.628694534 -81.427467346 246.368392944
A 39.432521820 -9.366881371 229.806747437
A 271.257080078 -65.943611145 392.949035645
A 180.286453247 -6.557746410 388.746307373
A 311.958374023 39.829502106 188.109436035
A 254.306777954 53.746505737 138.433929443
A 312.749816895 -69.684303284 97.878219604
A -686.338928223 -4858.103515625 1700.094848633
A 173.530975342 -162.678573608 70.984527588
A 160.111526489 -253.839019775 282.862915039
A 768.329711914 -619.111816406 89.161956787
A 242.314437866 76.362792969 276.302825928
A 144.511550903 52.304290771 133.715957642
A 93.059852600 -200.376724243 317.251220703
A 240.349227905 -67.093162537 58.926406860
A 216.306518555 -252.823898315 301.607604980
A 36.093296051 -21.006366730 254.974105835
A 24514.816406250 -8341.082031250 -35624.425781250
A 237.334487915 -132.917480469 399.607818604
A 217.873291016 -115.953483582 219.977752686
A -3327.795166016 -990.878601074 1059.895385742
A 194.928115845 32.070774078 101.661308289
A 74.895515442 -176.447326660 209.628280640
A 66.496994019 -39.634731293 345.393524170
A 250.896835327 65.935012817 164.698715210
A 78.221328735 -212.954162598 209.392623901
A 126.674453735 25.498897552 351.534088135
A 54.174030304 8.542871475 188.080337524
A 328.155639648 -25.475809097 132.370269775
A 177.400146484 -84.938148499 52.177898407
A 318.976196289 -173.590591431 328.897491455
A 33.329952240 -106.257278442 300.222167969
A 59.526203156 -149.608703613 142.977096558
A 69.861595154 -21.084728241 139.355865479
A 208.705749512 87.423301697 196.117507935
A 232.739379883 47.928627014 340.734924316
A 112.241836548 54.066497803 169.493637085
A 69.361320496 -205.348648071 193.999771118
A 61.183784485 21.390531540 203.761383057
A 53.784461975 -187.660903931 255.242416382
A 80.811149597 43.718742371 212.938095093
A 302.169189453 -228.494491577 240.722869873
A 154.954742432 74.942123413 177.613510132
A 274.053802490 -225.322204590 149.513595581
A 26.831447601 -127.232192993 218.727630615
A 214.637039185 10.843775749 83.851829529
A 298.741149902 57.646503448 216.764144897
A 315.748443604 -148.136016846 116.226402283
A 313.304565430 2.614532471 330.420471191
A 263.177856445 -52.172718048 71.363044739
A 135.380416870 -246.547607422 282.048309326
A 142.296630859 78.970977783 225.076324463
A 243.063232422 -36.790836334 70.498519897
A 35.408996582 -108.493835449 161.010879517
A 360.096191406 -16.807489395 243.401260376
A 270.933105469 -178.750793457 364.892944336
A 160.180130005 68.799751282 303.751007080
A 149.695373535 -9.934201241 387.087371826
A 3411.519287109 7955.124023438 10887.305664062
A 214.343307495 87.511688232 217.540283203
A 76.351356506 -179.408630371 144.420043945
A 348.356628418 -179.495559692 232.760147095
A 158.815155029 -68.731239319 405.773925781
A 38.656871796 -15.379320145 200.300964355
A 310.791809082 -206.750137329 168.520767212
A 660.094238281 -1040.730468750 -49.401596069
A -24686.621093750 31431.392578125 25659.542968750
A 39.830715179 -158.661407471 269.650177002
A 264.240142822 -140.851104736 75.645484924
A 207.772628784 -218.313247681 112.009521484
A 65.906837463 28.526006699 247.745330811
A 34.455978394 -43.557754517 176.930740356
A 325.470458984 -152.992599487 337.149749756
A 201.328643799 -113.361755371 56.955474854
A 229.017776489 -182.082550049 83.012695312
A 122.412506104 -233.639968872 302.389617920
A 147.645584106 -155.664001465 78.348098755
A 103.059562683 59.773971558 239.138839722
A 141.586502075 -250.001373291 185.154922485
A 133.545181274 -173.111389160 372.954101562
A 239.876510620 -89.122108459 61.448711395
A 47.915367126 -180.773406982 200.392028809
A 230.076309204 -11.032558441 75.368751526
A 255.456024170 37.812183380 119.315773010
A 74.720924377 -89.018882751 101.698837280
A 138.825103760 -1121.130493164 -236.037353516
A 54.143009186 -131.375976562 328.815734863
A 328.824584961 33.376544952 213.378906250
A 215.363891602 -45.855697632 403.728424072
A 73.371040344 -109.945678711 110.262321472
A 225.793594360 -94.510864258 406.815063477
A 211.413558960 -27.384408951 63.154842377
A 278.463958740 -82.580215454 76.071838379
A 335.823577881 -14.951779366 224.616485596
A 163.508850098 -47.474250793 402.303771973
A 229.820938110 63.694732666 143.439804077
A 94.009071350 1.160400510 345.791595459
A 270.998352051 65.983528137 179.149520874
A 259.726104736 -247.733398438 212.820526123
A 197.312347412 -50.790332794 58.229343414
A 180.522979736 -251.357955933 230.821868896
A -5833.669433594 32613.767578125 -77438.156250000
A 47.095344543 -103.166740417 137.136245728
A 130.349273682 -137.051803589 389.721649170
A 137.339126587 -124.564277649 67.904457092
A 177.330368042 -120.127113342 57.557308197
A 175.452209473 87.575675964 234.420623779
A 208.433212280 81.183219910 176.956924438
A 358.860504150 -69.192779541 304.708801270
A 293.123260498 -130.488250732 89.743705750
A 337.074890137 -154.223068237 314.041259766
A 246.642959595 -233.001449585 321.102630615
A 65.727867126 12.956607819 166.916244507
A 318.581390381 -199.299407959 297.394866943
A 329.393829346 21.628091812 184.967285156
A 295.194427490 -100.412147522 84.536140442
A 349.544281006 -144.856124878 161.261611938
A 301.708435059 -38.588016510 96.796432495
A 43.002449036 -121.092048645 314.551025391
A 165.971099854 -214.049942017 352.425994873
A 219.797836304 27.085435867 364.183959961
A 349.110168457 -142.215667725 306.995300293
A 45957.527343750 21184.650390625 5512.043945312
A 584.632446289 -1381.161987305 -919.071472168
A 353.700622559 -109.662658691 152.212524414
A 206.149581909 -264.345184326 226.803359985
A 155.251296997 65.729515076 154.335830688
A 272.662750244 -207.923843384 336.739471436
A 54.159076691 -28.122598648 319.701446533
A 143.861053467 -38.009922028 67.418869019
A 331.691436768 -55.523612976 343.540161133
A 300.471649170 -220.848617554 286.119842529
A 242.817779541 68.683708191 302.276092529
A 166.455551147 51.636772156 122.905914307
A 47.436359406 -81.290748596 327.074401855
A 333.042755127 18.247505188 275.005706787
A 27.651166916 -66.197280884 282.148620605
A 312.865722656 -35.135280609 357.231781006
A 254.033432007 -169.940994263 85.795021057
A 37.790596008 -165.578201294 242.080795288
A 264.527099609 49.729393005 321.626831055
A 311.226928711 -104.873298645 367.301361084
A 203.790786743 -15.676814079 396.303253174
A 267.715576172 73.908882141 255.874755859
A 267.637359619 63.607376099 293.404785156
A 302.367584229 -192.762359619 332.538146973
A 34.030914307 -156.064437866 223.569259644
A -2611.038818359 -13327.451171875 6997.194824219
A 277.651092529 -157.734497070 92.172569275
A 327.438140869 -1.695663929 146.405731201
A 106.259834290 -216.190994263 269.752777100
A 23.930431366 -114.094543457 262.109649658
A 1388.386840820 5414.822265625 3771.256835938
A 198.105865479 34.474990845 178.335327148
A 351.333953857 -24.437320709 168.044372559
A 131.500534058 -200.892379761 351.223022461
A 115.193382263 -24.738180161 379.357238770
A 344.826507568 -172.671340942 182.104873657
A 224.479156494 -122.443824768 59.819942474
A 108.675399780 -153.131515503 93.195396423
A 146.284973145 -121.323936462 399.364471436
A 31.185342789 -73.049362183 218.687210083
A 297.685424805 58.957489014 251.778427124
A 288.626068115 -238.820205688 221.316757202
A 320.235198975 10.911517143 313.759063721
A 207.994812012 -140.128906250 400.134826660
A 154.100097656 -85.756011963 159.373962402
A 313.557708740 45.014118195 239.566192627
A 150.929382324 27.718442917 105.884574890
A 229.827239990 42.898715973 114.841690063
A 123.261550903 -94.324516296 394.042205811
A 195.536300659 -184.535644531 379.149383545
A 361.215209961 -50.935104370 179.751586914
A 332.220336914 -197.916397095 201.656097412
A 361.794006348 -66.804595947 251.434005737
A 96.569290161 -56.620986938 375.378906250
A 347.265411377 -72.434089661 325.407012939
A 374.747985840 -95.700500488 228.811203003
A -22973.560546875 -33735.562500000 26065.824218750
A 163.086730957 -3.034640312 82.798995972
A 87.976112366 43.619682312 184.502395630
A 204.706436157 -237.574584961 324.462799072
A -929.923889160 -2822.531250000 -1773.441772461
A 112.795654297 29.196371078 129.715682983
A 310.720031738 -125.270736694 362.226226807
A 335.404998779 4.226464748 167.071166992
A 28.620454788 -44.520854950 200.654174805
A 371.011322021 -88.863586426 198.734024048
A 26.264364243 -79.604469299 180.302795410
A 171.149337769 15.731103897 373.902893066
A 301.745819092 -51.588062286 371.919799805
A 98.817848206 -118.655670166 87.756248474
A 26.613990784 -50.098346710 261.068756104
A 246.990676880 82.163810730 214.250015259
A 145.975814819 -5.828777313 80.591217041
A 186.649642944 66.138992310 318.027374268
A 51.061614990 -62.706272125 328.636535645
A 244.485076904 82.417289734 242.494689941
A 286.240783691 -237.099563599 269.653228760
A 55.006450653 -175.574752808 287.810729980
A 208.535736084 -244.461227417 154.093185425
A 116.001518250 56.508964539 295.128601074
A 192.574111938 -8.879139900 69.781700134
A 53.122406006 -171.148025513 170.427429199
A 185.120849609 42.842575073 113.041595459
A 289.926483154 37.594604492 319.330657959
A 121.951332092 73.417427063 250.731079102
A 176.705764771 -90.597282410 408.185058594
A 264.317352295 -125.117034912 393.335723877
A 360.083374023 -103.670745850 299.910095215
A 365.642181396 -132.022827148 211.848068237
A 142.461914062 -214.398193359 122.985641479
A 93.578277588 37.200172424 308.144653320
A 295.503875732 45.763313293 172.462615967
A 340.229217529 -89.114494324 337.014923096
A 206.453414917 76.278785706 300.185729980
A -268.604949951 579.627868652 1432.761718750
A 218.505783081 -202.239547729 95.628356934
A -15615.004882812 43812.558593750 -3799.816894531
A 137.749740601 -37.657436371 391.427276611
A 360.153167725 -143.133316040 265.008422852
A 319.507141113 -212.675552368 245.335189819
A 51.409202576 6.105297565 256.506439209
A 190.991348267 -83.366355896 59.356517792
A 154.419097900 -197.315658569 365.662200928
A 342.452178955 -127.372962952 137.129348755
A 7301.508300781 2589.625244141 -4272.686523438
A 177.576782227 88.466270447 214.450729370
A 296.028320312 -73.122917175 381.436218262
A 119.913200378 -47.141925812 76.351264954
A 30.315229416 -135.700393677 268.269744873
A 97.894317627 -202.887207031 145.311248779
A 239.143371582 -252.410949707 186.441513062
A 240.769821167 -8.743834496 384.843261719
A 245.416809082 -233.419738770 148.809951782
A 220.769989014 60.794898987 322.241912842
A 199.283370972 54.145534515 335.660003662
A 199.514511108 38.688941956 356.454193115
A 347.080413818 5.015292168 260.833190918
A 179.655685425 -257.099151611 181.667282104
A 99.433982849 -234.058380127 209.517669678
A 134.889328003 9.981582642 368.652801514
A 293.236968994 -214.231094360 314.100463867
A 129.811401367 -250.465118408 259.031890869
A 120.442581177 70.398185730 212.554092407
A 301.000915527 17.604534149 134.150207520
A 249.426361084 -243.461837769 162.623428345
A 1645.191772461 -1848.138305664 0.795009196
A 101.493682861 56.757904053 203.859069824
A 310.576263428 -174.640258789 131.003112793
A 151.845138550 -94.958900452 60.995723724
A 182.171081543 -246.466629028 155.924514771
A 38.710342407 -24.311756134 281.602569580
A 145.941909790 -241.541671753 162.834304810
A 162.022109985 45.134365082 343.294311523
A -12557.557617188 9795.977539062 -13652.267578125
A 295.671112061 -66.243934631 84.781547546
A 143.020782471 -174.548538208 88.131820679
A 344.729949951 -42.451648712 145.494094849
A 194.370773315 -264.821807861 255.227478027
A 261.924285889 -246.674148560 281.531402588
A 160.484329224 -139.753417969 398.483856201
A -9131.810546875 4293.154296875 -7820.618652344
A 266.329040527 -251.081344604 229.272354126
A 312.988647461 41.335247040 272.380218506
A 266.646392822 -97.349945068 68.255256653
A 99.953704834 -25.088930130 96.465896606
A 362.288726807 -23.966819763 206.422302246
A 163.024948120 -262.134613037 235.244598389
A 51.703311920 -5.957029343 291.713348389
A 176.233688354 31.135000229 359.990844727
A 62.586906433 -3.868714333 147.362930298
A 89.763160706 -217.944229126 178.348434448
A 336.842163086 -96.212631226 121.370109558
A 125.089729309 -64.344978333 392.585357666
A 65.913055420 15.059074402 293.063873291
A 32385.117187500 -39350.984375000 49981.781250000
A 331.046386719 -183.365203857 293.004028320
A -6073.320800781 699.469604492 3844.726074219
A 1349.265502930 -3095.048095703 -489.266540527
A 124.900367737 -220.266448975 323.291351318
A 128.628799438 67.801841736 176.546997070
A 349.319915771 -2.309103727 191.860412598
A 258.487152100 -202.274703979 111.883560181
A 35.130100250 -136.424392700 174.928970337
A 301.579040527 4.242304802 117.962020874
A 242.535842896 78.787780762 185.493759155
A 308.743530273 -150.467514038 356.631744385
A 76.200630188 -142.257507324 114.881370544
A 120.327674866 -175.809158325 99.436561584
A -2948.278808594 1888.230224609 83.876396179
A 253.376190186 -202.409759521 355.332885742
A 149.265930176 -96.521545410 403.491088867
A 329.969116211 -158.749923706 138.752273560
A 137.337600708 68.230010986 283.922668457
A 194.698562622 -23.008548737 388.189147949
A 122.833984375 -248.028366089 210.280288696
A 96.674423218 -84.960113525 382.794708252
A 224.764205933 -260.954895020 206.956726074
A 216.323425293 -241.750869751 292.400085449
A 271.188964844 1.552022934 233.350723267
A 125.602935791 -90.961166382 67.327980042
A 309.263549805 -15.701462746 115.986053467
A 239.889358521 -186.563705444 373.854766846
A 24705.806640625 48001.906250000 22905.244140625
A 74.234611511 -128.917541504 352.419494629
A 247.707870483 16.470333099 369.682220459
A 222.790435791 -261.211730957 260.877075195
A 361.470001221 -86.950927734 170.582107544
A 79.736526489 -27.555622101 113.090927124
A 86.046073914 32.031219482 164.366851807
A 215.167404175 -226.121704102 339.191040039
A 284.825195312 63.621639252 199.413269043
A 35.590732574 -78.266433716 157.831710815
A 41.229831696 -41.475673676 300.162170410
A 209.954040527 -161.443511963 71.252304077
A 134.154693604 -22.016971588 365.934326172
A 93.916465759 -34.553054810 366.536529541
A 210.596160889 -166.457687378 390.426116943
A 347.508758545 -40.875488281 313.394775391
A 336.578216553 23.815782547 241.972335815
A 151.498001099 -256.372314453 207.813552856
A 245.343933105 -56.694660187 400.241363525
A 114.886543274 -234.973892212 177.506515503
A 150.642730713 56.335472107 323.783050537
A 70.622726440 -154.244094849 336.364532471
A 22.346879959 -117.681503296 237.231216431
A 168.592926025 -212.624542236 112.322052002
A 200.780532837 73.643676758 151.364379883
A 158.666915894 -29.369741440 260.876525879
A -4086.659179688 37559.929687500 -47997.871093750
A 300.625213623 30.877267838 150.976135254
A -420.897949219 -1135.154541016 158.526535034
A 71.870841980 -174.575973511 325.644500732
A 331.892761230 -182.667114258 166.461883545
A 81.031822205 -55.619323730 99.216072083
A 252.007949829 12.316790581 95.154930115
A 7021.965332031 -452.263214111 -1564.125732422
A 341.057678223 -7.523266315 299.600158691
A 218.255355835 -70.933113098 55.888355255
A 94.442520142 19.615135193 327.216186523
A 105.258399963 -240.716217041 244.011947632
A 8053.246093750 9194.583007812 17592.710937500
A 279.606323242 43.298625946 145.861160278
A 20.971632004 -91.660697937 201.409500122
A 86.002937317 -18.182611465 353.292877197
A 17.700628281 -64.836921692 225.599533081
A 285.814208984 -203.596527100 131.428009033
A 331.887695312 -199.973541260 232.221389771
A 92.266197205 6.974667072 288.169860840
A 78.851173401 -94.056617737 364.773681641
A 28.575445175 -35.998519897 231.324462891
A -3206.919189453 -1291.453125000 3156.291503906
A 155.790802002 81.170173645 199.837814331
A 191.618347168 -177.841827393 77.334106445
A 111.047889709 -87.064704895 360.711700439
A 68.506530762 -6.502360344 320.443725586
A 98.236976624 32.771057129 144.100952148
A -19197.625000000 6081.725097656 3943.562988281
A 74.960723877 -194.240631104 163.855438232
A 236.841323853 -79.636871338 406.425262451
A 98.126502991 -230.650955200 274.639953613
A 33.250289917 -81.246955872 302.283325195
A 291.695770264 18.889644623 303.665313721
A 285.219970703 59.946056366 273.987457275
A 165.172622681 82.430473328 257.344268799
A 350.586944580 6.399840355 221.166015625
A 370.333709717 -43.205627441 241.622512817
A 222.640594482 -233.520935059 133.188751221
A -2575.000000000 2393.774169922 -511.269622803
A 89.953056335 -119.263160706 369.910400391
A 227.530014038 -145.573196411 64.348937988
A 271.746459961 74.562423706 225.519607544
A 211.479019165 -199.461975098 369.328338623
A 82.638328552 3.322051048 128.798812866
A 347.478820801 -175.076477051 258.345062256
A 283.019409180 -5.734703064 99.276329041
A 238.960372925 -249.643035889 291.195312500
A 276.665191650 -97.431343079 396.273925781
A 142.884887695 -67.429763794 62.411369324
A 96.910270691 49.737167358 278.802764893
A 202.113998413 58.770977020 129.065872192
A 373.844238281 -64.034172058 219.623962402
A 248.717117310 -1.595607758 207.393493652
A 180.259552002 -227.482971191 338.569946289
A 112.735832214 -133.565902710 381.290679932
A 210.792770386 -255.215011597 179.845214844
A 223.083251953 26.718992233 96.901573181
A 146.456192017 -196.545440674 103.195549011
A 280.936431885 -31.398946762 378.444305420
A 68.929946899 -207.136962891 273.030578613
A 138.327407837 72.524375916 263.894622803
A 161.245986938 -237.687103271 145.692840576
A 315.417938232 -17.634611130 347.734558105
A 257.026702881 -118.647659302 67.313369751
A 171.215316772 -183.601333618 378.372985840
A 334.403259277 -118.131317139 342.569000244
A 184.377120972 -249.983535767 300.532745361
A 183.399169922 -150.003799438 396.338348389
A -11034.958984375 10127.062500000 2382.527099609
A 294.117492676 -167.100036621 107.899742126
A 320.566345215 -79.348670959 361.921905518
A 9403.033203125 4213.338378906 -22.590282440
A 258.095001221 31.005426407 332.485687256
A 27.708324432 -121.101730347 194.571228027
