533

X 7008.706054688 2069.325683594 -6500.546386719
X -2346.107666016 -1660.666625977 2489.539062500
X -947.188842773 226.329849243 -1706.224365234
X -366.368713379 1955.957519531 14.560628891
X 13.787552834 -180.356689453 158.312606812
X 11.411651611 -164.234710693 166.409103394
X -7109.549316406 5809.767578125 -335.962799072
X -5075.889160156 385.087127686 -10732.776367188
X 164.399093628 -3305.112548828 -31710.681640625
X 126.006927490 -146.424530029 171.596633911
X 256.961791992 -246.778549194 296.168151855
X 5645.040039062 -4744.981445312 -1912.356933594
X 88.616249084 4.489109039 217.070770264
X 6941.230957031 3271.483886719 4706.479003906
X 312.319793701 -197.582931519 276.125671387
X 7536.510742188 -1804.108642578 17065.779296875
X 153.399658203 -147.291183472 6.616671562
X 199.044982910 16.710769653 94.820358276
X 732.806579590 -2150.888183594 -8336.428710938
W 88.718902588 -256.221527100 306.840454102
X 435.546875000 8422.250976562 2415.885986328
X 92.419479370 -150.407272339 176.356796265
X 184.697967529 -125.217033386 -17.278051376
X 14495.926757812 11547.660156250 -603.916992188
X -1457.397949219 -4151.757812500 -4743.608398438
W 114.029876709 28.626708984 143.784393311
W 69.328216553 -252.865325928 54.182659149
X 9477.675781250 1106.408813477 2274.603027344
X -8326.166992188 4637.806640625 1972.257324219
X -2476.411621094 3159.185058594 -10192.276367188
X 160.968597412 -321.326934814 258.649932861
X 93.166816711 -150.460220337 173.324417114
X -8071.380371094 -1950.764404297 1342.483642578
X 1609.163818359 -2277.133056641 1450.492553711
X 56.673030853 -91.324211121 129.161392212
X -5234.411132812 -2943.224365234 -3843.681884766
X 1588.233520508 3884.648925781 7787.920898438
X 2924.059814453 -3262.394775391 -382.770996094
W -3.089001656 -116.791557312 215.203826904
X 8743.811523438 -745.322570801 -1451.299316406
X -137.843917847 -229.010955811 239.137435913
X 271.468322754 -157.126632690 345.764495850
X 199.580245972 -170.522674561 184.871109009
X 142.304779053 -109.255432129 139.002105713
X -15130.111328125 5138.055175781 54.195083618
X 114.259918213 -226.664779663 339.665863037
X -23676.378906250 31235.302734375 19836.166015625
X -10.743076324 309.310607910 102.784538269
X -2756.347656250 6353.536132812 4070.706298828
X 11574.089843750 6196.304687500 -766.958007812
X -7394.059570312 5922.621093750 -524.841064453
X -2045.480712891 470.638671875 -1131.294189453
W 299.180389404 -76.759590149 319.268463135
W 276.548919678 -57.743583679 31.774490356
X 161.210601807 -240.205978394 163.030014038
X 214.406753540 1031.284912109 -62.910926819
X 234.252990723 -272.649291992 303.086364746
X -1132.155395508 -1315.603271484 280.499420166
X 6779.144531250 4866.451171875 -4274.210937500
X -33081.878906250 8142.658691406 -25499.203125000
X 271.985839844 -184.712036133 339.187927246
X 413.415222168 -380.440155029 -7433.960449219
X 4381.639160156 1966.112304688 -6183.643554688
W 226.851638794 3.779406548 61.976074219
X 312.824340820 -16.917659760 185.044815063
W 86.948883057 -38.039146423 303.978088379
X 164.365692139 -327.551116943 156.721435547
X -965.327392578 453.525787354 578.164062500
W 48.053878784 -20.553224564 128.087615967
X 21.822114944 -90.106437683 186.920791626
X 2725.833740234 -90.969459534 -1229.272827148
X -7785.955566406 5481.133300781 1755.308227539
W 59.765014648 -27.480152130 264.765777588
X 279.630859375 -293.309844971 112.691040039
W 293.625396729 -5.917168140 110.794395447
X 293.460449219 -71.001907349 275.948974609
X -732.460083008 -958.966796875 1857.175659180
X -276.139099121 769.599853516 -1554.055175781
W 93.634170532 -268.017089844 49.103794098
X 196.017593384 -240.787506104 336.105560303
X 3653.897460938 -11503.431640625 21546.466796875
X -4364.732421875 -5005.701660156 -9853.532226562
X -4410.419921875 -4221.769042969 -4969.417968750
W 56.408802032 -269.805236816 92.538757324
X 187.170654297 -84.898918152 363.501190186
X 340.466217041 -88.376823425 94.310142517
W 26.356128693 -158.788192749 286.406219482
X 151.021759033 -21.511440277 53.568786621
X -2481.776611328 -2545.379882812 -9177.028320312
X 220.748565674 -83.347274780 5.689626217
X 897.327819824 1972.205322266 -548.617065430
X 249.385574341 24.459171295 169.887924194
X 22947.751953125 -7812.773925781 -24943.236328125
X 155.894699097 -148.641647339 175.549133301
W 261.020294189 5.258628368 268.398681641
W -4.263314724 -119.319572449 135.064605713
X -9955.379882812 -40652.816406250 5190.382812500
X 261.659698486 -96.490539551 341.678405762
W 108.779365540 -85.758293152 -3.116796017
X -9265.198242188 2731.115478516 1609.747192383
X 315.786071777 -133.096221924 51.324424744
X 9263.935546875 -1257.610229492 6923.469726562
X -5880.310058594 12803.634765625 12624.470703125
X 292.289093018 -51.994365692 297.988525391
W 52.991149902 -129.932846069 317.259094238
X 4971.250488281 -6785.108886719 -7839.999511719
X -3653.794433594 3186.622070312 -4558.121582031
X 184.371658325 -0.603070498 289.339416504
X 268.175262451 -163.859512329 260.192260742
W 187.393936157 -24.227972031 327.175567627
X -4999.906250000 -3335.888671875 -1988.787963867
X 128.339248657 -55.502410889 210.821746826
X 305.168853760 -216.980102539 253.805267334
X -1242.221191406 5258.683105469 5429.442871094
Q 179.723388672 57.569389343 218.112686157
X -5960.596191406 -1494.542114258 5949.585937500
X 212.487075806 390.715606689 -1379.879272461
X -767.694519043 -41454.132812500 -10160.662109375
X 1578.063598633 2174.091308594 1459.467529297
X -106.225051880 3661.522460938 6855.251464844
X 234.563064575 -243.655014038 328.146148682
W 164.986206055 -209.443405151 -7.501868725
X -1416.496093750 7259.604492188 8460.375000000
W 293.629364014 -182.533386230 24.415328979
X -28121.066406250 -21706.439453125 -25154.177734375
X 27.836673737 -243.289474487 114.223281860
W 74.003997803 1.519199371 216.614273071
X 83.628517151 -82.191040039 43.172054291
X 262.251922607 -137.882949829 162.095977783
X 3938.357666016 -2051.749755859 69.940780640
W 113.344017029 -197.233108521 7.497645855
W 180.424575806 -252.679016113 14.852155685
W 62.912250519 -296.369232178 207.590408325
X 130.219711304 -269.924835205 243.132232666
X 102.240112305 -157.692291260 241.981460571
X -3018.349121094 -16887.771484375 5422.356933594
X 194.245529175 -65.499053955 345.853210449
X 218.969161987 27.555913925 138.643386841
X 11701.940429688 -10399.228515625 -2601.990478516
W 141.971084595 -329.355072021 120.653976440
X 204.941635132 -288.084808350 297.169616699
X 282.652557373 -22.808320999 87.086746216
X 128.259628296 -160.486068726 350.509490967
X 465.859649658 -2526.699951172 1224.550659180
X 4857.900878906 -2696.306152344 -1147.848510742
X 18293.619140625 -6212.004394531 -26723.597656250
W 126.950172424 -104.511100769 -5.946135998
X 346.784240723 843.038330078 -10747.830078125
X -16258.081054688 -4474.276367188 3899.921875000
X 359.534149170 -2378.810546875 2197.397460938
X -11867.901367188 -8727.600585938 -2085.937011719
X 287.533172607 -215.514160156 43.134269714
X 764.668762207 1249.237792969 -378.053680420
X 7793.992675781 7278.253417969 1311.053100586
X -1066.170898438 2297.378906250 2745.518066406
X 298.679931641 -251.845581055 231.599029541
W 47.000644684 -216.348876953 297.470214844
W 159.498031616 -158.771194458 370.836975098
X 35.672611237 -65.945465088 80.807228088
X 303.493011475 -132.748336792 120.254966736
X -2200.578857422 843.399780273 2360.005371094
X -5000.124023438 4067.225830078 -5563.697265625
X 320.345977783 1279.113769531 -198.380523682
W 150.767135620 -294.813812256 52.583366394
W 257.470642090 -325.450042725 217.349624634
X -5857.805664062 -5493.510253906 -753.628601074
W 305.297698975 -303.770690918 175.860031128
X 304.429290771 -43.377696991 163.726669312
X 284.187377930 -281.654937744 177.927795410
W 50.774517059 -6.936414719 185.664596558
X 566.840698242 -2170.751953125 694.372070312
W 100.761077881 -1.660027981 273.479095459
X -1382.631103516 -426.923858643 90.896179199
X 149.336318970 -254.031707764 325.869995117
X -655.682983398 -1200.229858398 633.856628418
W 34.007980347 -93.479202271 285.564331055
X 5608.822265625 4295.374511719 5343.021484375
X -803.493774414 -553.220153809 2196.768554688
W 249.599548340 42.829959869 135.676376343
X 216.258499146 -330.369476318 175.950820923
X 1068.377929688 1067.665771484 -4573.489257812
X 344.834442139 -110.841072083 260.562377930
X 115.699737549 -167.733612061 171.753677368
X 97.152847290 -62.809646606 85.512954712
X 201.671478271 -307.974090576 87.332054138
W 219.723571777 -247.394775391 16.100816727
X 5163.311523438 12445.792968750 16789.849609375
X 375.117767334 2457.037841797 -134.680740356
X -8064.251464844 -5401.511230469 -5032.523437500
X 3585.925537109 -1825.762573242 -61.792671204
X 664.865356445 -541.394409180 -1748.644042969
X 331.674285889 -225.846038818 215.602645874
X -6134.746582031 7406.839355469 4175.663085938
X 6859.924316406 -13928.106445312 -3906.794921875
X -17860.333984375 22664.273437500 18497.662109375
X 293.062805176 -98.542350769 146.558258057
X 757.801513672 -711.460815430 -1451.987304688
X -1037.227905273 7526.989746094 6428.629882812
X 297.628295898 -303.586334229 155.958587646
X 330.514770508 -207.349777222 252.564254761
X -4115.261718750 2013.391845703 -3229.838623047
X 174.484039307 -797.627380371 -7153.836425781
X -188.469070435 968.932861328 1996.446289062
X 253.599243164 9.193529129 115.775459290
X 212.266036987 -55.232021332 336.569396973
X -673.784179688 986.943725586 244.121673584
X -2570.823242188 -6656.347167969 -1909.633300781
W 252.349731445 -64.348266602 16.585474014
X 1718.172119141 743.098083496 -5329.505371094
X 338.362854004 -35.546062469 205.292907715
W 136.933547974 -230.350280762 351.805389404
X -371.439239502 -1786.808105469 1408.023925781
X 316.494110107 -140.021514893 313.170959473
X -898.140869141 -14612.506835938 -6479.647949219
X 322.872131348 -101.849456787 71.674598694
X -651.697814941 -1087.112915039 394.331939697
X -479.346801758 -3078.558837891 -4917.789062500
X -6026.557128906 -1454.536132812 -5911.667480469
X -1240.186035156 -170.890075684 -8122.798828125
X 151.437805176 -202.545516968 340.789764404
X -616.645996094 -374.863800049 1232.797363281
X 10565.289062500 5435.202148438 209.163436890
W 221.712448120 -215.710266113 -3.919763803
X 150.305419922 -291.930145264 260.368988037
W 275.654968262 -282.584960938 49.486312866
W 95.992057800 -312.315643311 235.804595947
X 4620.002929688 -7721.495117188 -183.758010864
X -19.966608047 -2521.238281250 8318.707031250
X -450.768371582 -8751.784179688 1841.231079102
X -3332.016113281 18598.923828125 -44177.710937500
X 327.154418945 -137.066085815 276.533477783
W 247.745330811 -108.960548401 -2.956612825
X -456.250335693 -440.157562256 -1433.036743164
X 171.104919434 -106.371284485 358.233459473
X -611.090332031 7736.235839844 -123.271415710
X 147.128494263 -323.970275879 212.568832397
X 17.579576492 -155.393310547 116.554504395
W 80.355773926 -103.849319458 335.190216064
X -4961.132812500 1469.060546875 -4233.363769531
W 113.471618652 10.200724602 89.555061340
X 1805.412597656 -1381.226318359 954.631958008
X 40.984340668 -40.119243622 107.543807983
W 27.816112518 -252.868713379 224.085159302
X -1424.655883789 -603.880065918 2622.705810547
W 9.441618919 -92.344398499 232.327346802
W 64.048492432 -206.714111328 313.352203369
X 8702.254882812 2170.377685547 -4693.159667969
X 198.769241333 -0.971039116 64.104614258
X 1199.862304688 5699.143066406 6575.828125000
X 41.013118744 -69.304328918 90.656990051
X 32118.994140625 14807.880859375 3799.628173828
X 3678.294433594 -11906.136718750 -10800.311523438
W 20.370729446 -112.724235535 273.523986816
W 166.839813232 36.460235596 164.704849243
X 488.917907715 -2201.715820312 1006.103759766
X 2024.110473633 -2544.798095703 2362.546630859
X 300.489959717 -228.561401367 62.909606934
X 216.318344116 -223.154190063 348.621429443
X 43.587242126 -195.782623291 84.179946899
X 1877.184448242 -1899.185180664 1036.247436523
X 698.487243652 2110.587402344 1088.923095703
X 175.597900391 -295.836853027 286.790008545
X -11033.382812500 227.062850952 7428.524414062
W 41.260318756 -267.668579102 134.431152344
X 333.634521484 -141.826263428 126.471694946
X -2216.702880859 -2717.195068359 -3309.926757812
W 112.125709534 -69.643798828 353.698394775
X 335.781463623 -61.881694794 175.632247925
W 108.654830933 -287.520385742 67.802719116
W 45.143493652 -144.447021484 34.691810608
X 971.678283691 3180.452392578 7389.474121094
X 1459.931884766 2059.650146484 466.402465820
X 114.056800842 -313.888244629 119.348075867
X 70.222122192 30.194267273 87.259910583
X -1439.786621094 -931.066223145 254.129318237
X -3962.847656250 -19268.271484375 9999.560546875
W 95.910049438 -83.240638733 338.328216553
X 43.776165009 -248.817626953 256.012603760
X -3080.598144531 -6083.421875000 -4669.859375000
X 265.463806152 -151.863006592 166.190811157
X 3511.472167969 15362.447265625 9936.082031250
X 1193.253662109 3459.441894531 7961.016601562
W 10.572462082 -218.859802246 230.356674194
X 246.254745483 -25.766670227 56.983413696
X 208.594009399 -185.261962891 95.306076050
W 5.491394520 -70.482131958 204.478073120
X 146.310379028 -109.717956543 364.798522949
X -1282.046508789 -1372.119262695 -1353.375488281
X 1563.197387695 -2645.537597656 -563.752014160
X 11499.757812500 -918.292114258 311.790649414
X 78.081123352 -302.957885742 154.180191040
X 4933.785156250 -7807.867187500 -609.835510254
X 60.707901001 -235.090164185 90.250976562
W 177.215560913 -94.466812134 -13.864770889
X 8308.116210938 -1357.907836914 7347.878417969
W 59.004764557 -297.205169678 180.154022217
X 220.037811279 -274.489685059 310.476593018
X 145.200256348 -287.906250000 293.775085449
X 1157.127441406 -279.328521729 -1921.457031250
X 162.805160522 -38.526748657 18.867315292
X 13.476436615 -174.616470337 194.267349243
X 123.553596497 -141.453842163 172.325790405
X -8507.189453125 -805.880065918 -2595.208984375
X 1704.368774414 -695.696838379 -2429.308349609
X 8159.911132812 941.279052734 5402.729492188
X 61.984073639 -149.458877563 176.849853516
X -16500.328125000 -24102.421875000 18628.093750000
X 2478.117187500 -3364.981445312 7934.580078125
X 269.164581299 -289.390319824 215.324935913
X 180.946289062 613.871520996 -267.024658203
X -5489.094238281 -13240.643554688 -9673.241210938
X -2884.838623047 4768.659667969 -3945.145507812
X 6693.347167969 -2018.273803711 7249.463378906
X -824.046569824 -875.280151367 599.824279785
X 337.036682129 -190.451034546 212.261520386
X 18.044443130 -150.230270386 185.844268799
X 361.505645752 -150.243820190 220.527450562
X 248.363189697 -182.315917969 176.759506226
X 86.741416931 -195.193328857 33.821849823
X 282.529724121 -89.912010193 327.748260498
X 359.399932861 -200.515945435 139.524856567
Q 126.645080566 -342.941436768 185.892700195
X 192.131256104 -207.175079346 276.393371582
X 379.586883545 -4872.527343750 -2352.209716797
X 325.676300049 -158.714950562 67.620246887
X -1315.280639648 -5790.025390625 -969.063110352
W 72.597496033 2.243755341 131.855728149
W 332.793548584 -53.024639130 102.356628418
X 606.190612793 -2553.942871094 -1394.211425781
W 258.913757324 -316.649475098 88.825660706
X 236.710678101 3581.476318359 -7027.678222656
X -4792.597656250 -2978.280273438 -1822.186523438
X 228.833251953 1546.395385742 -1616.473754883
X -980.527099609 -1560.602294922 -794.987976074
X 232.020080566 -321.757995605 136.087539673
W 184.871017456 -160.794647217 -19.079799652
W 94.591888428 -119.687225342 4.772525311
X 47.254531860 -131.771804810 128.654876709
X -9382.657226562 2869.380615234 1182.022583008
X 225.983551025 -8.933962822 292.659759521
X -4399.904785156 5431.201660156 3505.330566406
X 144.987701416 -186.319656372 177.893829346
X 21.684337616 -165.287033081 69.423950195
X 167.878173828 -319.618713379 115.048042297
X -5017.260742188 7187.132324219 13715.030273438
X 149.973937988 -43.833801270 327.766571045
X -11364.004882812 31874.804687500 -2856.591552734
W 238.110366821 -224.895019531 10.529065132
W -8.908379555 -107.822006226 147.274887085
X 2996.234130859 -2745.053955078 208.884841919
X 1797.755737305 -1975.512207031 -103.700019836
X 210.481277466 -1236.589965820 8408.679687500
W 224.815078735 -35.078128815 25.633705139
X 117.747543335 -142.947372437 180.168838501
X 15745.885742188 5872.852050781 -9948.301757812
X 177.716232300 -329.670654297 175.284713745
X 104.550598145 -170.324249268 65.205062866
X 247.258071899 -209.092849731 343.006500244
X 351.235046387 -101.935562134 143.902389526
W 283.928985596 2.740991116 276.274932861
X 140.493301392 -28.451158524 210.119338989
X 140.508987427 -235.559951782 9.134617805
X 3272.368408203 -9911.505859375 -5362.282714844
X 1140.216796875 7221.134765625 4853.377929688
X 173.674057007 -298.436950684 72.440704346
W 184.404541016 -277.240814209 30.029029846
X 5434.758789062 3049.989990234 922.223205566
X 174.951477051 -6.859175682 222.540267944
X 274.813598633 8.426089287 200.007507324
X 216.878936768 -232.250061035 73.465019226
W 84.181579590 -13.197351456 78.586753845
X 3363.828613281 5862.765625000 -776.737182617
X 230.979476929 -325.766174316 187.270812988
X 1147.765136719 780.468505859 -665.493774414
W 123.061378479 13.360635757 267.018981934
X 10795.043945312 -12884.092773438 -1323.353027344
X -3039.903564453 4898.198242188 -1124.736816406
W 48.924350739 -59.610313416 281.317749023
X -2560.766357422 182.253265381 -11204.819335938
X 184.558715820 18.710351944 256.094696045
X 343.574615479 -226.717361450 121.883934021
W 240.574600220 20.470794678 266.019683838
X 1775.785278320 -5865.593261719 -4824.910156250
X -14439.341796875 11257.380859375 -15823.343750000
W 67.521858215 -166.215255737 331.530883789
X 202.726486206 -76.266517639 288.778289795
W 22.423612595 -187.763809204 270.096710205
X 172.187637329 37.915073395 157.326217651
X 136.701721191 -52.235767365 145.209213257
X 213.313644409 -106.123886108 25.532325745
X -14948.482421875 6962.710449219 -12983.254882812
X 104.973457336 25.293090820 181.026794434
W 57.599433899 -288.887481689 138.567977905
X 126.836875916 -147.443862915 274.926544189
X 272.821929932 -220.566741943 328.392059326
X -8541.642578125 -3014.539794922 1382.457641602
W 197.995452881 46.475402832 164.964141846
W 315.589019775 -259.264373779 87.498771667
X 665.948913574 -4662.611816406 -4994.994140625
X 299.841705322 -230.427368164 261.562927246
X 288.340362549 -3.883444548 224.982604980
W 22.870491028 -145.902465820 299.426147461
W 260.990570068 -193.111495972 3.141967058
X 275.596313477 -280.417938232 91.057167053
X 19598.402343750 -23816.986328125 30245.912109375
X 8581.268554688 -6153.624023438 4182.409179688
X -16124.743164062 1823.823730469 9544.117187500
X 6088.553710938 -15804.064453125 -3521.638916016
X 691.689758301 669.853515625 -462.050903320
X 235.823669434 -322.925140381 207.291885376
X -820.150512695 -721.031250000 376.202178955
W 111.376655579 -11.828082085 302.648925781
X 353.623657227 -78.776313782 218.082962036
X -4025.360595703 -3644.955078125 4299.937011719
W 118.886940002 -332.394470215 227.574554443
X 55.574066162 -77.508178711 73.145622253
X -4330.856445312 -2502.467773438 -3639.197509766
X 260.293731689 -41.992607117 324.575836182
X -14549.445312500 9128.930664062 -714.298400879
W 121.515586853 -17.148569107 41.332347870
X 244.800979614 -148.878128052 2.730524063
X 1664.463256836 -891.747680664 -856.003601074
X 241.076965332 -305.511474609 104.014297485
X 1449.871826172 2621.950195312 8312.884765625
X -719.367004395 -1822.329101562 -49.657154083
W 275.330749512 -159.662445068 8.843855858
W 145.833999634 42.305828094 198.455017090
X -932.413391113 9550.841796875 -2870.813964844
X 6570.078125000 8957.569335938 1633.316650391
X 233.015701294 -133.707122803 359.341674805
X 4698.982421875 3656.646240234 -5263.372558594
W 132.925308228 -32.524711609 27.036476135
X 16185.071289062 31470.201171875 14963.315429688
X 294.258697510 -104.739303589 38.046566010
X 135.249084473 -259.683959961 29.809736252
X 398.877136230 -2677.418945312 542.797851562
X -8682.685546875 -164.058715820 3181.552001953
X 6035.613769531 -3210.257080078 5624.296386719
X 1573.136840820 -1599.436279297 1122.937500000
X 579.891662598 -5632.892578125 4648.123046875
X 5068.664062500 8891.861328125 -1879.986328125
X 332.860870361 -163.891937256 265.567260742
X 329.891998291 -203.890838623 81.791404724
X -551.581787109 4359.690429688 8984.912109375
X -4387.168945312 4828.001953125 9681.263671875
X 3598.901611328 -2715.326904297 -5229.289550781
W 158.765167236 -73.017944336 -2.178029537
X 56.583385468 -209.221054077 91.177818298
X 55.459136963 -244.100891113 154.999954224
X 233.654464722 28.774824142 200.160079956
X -212.083847046 -992.358215332 -1980.844360352
X 2852.537841797 4004.289550781 1980.960571289
W 218.732208252 -308.251770020 58.354000092
X 5889.226562500 3428.839843750 -5309.057617188
X 345.002990723 -114.055450439 164.284713745
X -432.496765137 -5679.156738281 -5544.162597656
X -171.786117554 -7916.303710938 3876.921875000
X -2022.879516602 -4136.019531250 -8556.263671875
X -2627.111816406 24160.783203125 -30849.699218750
W 65.929145813 -279.049652100 259.654998779
X -8158.103515625 -13857.193359375 -725.011535645
X -284.617004395 -196.285446167 237.728958130
X 6480.663085938 -3993.386230469 -2831.922363281
X 289.193267822 -190.951202393 298.063232422
X -991.134033203 -2537.190673828 3432.749755859
X 18280.361328125 -1107.386962891 -4654.886230469
X 1812.329345703 2172.690429688 2050.128417969
W 132.291381836 -170.491744995 376.301361084
X 263.855346680 -268.575744629 63.447303772
X 251.564224243 1.716181636 157.489944458
X 9184.110351562 10521.267578125 20097.298828125
X 98.079978943 -285.915588379 234.805969238
X 347.063110352 -138.356430054 190.304244995
Q 271.027343750 -245.108078003 15.439552307
X 372.539916992 -140.706817627 189.192718506
X -920.044128418 -1971.705444336 3531.165771484
W 35.725139618 -26.758878708 187.553985596
X -7293.879394531 6831.179687500 4581.870605469
X -769.206787109 -84.612945557 1345.046020508
W 360.253234863 -219.818542480 154.730545044
X -12775.410156250 -4860.420410156 11360.193359375
X 193.582199097 -278.089538574 185.681594849
X 155.164123535 -76.433746338 297.084320068
X -6310.906738281 491.594512939 9865.965820312
X 2290.404296875 -1964.739379883 -1634.491455078
X -164.823455811 915.134399414 -725.193359375
X -22586.187500000 7054.332519531 4448.875000000
X 308.577056885 -34.391971588 275.142425537
W 139.253692627 -181.713256836 -14.552520752
X 2128.121337891 2050.642822266 -494.612213135
X 4170.535644531 -560.390686035 -1667.457885742
X 7560.539550781 2636.027587891 4661.922363281
X 4376.528320312 6684.435546875 1199.680419922
X 275.635223389 -3130.946044922 67.885040283
X 17.926868439 -223.956085205 189.237731934
W -11.457159996 -186.044830322 179.425369263
X 144.738311768 -83.772857666 216.088745117
X -12425.854492188 11363.339843750 -3558.933349609
W 290.643463135 -123.511848450 8.548914909
X -393.946655273 895.866577148 3073.003906250
X 3072.031250000 6286.732421875 -410.291107178
X -178.740844727 -110.565597534 240.419281006
X 286.744537354 -255.537353516 293.232055664
X 22.318943024 -90.472564697 165.125396729
W 70.753112793 -223.107849121 318.514678955
X 134.340438843 20.213718414 118.665817261
W 88.535430908 -148.583694458 5.021183968
X 208.192779541 -180.180191040 362.247253418
X 4046.978271484 -7206.854003906 -3105.642822266
X 331.667999268 2044.965576172 -1296.586669922
X -53.281696320 -203.844772339 196.615753174
X 7847.749511719 12663.745117188 -3825.812500000
X 172.703445435 -37.393669128 90.724746704
X -819.316589355 -437.272125244 1634.199462891
X 156.988311768 23.374452591 235.448028564
X 188.210403442 -194.483596802 213.439376831
X 220.534301758 -30.905757904 320.530303955
X 131.664779663 -166.470550537 129.748001099
X 302.111297607 -11.234337807 145.769180298
X -2180.683837891 8086.230468750 1908.660034180
X 149.668258667 -135.299026489 176.345809937
X 181.871627808 -192.116622925 189.717025757
X 107.233482361 -125.520919800 352.496795654
X -169.060058594 -185.677124023 199.809814453
X 40.885601044 -127.595817566 72.299781799
W 167.672668457 39.092060089 102.507881165
X 180.095428467 -110.335746765 47.747180939
X -16034.585937500 14662.682617188 3180.394775391
W 74.286911011 -60.096988678 311.562866211
X 69.282196045 -145.227951050 71.346153259
X 18307.492187500 8391.708007812 -384.629608154
X 4659.695800781 8008.974121094 7312.094238281
X 355.300842285 -86.052284241 205.091720581
