533

A 387.713531494 -55.549610138 140.508422852
A 105.786361694 -193.388381958 417.209716797
A 341.395263672 -147.941696167 453.274841309
A 278.860321045 -307.754638672 282.565979004
A 428.859832764 -43.654117584 329.777404785
A 445.746490479 -101.978050232 296.146118164
A 320.539367676 -224.282470703 318.912078857
A 315.414276123 -112.715980530 452.792572021
A 339.505493164 -5096.094238281 -48613.121093750
A 441.002685547 -143.180236816 269.946350098
A 120.709182739 1.525249004 128.819305420
A 323.967620850 -80.937789917 403.444549561
A 317.851287842 -285.310913086 222.705276489
A 399.168945312 -29.128078461 386.433227539
A 70.687133789 -49.462749481 154.895935059
A 3343.876708984 -769.326965332 7379.098144531
A 261.186218262 -136.427703857 480.088562012
A 189.951461792 -284.169067383 371.898498535
A 99.673309326 -176.933334351 288.334289551
A 321.965667725 23.801124573 133.952423096
A 235.588607788 98.424079895 335.128601074
A 438.098052979 -139.926467896 306.187042236
A 223.160354614 -140.088760376 483.865478516
A 6088.233398438 4593.402832031 4.204417706
A 304.323791504 34.641139984 416.868927002
A 312.082092285 -299.616455078 308.737304688
A 345.746826172 -8.153587341 426.121093750
A 437.394073486 -71.081619263 326.405456543
A 416.070709229 -198.175781250 240.898284912
A 195.008743286 -54.274520874 100.506057739
A 214.367034912 90.148315430 192.433349609
A 434.515136719 -105.131263733 334.763031006
A 438.954956055 -60.358608246 237.662445068
A 324.580627441 -271.164337158 365.446136475
A 413.056121826 -197.428527832 334.225463867
A 87.551406860 -191.218856812 153.830322266
A 257.065185547 -3.488121510 460.818786621
A 101.159904480 57.456035614 295.553955078
A 433.658111572 -134.262802124 214.948348999
A 33.310409546 -106.875671387 320.641113281
A 385.984252930 -146.238891602 136.320175171
A 125.787055969 -103.069015503 93.448120117
A 147.493820190 15.787629128 122.817123413
A 286.308959961 -257.198699951 410.664672852
A -1136.730834961 382.751983643 287.283538818
A 304.188323975 -15.352041245 97.626678467
A -46837.488281250 61883.902343750 39332.953125000
A 208.801940918 94.317214966 330.038299561
A 147.972579956 55.207019806 383.092346191
A 142.543701172 -159.008102417 284.584991455
A 65.296249390 21.456569672 267.595001221
A 51.229225159 -60.984306335 181.614181519
A 91.808296204 -150.866943359 124.340141296
A 131.331588745 -212.423721313 422.610260010
A 255.749481201 101.860115051 311.532775879
A 211.619308472 -308.792236328 322.856567383
A 150.138702393 51.610900879 159.260757446
A 94.476867676 -259.924652100 290.691619873
A 78.489013672 -215.343688965 363.267913818
A -64398.117187500 15881.502929688 -49656.027343750
A 120.289421082 -72.974487305 101.050956726
A 234.500747681 -98.017990112 487.055938721
A 123.561180115 -177.176712036 437.456726074
A 175.452117920 -266.288391113 393.925445557
A 74.695922852 -242.979400635 271.320007324
A 329.892364502 -222.011566162 130.232009888
A 253.733230591 107.558174133 284.563507080
A 375.261474609 -258.212646484 240.692687988
A 382.469604492 -243.591857910 319.095672607
A 428.427673340 -185.162322998 275.915313721
A 426.727722168 -83.705467224 187.236389160
A 383.898590088 -170.920166016 218.825180054
A 364.508300781 -232.333755493 173.041244507
A 90.319290161 39.816516876 326.635498047
A 103.481063843 -253.487426758 354.386657715
A 58.187118530 -158.255172729 172.085845947
A 329.319610596 -37.711151123 101.195632935
A 278.599731445 -197.448516846 459.359863281
A 333.867126465 19.018138885 414.925170898
A 209.410949707 14.572391510 100.696243286
A 3967.588134766 -12146.583007812 22837.505859375
A 312.687042236 -13.333665848 448.324096680
A 135.442428589 -229.698715210 139.636260986
A 365.894653320 39.896957397 352.418182373
A 195.601379395 -160.952224731 76.623931885
A 49.292808533 -172.630569458 356.498718262
A 411.808746338 -85.232948303 161.347000122
A 242.394485474 -252.385330200 421.989593506
A 294.878509521 -43.550956726 469.079528809
A 184.370162964 -198.755081177 457.333984375
A 126.631629944 -234.554016113 399.939300537
A 160.061569214 -298.321533203 277.784667969
A 38266.144531250 -13044.625000000 -41567.890625000
A 413.158599854 -137.611175537 382.650787354
A 135.064956665 -262.404388428 183.982589722
A 428.714233398 -150.874420166 336.409820557
A -19211.667968750 -78744.789062500 10064.116210938
A 137.794204712 -148.912155151 92.488288879
A 305.121063232 -185.400817871 458.897216797
A 429.685058594 -165.390533447 225.979721069
A 69.390106201 -117.409469604 408.324249268
A 64.614303589 -85.640373230 157.382644653
A -2565.172851562 5902.638671875 6090.236816406
A 112.803550720 -210.689300537 142.839202881
A 369.126861572 -134.236679077 118.767997742
A 153.647506714 22.092336655 405.408721924
A 341.664398193 -215.840591431 415.037353516
A 217.344573975 -273.687438965 149.597961426
A 71.465049744 -90.424705505 135.145935059
A 212.148422241 -233.688095093 114.061363220
A 43.844131470 -188.221023560 230.094711304
A 350.394897461 -262.482452393 204.151107788
A 54.387863159 -22.528509140 199.842880249
A 283.224853516 -259.757568359 141.319091797
A 224.622558594 -314.767303467 244.079391479
A 389.262664795 -88.811225891 134.038269043
A 205.940856934 -52.439605713 72.125717163
A -1482.999267578 -80867.093750000 -19739.578125000
A 154.650222778 -263.585449219 164.501724243
A 271.240722656 -162.123535156 100.248062134
A 146.740249634 -14.277447701 106.228393555
A 228.188049316 -66.316688538 482.702819824
A 268.677154541 -227.097702026 139.683151245
A 80.153884888 -80.109619141 418.210205078
A -55453.488281250 -42865.027343750 -49627.812500000
A 419.667419434 -17.570734024 336.403839111
A 352.575988770 -272.074371338 232.576126099
A 338.885284424 -182.971099854 440.376434326
A 22.929584503 -96.954574585 291.806671143
A 47.719131470 -11.513793945 272.985198975
A 321.550811768 -78.212287903 466.833465576
A 214.106918335 -8.008943558 462.399169922
A 370.584106445 48.215488434 221.651702881
A 302.528961182 64.569946289 164.316879272
A 372.065643311 -82.749145508 116.470680237
A -814.102233887 -5769.859863281 2017.694702148
A 205.871002197 -193.129760742 84.327941895
A 189.778533936 -300.668884277 335.364837646
A 913.627258301 -735.338500977 105.591911316
A 286.668548584 90.368339539 328.373382568
A 172.321258545 62.637111664 158.591781616
A 109.571609497 -238.238845825 377.795623779
A 286.347534180 -78.278976440 69.982170105
A 257.744415283 -299.351623535 358.284027100
A 42.330520630 -25.765659332 302.783996582
A 29114.644531250 -9905.665039062 -42307.160156250
A 281.984710693 -157.844238281 475.248901367
A 259.065521240 -137.159042358 261.555908203
A -3951.095947266 -1176.747558594 1258.440795898
A 232.151489258 38.871948242 121.933753967
A 89.705764771 -210.246520996 248.929763794
A 79.260017395 -46.281444550 409.977722168
A 298.782501221 79.110328674 195.454330444
A 92.474464417 -252.299118042 249.150161743
A 149.811523438 29.565414429 418.122985840
A 65.019706726 10.932991028 222.288467407
A 388.578796387 -30.605066299 158.085617065
A 209.619400024 -101.655418396 61.676799774
A 379.345703125 -205.311889648 390.407592773
A 40.027484894 -125.520462036 355.767730713
A 71.813644409 -178.375137329 170.342544556
A 83.408500671 -24.885847092 165.141174316
A 247.644424438 104.471199036 232.248062134
A 275.472106934 57.096096039 404.662658691
A 133.769927979 64.232963562 201.854431152
A 82.409584045 -243.451126099 230.554763794
A 73.219390869 24.531108856 241.529357910
A 64.275833130 -222.800888062 302.508728027
A 96.525177002 52.054317474 253.092697144
A 359.041870117 -271.524810791 285.656280518
A 183.483520508 88.930335999 210.301315308
A 326.118072510 -267.252441406 177.522552490
A 31.504581451 -151.903289795 258.985351562
A 253.969497681 13.005333900 99.169204712
A 355.866668701 68.689048767 256.433471680
A 374.608673096 -174.950347900 138.634948730
A 371.972106934 3.362298012 391.959411621
A 312.180969238 -60.777774811 84.687988281
A 159.584899902 -293.199035645 335.177886963
A 170.073791504 94.274536133 267.923889160
A 288.068572998 -44.798633575 82.249732971
A 42.529537201 -128.811325073 189.843063354
A 427.662353516 -19.245679855 289.759857178
A 321.693969727 -212.789596558 433.678192139
A 191.322845459 81.671104431 361.048675537
A 178.045303345 -11.203734398 459.217651367
A 4051.676513672 9447.716796875 12929.886718750
A 255.178985596 104.245246887 258.691375732
A 90.431159973 -212.406661987 171.339294434
A 413.254547119 -213.856826782 275.175323486
A 188.630386353 -83.011375427 482.761810303
A 46.836223602 -18.894226074 237.622070312
A 369.630371094 -245.586242676 199.467025757
A 783.952880859 -1235.759521484 -58.601032257
A -29317.910156250 37326.578125000 30472.488281250
A 46.539772034 -189.450683594 319.849761963
A 313.743072510 -166.411819458 89.952133179
A 246.274993896 -259.710174561 132.695129395
A 77.397613525 33.816967010 293.821868896
A 40.786563873 -51.935459137 209.644821167
A 386.218536377 -180.719512939 400.819091797
A 239.487625122 -135.020172119 67.388854980
A 271.959869385 -216.587142944 98.324340820
A 144.923538208 -278.061553955 359.895477295
A 175.125961304 -185.018142700 92.287139893
A 122.095146179 70.191940308 284.187194824
A 167.623382568 -296.787445068 220.217514038
A 158.215301514 -206.577056885 442.820709229
A 285.970947266 -105.755683899 73.204505920
A 56.572700500 -214.749984741 237.832504272
A 274.830017090 -12.736660004 88.985610962
A 303.410797119 45.791656494 141.548355103
A 88.925865173 -104.907646179 120.267929077
A 164.245727539 -1332.665039062 -279.660430908
A 63.330764771 -155.756912231 389.673309326
A 390.028167725 40.488494873 253.767303467
A 256.152343750 -54.118289948 479.568572998
A 87.245216370 -131.180541992 130.794738770
A 268.063354492 -111.292762756 483.630920410
A 251.945846558 -33.534782410 74.943054199
A 331.490722656 -96.725860596 91.195930481
A 398.602691650 -17.658109665 265.880462646
A 193.708099365 -56.451133728 477.954437256
A 272.681610107 75.744544983 170.346832275
A 111.249519348 2.119420528 410.574981689
A 321.455322266 77.927429199 212.700210571
A 308.542327881 -294.519348145 252.666931152
A 234.760177612 -59.737834930 69.105545044
A 214.253341675 -297.995147705 273.256195068
A -6928.377929688 38731.226562500 -91964.117187500
A 55.233283997 -122.459587097 163.577896118
A 155.623703003 -162.564880371 461.074951172
A 163.244766235 -148.483901978 80.625015259
A 211.012145996 -142.677459717 67.794708252
A 207.728546143 104.003288269 278.589447021
A 246.867431641 96.133262634 209.961456299
A 426.558135986 -82.323638916 361.857879639
A 349.744750977 -155.110488892 106.702354431
A 401.005798340 -182.133071899 373.060241699
A 291.948150635 -276.609924316 380.042388916
A 79.597045898 14.764264107 198.189941406
A 377.901428223 -237.365753174 352.627014160
A 390.978698730 25.360586166 220.127105713
A 350.376434326 -118.344070435 100.742210388
A 414.645355225 -172.950164795 191.247558594
A 357.663757324 -44.502639771 114.477645874
A 51.435104370 -143.800918579 373.851989746
A 196.888488770 -255.024291992 418.078765869
A 261.408813477 32.345092773 432.919525146
A 413.915100098 -169.005599976 364.445800781
A 54578.566406250 25158.513671875 6546.022949219
A 693.822143555 -1639.900878906 -1090.850219727
A 420.025329590 -130.599609375 180.550765991
A 244.712066650 -313.182556152 268.663055420
A 184.436187744 79.245483398 182.347076416
A 323.624511719 -246.352996826 400.027435303
A 63.314228058 -33.485195160 379.720672607
A 170.007339478 -46.009174347 80.463127136
A 394.125030518 -65.540519714 407.833526611
A 357.443572998 -262.398742676 340.587188721
A 288.376068115 81.223907471 358.829315186
A 198.575210571 61.749942780 145.593795776
A 56.493022919 -97.208366394 389.365875244
A 395.780334473 22.284759521 325.573486328
A 34.037841797 -78.349098206 335.348419189
A 371.963745117 -41.777748108 424.328704834
A 301.414642334 -201.731781006 100.758338928
A 44.292102814 -197.490158081 287.865997314
A 313.963989258 59.372505188 383.180603027
A 369.588043213 -125.017837524 435.744659424
A 242.063781738 -19.675519943 470.439636230
A 318.258819580 86.881317139 303.847290039
A 317.879699707 74.452507019 348.381103516
A 359.542602539 -228.621902466 395.491210938
A 39.921909332 -186.299346924 266.048828125
A -3101.197021484 -15827.846679688 8309.844726562
A 330.075622559 -187.892898560 109.355293274
A 388.401733398 -1.763363361 173.470596313
A 127.003555298 -256.844177246 320.490081787
A 28.275232315 -134.642044067 311.989410400
A 1649.848510742 6430.953613281 4478.079101562
A 234.858764648 40.992160797 210.488571167
A 417.045745850 -28.997806549 199.281906128
A 156.370498657 -238.503540039 416.872039795
A 136.199096680 -29.486780167 450.669403076
A 410.510711670 -205.887451172 216.158935547
A 267.357543945 -145.243453979 71.763725281
A 129.072021484 -181.741516113 110.327606201
A 174.321548462 -143.848663330 474.333190918
A 36.923316956 -87.135871887 260.142852783
A 352.705200195 69.223533630 299.485870361
A 343.164398193 -283.724334717 262.483154297
A 380.454711914 12.158613205 372.493194580
A 247.751113892 -166.015304565 476.486694336
A 182.605102539 -101.711242676 190.310180664
A 372.433288574 53.259479523 284.544158936
A 179.027252197 33.383502960 125.604942322
A 272.623748779 51.830368042 137.148468018
A 145.004730225 -112.030342102 469.308166504
A 233.235702515 -219.440521240 450.745452881
A 428.068023682 -61.101848602 213.632553101
A 394.798278809 -234.913085938 239.446029663
A 430.001068115 -79.921302795 298.400054932
A 114.035186768 -67.481407166 446.242523193
A 412.848358154 -85.930931091 388.055969238
A 444.441833496 -114.071220398 272.096130371
A -27284.955078125 -40063.773437500 30956.044921875
A 193.569183350 -2.476961374 97.950965881
A 104.869773865 52.433563232 219.987304688
A 243.532180786 -282.077911377 385.474853516
A -1105.340576172 -3351.079101562 -2106.836669922
A 133.672698975 34.083335876 153.435089111
A 368.885345459 -148.415908813 429.698303223
A 397.352386475 6.226179600 198.414764404
A 35.321159363 -52.582256317 238.270156860
A 439.065887451 -105.958206177 235.876922607
A 30.940795898 -94.783485413 213.824539185
A 202.383651733 19.848836899 443.457824707
A 357.535278320 -60.381347656 441.707885742
A 117.408149719 -141.975051880 104.391647339
A 31.532770157 -58.850048065 309.383300781
A 292.803955078 98.141181946 253.686325073
A 173.178283691 -6.268301487 95.582969666
A 222.553207397 77.340156555 377.105102539
A 60.411804199 -74.165954590 390.844665527
A 290.261260986 96.641632080 287.438232422
A 338.241241455 -281.317626953 320.809234619
A 64.159103394 -209.461349487 341.280853271
A 247.533584595 -290.492034912 182.879837036
A 138.731796265 66.865974426 350.005950928
A 229.268173218 -10.677382469 82.077308655
A 62.254959106 -203.613342285 202.816635132
A 220.269241333 51.088096619 134.038223267
A 343.963714600 44.465488434 378.278625488
A 144.761123657 86.996398926 297.271484375
A 209.261856079 -105.899726868 484.074066162
A 313.860748291 -148.094711304 467.585845947
A 426.752807617 -123.660728455 355.787841797
A 434.644500732 -156.959152222 252.195053101
A 169.912918091 -255.158966064 145.809356689
A 112.108108521 44.480979919 364.641510010
A 351.027343750 54.442035675 206.421356201
A 403.726684570 -105.752777100 398.957977295
A 246.035247803 90.820098877 356.040252686
A -319.481628418 687.944763184 1702.319335938
A 260.063323975 -241.022354126 115.008460999
A -18544.208984375 52031.062500000 -4513.045410156
A 164.996185303 -44.194412231 464.179809570
A 427.042510986 -170.446517944 313.393341064
A 378.740600586 -252.182022095 290.655151367
A 61.363105774 6.699329376 304.423797607
A 226.275299072 -98.636840820 70.982048035
A 183.853378296 -234.802612305 433.817291260
A 406.191589355 -151.304122925 162.068603516
A 8670.441406250 3074.610839844 -5073.428710938
A 210.694488525 104.792587280 254.985824585
A 351.113433838 -86.545761108 453.198730469
A 143.013259888 -55.034370422 90.533775330
A 37.615924835 -162.311920166 319.066253662
A 116.513328552 -240.865127563 172.306091309
A 283.607025146 -300.382659912 222.343658447
A 285.671264648 -9.965993881 457.754241943
A 289.569244385 -276.609100342 176.409606934
A 260.893890381 71.820243835 382.442993164
A 237.065307617 64.230384827 398.059448242
A 236.666183472 46.193702698 422.937530518
A 412.386260986 6.802004337 310.034393311
A 213.841369629 -304.614746094 215.509811401
A 117.116966248 -277.978057861 248.157196045
A 160.075622559 11.333859444 437.995758057
A 349.040008545 -254.454742432 374.255126953
A 154.334548950 -298.039703369 308.405975342
A 143.239822388 84.021827698 251.724395752
A 357.836120605 20.658191681 159.102340698
A 295.737213135 -290.965942383 193.432632446
A 1953.818603516 -2194.613037109 1.387571931
A 119.789085388 67.238281250 241.829269409
A 368.775177002 -208.210250854 155.595687866
A 179.993408203 -112.307235718 72.342536926
A 217.117492676 -292.271820068 184.793624878
A 47.031402588 -28.986728668 334.687316895
A 174.427795410 -285.793273926 193.266281128
A 192.312149048 55.155933380 407.750274658
A -14912.891601562 11632.969726562 -16212.770507812
A 351.629302979 -78.104240417 100.213668823
A 168.687744141 -206.958175659 104.321205139
A 408.996368408 -49.588943481 172.960281372
A 231.939788818 -314.100036621 303.931457520
A 311.769470215 -293.405578613 333.976440430
A 190.252441406 -165.939208984 473.747467041
A -10843.987304688 5098.727050781 -9287.620117188
A 316.200042725 -298.399444580 272.629211426
A 371.233947754 49.214164734 323.426025391
A 316.772674561 -115.451515198 80.443298340
A 119.688545227 -29.690433502 114.422050476
A 429.962371826 -28.416044235 246.068939209
A 195.169799805 -311.244384766 279.981445312
A 60.961929321 -7.480509758 346.646331787
A 209.029251099 37.865325928 427.778259277
A 74.387168884 -4.879423618 172.340805054
A 106.292564392 -258.776000977 211.817367554
A 399.489776611 -114.498870850 144.667678833
A 148.142333984 -75.477043152 467.019714355
A 78.030960083 19.284164429 348.270935059
A 38460.507812500 -46732.417968750 59357.046875000
A 394.002136230 -216.784088135 347.855804443
A -7212.307617188 829.869873047 4566.322753906
A 1602.853149414 -3676.368896484 -580.939880371
A 147.655883789 -262.120635986 385.581878662
A 153.252166748 81.338020325 211.010238647
A 415.572296143 -2.532395363 227.547714233
A 307.341827393 -240.001586914 133.149551392
A 42.525180817 -161.885284424 208.028732300
A 357.699035645 5.245381355 140.596099854
A 288.271209717 94.204391479 219.078216553
A 364.469848633 -179.351104736 421.833984375
A 88.937065125 -168.857330322 135.074478149
A 142.904022217 -210.383239746 117.761283875
A -3500.724365234 2242.343505859 98.694053650
A 300.734222412 -239.639068604 422.738189697
A 177.701950073 -114.760337830 479.216613770
A 392.137512207 -188.705291748 165.227859497
A 163.241561890 80.986610413 335.875793457
A 230.194747925 -27.024856567 461.255096436
A 144.427352905 -294.890991211 250.823562622
A 113.881538391 -100.970535278 455.451995850
A 266.708312988 -309.756652832 246.662567139
A 257.398223877 -288.782501221 347.865844727
A 321.086151123 0.793686450 277.124145508
A 149.131896973 -108.190757751 79.090667725
A 368.108367920 -19.319301605 137.173233032
A 284.488525391 -222.285247803 445.139129639
A 29339.175781250 57006.414062500 27202.958984375
A 86.985717773 -151.878372192 418.992828369
A 294.023101807 19.670652390 439.498840332
A 266.392791748 -310.774566650 309.693420410
A 428.984436035 -102.807182312 201.897613525
A 93.160018921 -32.753978729 134.168502808
A 103.450080872 38.865482330 194.522583008
A 255.280410767 -268.928619385 402.829162598
A 337.646087646 74.970001221 235.530380249
A 42.276645660 -92.244987488 187.489013672
A 49.710704803 -48.567329407 355.092407227
A 249.999603271 -191.647598267 84.537796021
A 159.711898804 -24.820877075 434.039520264
A 111.200721741 -40.787078857 435.073333740
A 250.257141113 -197.706527710 463.909057617
A 413.257019043 -49.567882538 371.845428467
A 398.595336914 28.307340622 288.040008545
A 180.815521240 -304.854949951 246.672790527
A 292.098449707 -66.391471863 476.195312500
A 137.067092896 -279.545623779 211.580764771
A 178.116592407 67.135963440 384.553222656
A 83.787818909 -183.727600098 399.574188232
A 26.426521301 -139.685104370 280.459991455
A 201.585998535 -252.376281738 132.481216431
A 239.003280640 86.787673950 179.585678101
A 187.635604858 -35.187900543 310.032653809
A -4854.099609375 44606.148437500 -57001.175781250
A 357.518890381 36.987606049 179.329696655
A -500.096221924 -1348.453613281 188.295455933
A 85.793121338 -207.101730347 387.277374268
A 393.613586426 -216.910491943 197.883514404
A 96.861442566 -67.023078918 118.484855652
A 299.398345947 15.045967102 113.287445068
A 8339.739257812 -536.385131836 -1858.012329102
A 405.024291992 -8.676664352 356.348632812
A 259.953125000 -83.534591675 66.271682739
A 112.245079041 23.401494980 388.570343018
A 124.583229065 -285.854431152 290.848907471
A 9564.185546875 10918.838867188 20891.125000000
A 332.779449463 52.197944641 172.957321167
A 24.273258209 -109.709320068 238.429672241
A 102.309738159 -20.543106079 420.740356445
A 20.488233566 -78.014816284 268.069824219
A 340.328308105 -241.731552124 155.333160400
A 394.727874756 -237.933959961 276.527130127
A 109.349578857 8.947553635 342.063842773
A 93.677627563 -111.191497803 433.264923096
A 34.511753082 -42.190666199 275.012695312
A -3808.642333984 -1533.998046875 3748.754638672
A 185.612609863 96.988441467 237.810989380
A 228.085327148 -211.443939209 91.591217041
A 132.554107666 -104.069969177 427.419616699
A 81.317260742 -7.912137985 380.961608887
A 117.881462097 39.175617218 171.835845947
A -22798.818359375 7223.539062500 4683.256347656
A 89.595260620 -230.375015259 195.084564209
A 280.721038818 -95.451423645 483.060913086
A 116.368507385 -272.323974609 325.854217529
A 39.519100189 -96.767707825 359.228057861
A 346.437072754 22.401645660 361.435852051
A 339.312530518 71.275077820 325.905639648
A 196.709075928 98.370849609 305.906280518
A 416.662353516 7.305483341 262.626464844
A 440.161590576 -50.454536438 286.300323486
A 263.734924316 -277.322418213 158.821380615
A -3058.109619141 2842.835205078 -607.290649414
A 106.117958069 -142.112350464 438.521087646
A 271.251983643 -173.259689331 76.036323547
A 323.963012695 89.829101562 268.064239502
A 251.831451416 -237.450515747 438.732177734
A 98.640014648 5.924697399 154.643218994
A 412.990753174 -209.080032349 306.985748291
A 336.016632080 -7.088624954 119.731163025
A 283.447113037 -297.023345947 345.598236084
A 328.208007812 -115.699821472 471.057830811
A 170.213546753 -79.153503418 75.590621948
A 115.026336670 58.452247620 330.850982666
A 240.530548096 68.649154663 152.658508301
A 442.833160400 -74.847358704 260.539367676
A 295.043304443 -1.621327758 245.814529419
A 213.849365234 -270.557037354 402.386108398
A 132.633804321 -157.805374146 452.833709717
A 250.335998535 -303.646514893 213.691436768
A 265.092529297 31.842092514 114.268119812
A 173.343505859 -232.707748413 122.439437866
A 332.847564697 -37.297550201 449.687164307
A 81.557159424 -246.924942017 324.107421875
A 164.178344727 86.624824524 312.923767090
A 190.266036987 -280.936920166 173.281448364
A 375.246978760 -21.348587036 412.605194092
A 306.565368652 -140.632995605 79.796432495
A 202.911834717 -217.605682373 449.412750244
A 396.995788574 -139.667831421 405.831390381
A 218.563140869 -297.364379883 356.811889648
A 218.616744995 -178.076858521 470.436431885
A -13105.208984375 12027.301757812 2829.246826172
A 349.976593018 -198.676834106 126.669273376
A 379.593170166 -93.704627991 429.872680664
A 11166.502929688 5003.533691406 -26.399812698
A 307.526092529 37.208236694 395.224212646
A 31.894132614 -144.485580444 230.971679688
