533

A 409.099395752 -58.785625458 148.510391235
A 111.419319153 -203.704498291 439.717926025
A 359.588439941 -156.384475708 478.405151367
A 294.310363770 -324.413909912 298.095794678
A 452.551208496 -45.845699310 347.695129395
A 469.682556152 -107.753585815 312.966796875
A 338.717010498 -236.733581543 335.804656982
A 333.017395020 -119.001235962 477.365539551
A 358.145294189 -5376.006347656 -51282.160156250
A 465.192932129 -150.950790405 284.717620850
A 127.773292542 1.495745659 135.832427979
A 342.134460449 -85.323295593 426.034912109
A 334.817718506 -301.058654785 234.902221680
A 421.220428467 -30.663890839 407.959533691
A 74.514854431 -52.917690277 163.471374512
A 3527.457031250 -811.036987305 7784.428222656
A 275.233703613 -143.828781128 506.406524658
A 200.316055298 -299.790985107 392.550903320
A 105.215332031 -186.525848389 303.849365234
A 340.022766113 25.028411865 140.632553101
A 248.626296997 104.069328308 353.537933350
A 462.130554199 -147.755828857 323.297180176
A 235.303771973 -147.608703613 510.097503662
A 6422.036132812 4845.383300781 4.677204132
A 321.086578369 36.307830811 440.010803223
A 329.309539795 -316.409332275 325.618255615
A 364.965423584 -8.826689720 449.375152588
A 461.725585938 -75.300079346 344.182281494
A 438.956909180 -209.684448242 253.609176636
A 205.736480713 -57.434207916 105.857620239
A 226.511550903 94.773155212 203.116409302
A 458.841583252 -110.382087708 352.895538330
A 462.932006836 -63.930458069 250.680511475
A 342.844970703 -286.046539307 385.862121582
A 435.880157471 -208.403259277 353.067962646
A 92.152313232 -201.272460938 162.655975342
A 271.161895752 -3.396597862 486.203063965
A 106.730087280 60.493484497 311.636047363
A 457.612426758 -141.153884888 227.030654907
A 35.211452484 -112.843795776 338.252258301
A 407.223663330 -153.973342896 143.892440796
A 133.073226929 -108.327850342 98.488723755
A 155.625518799 16.670110703 129.281021118
A 301.841430664 -271.329589844 433.789031982
A -1199.206176758 403.830932617 303.734741211
A 320.264160156 -16.189254761 102.907928467
A -49408.789062500 65281.257812500 41492.308593750
A 219.715942383 99.493881226 348.119171143
A 156.487228394 58.526939392 403.485931396
A 150.960678101 -167.958251953 300.696105957
A 69.185974121 23.351686478 281.910461426
A 54.342479706 -64.229988098 191.665115356
A 97.088279724 -159.348495483 131.215728760
A 137.814163208 -224.328796387 446.045928955
A 269.597076416 106.869132996 328.875762939
A 223.121673584 -325.921752930 339.633026123
A 158.191009521 54.774394989 167.561782837
A 99.976142883 -274.246917725 306.684051514
A 82.665245056 -227.231765747 383.787414551
A -67933.679687500 16754.121093750 -52381.996093750
A 126.976325989 -77.264350891 106.555358887
A 247.598251343 -103.585456848 514.151306152
A 130.335479736 -187.120132446 461.097869873
A 185.533020020 -280.631744385 416.169830322
A 78.963653564 -255.966598511 286.112060547
A 348.198913574 -234.155899048 137.333602905
A 267.666107178 114.089485168 299.942382812
A 396.111633301 -272.298828125 253.578720093
A 403.157501221 -256.943084717 336.607391357
A 451.537902832 -194.941894531 291.628784180
A 449.886901855 -87.992309570 197.652435303
A 404.314392090 -180.233139038 231.147918701
A 384.083038330 -244.940841675 182.417694092
A 95.068252563 41.776912689 344.123809814
A 109.112091064 -267.355133057 374.023284912
A 61.305179596 -167.415649414 181.564453125
A 347.037048340 -39.953392029 106.879249573
A 293.697509766 -208.568664551 484.201293945
A 352.383666992 20.079236984 437.666778564
A 221.504180908 15.157883644 106.441848755
A 4185.489257812 -12813.744140625 24091.273437500
A 329.808410645 -14.674961090 472.758483887
A 142.629119873 -241.982849121 147.233245850
A 385.578125000 42.359191895 371.456481934
A 206.377456665 -169.797088623 80.825698853
A 52.376472473 -181.801681519 375.659851074
A 434.674133301 -89.911483765 169.879730225
A 255.454589844 -266.751892090 444.898651123
A 310.769683838 -46.020549774 494.369537354
A 194.549514771 -209.830657959 482.717498779
A 133.421722412 -246.829681396 421.826843262
A 168.818008423 -314.647369385 293.324890137
A 40367.035156250 -13760.395507812 -43850.156250000
A 435.336730957 -145.503631592 403.271636963
A 142.331893921 -276.914245605 194.188812256
A 451.550964355 -159.650253296 354.963684082
A -20265.326171875 -83068.359375000 10616.626953125
A 144.567626953 -156.616790771 97.647911072
A 321.829956055 -195.607757568 484.052917480
A 453.530181885 -175.019592285 238.709426880
A 73.411834717 -123.968879700 431.012908936
A 68.537925720 -90.493606567 166.147491455
A -2706.591064453 6227.164062500 6424.626953125
A 119.339179993 -221.870635986 150.470886230
A 389.088195801 -141.149963379 125.436744690
A 161.405822754 23.114053726 427.912536621
A 360.216247559 -228.232116699 437.589782715
A 228.946640015 -288.951599121 158.102493286
A 75.621932983 -95.428886414 143.027374268
A 224.172470093 -246.877655029 119.971420288
A 46.682147980 -198.785385132 242.084014893
A 369.637420654 -277.245849609 215.649169922
A 57.648117065 -23.318859100 210.795654297
A 298.505340576 -274.222167969 148.594192505
A 236.819168091 -331.905914307 257.232177734
A 410.789123535 -93.781356812 141.127288818
A 217.227310181 -55.102756500 76.724754333
A -1565.294311523 -85306.242187500 -20823.326171875
A 163.310012817 -277.957244873 173.875366211
A 286.809143066 -171.222320557 105.769584656
A 154.555862427 -14.600262642 112.938995361
A 240.990692139 -70.227783203 509.176147461
A 283.800354004 -239.951431274 147.730087280
A 84.856201172 -84.567955017 441.772003174
A -58498.183593750 -45218.031250000 -52351.949218750
A 442.845977783 -18.043088913 354.659515381
A 371.986877441 -287.283447266 245.076950073
A 357.416961670 -192.857727051 464.809417725
A 24.401309967 -102.100852966 307.506622314
A 50.173160553 -12.091304779 287.935089111
A 339.549713135 -82.865226746 492.016540527
A 225.899856567 -7.902613163 487.550750732
A 391.323303223 50.400173187 233.219497681
A 319.465667725 67.815391541 173.980148315
A 392.572723389 -87.271896362 123.143325806
A -858.910461426 -6086.479980469 2128.164550781
A 216.882110596 -203.919799805 88.983810425
A 200.311889648 -317.093811035 353.681579590
A 963.821105957 -775.618286133 111.384582520
A 302.339294434 95.140419006 346.663116455
A 181.320297241 66.041152954 167.497543335
A 115.770195007 -251.156936646 399.463256836
A 302.082275391 -82.328605652 73.940170288
A 272.084320068 -316.708892822 378.087036133
A 44.266548157 -27.178590775 319.413391113
A 30713.363281250 -10449.331054688 -44629.578125000
A 297.589538574 -166.537963867 501.342010498
A 273.769561768 -144.778869629 276.134613037
A -4168.384277344 -1241.385253906 1328.142333984
A 245.142410278 41.140895844 128.334915161
A 95.002189636 -221.715362549 263.114715576
A 83.866470337 -48.425003052 431.926177979
A 314.855651855 82.879882812 205.837142944
A 97.218688965 -265.527984619 262.667785645
A 157.966598511 31.525615692 441.339080811
A 68.218833923 11.593656540 234.593627930
A 409.953765869 -32.326618195 166.909896851
A 221.296554565 -107.026023865 65.585311890
A 400.154266357 -216.828582764 411.819274902
A 41.459644318 -132.010803223 374.867248535
A 75.511016846 -188.147750854 179.770385742
A 88.123764038 -26.440780640 173.962005615
A 261.159118652 110.354095459 244.796432495
A 290.419158936 60.026802063 426.342071533
A 140.821609497 67.911872864 212.318267822
A 86.484733582 -257.107452393 243.557891846
A 77.621612549 26.000318527 254.524871826
A 67.705879211 -234.992385864 318.915649414
A 101.425575256 54.685703278 266.881500244
A 378.109436035 -286.703765869 301.414825439
A 193.770446777 93.219390869 221.310333252
A 344.115936279 -281.693664551 187.735107422
A 33.930500031 -159.960235596 273.400390625
A 267.905487061 13.132653236 104.399528503
A 376.061126709 72.800857544 270.185729980
A 395.338623047 -184.442932129 146.058441162
A 392.139038086 4.087230682 413.393341064
A 329.040557861 -64.499916077 89.490264893
A 168.249649048 -308.822387695 354.240051270
A 178.929397583 98.627471924 282.048431396
A 304.073699951 -47.672935486 86.481307983
A 44.707611084 -135.872985840 200.309112549
A 451.150054932 -20.453477859 305.331848145
A 339.041015625 -224.021743774 457.462402344
A 201.544418335 86.024848938 380.407165527
A 187.004516602 -11.580230713 484.682006836
A 4274.032226562 9966.892578125 13639.499023438
A 268.887756348 110.317695618 273.234100342
A 95.379722595 -223.768280029 180.750839233
A 435.545928955 -225.891479492 290.102142334
A 199.003433228 -87.524856567 509.372985840
A 49.250053406 -19.984773636 251.073501587
A 390.190917969 -259.345855713 210.439010620
A 826.823425293 -1303.991943359 -61.890449524
A -30927.742187500 39375.804687500 32145.027343750
A 48.532485962 -200.204498291 337.492706299
A 330.441162109 -175.933670044 94.723907471
A 259.843902588 -273.914825439 139.791549683
A 82.029243469 35.734169006 310.030761719
A 42.734760284 -54.547683716 221.225479126
A 407.178192139 -191.162170410 422.975555420
A 252.597854614 -142.713821411 71.200202942
A 286.828491211 -228.037719727 102.964523315
A 152.638473511 -292.954132080 379.569335938
A 184.902618408 -195.130691528 97.214675903
A 128.589797974 74.223419189 300.226806641
A 176.734466553 -313.112823486 231.868637085
A 167.248184204 -218.160476685 467.335876465
A 301.846710205 -111.358757019 76.905761719
A 59.676284790 -227.126663208 251.016937256
A 289.989929199 -13.538282394 93.828742981
A 320.187561035 48.678108215 149.517303467
A 93.904693604 -110.466690063 127.207145691
A 173.858673096 -1405.357788086 -295.200897217
A 67.129585266 -163.749404907 410.992828369
A 411.545532227 42.638324738 267.691986084
A 270.462768555 -57.021541595 505.393218994
A 92.090988159 -138.861236572 138.490478516
A 283.143341064 -117.658386230 510.548065186
A 266.205902100 -35.757041931 78.601272583
A 349.796752930 -101.938804626 96.069625854
A 420.378601074 -18.541858673 280.294860840
A 204.830017090 -59.648777008 503.950347900
A 287.566009521 79.413520813 179.477935791
A 117.508361816 1.818688750 432.921203613
A 338.430084229 82.343162537 224.498672485
A 325.557006836 -310.968994141 266.905578613
A 247.648941040 -62.820697784 73.228157043
A 225.756378174 -314.068145752 288.411804199
A -7308.847656250 40857.898437500 -97012.859375000
A 58.446388245 -128.848678589 172.642639160
A 164.297119141 -171.184616089 485.914428711
A 172.096420288 -156.325531006 85.094520569
A 222.679962158 -150.925689697 71.568840027
A 219.073913574 109.793647766 294.246643066
A 260.141113281 101.726142883 222.054977417
A 449.951843262 -86.815078735 380.806091309
A 369.500152588 -163.706863403 112.300636292
A 422.607849121 -192.327239990 393.210968018
A 308.711334229 -291.991821289 400.061157227
A 84.248130798 15.623600960 209.408554077
A 398.679290771 -250.303237915 371.778930664
A 412.876892090 26.786327362 232.171386719
A 369.554321289 -125.024124146 106.037788391
A 437.511230469 -182.168670654 201.934204102
A 376.947509766 -46.695598602 120.505714417
A 54.692317963 -152.033554077 394.585418701
A 208.196014404 -268.912139893 441.263122559
A 275.651580811 34.454742432 456.518524170
A 436.681518555 -178.285522461 384.256164551
A 57575.027343750 26540.173828125 6905.199707031
A 731.806396484 -1729.302978516 -1150.374023438
A 442.759033203 -137.880355835 190.248550415
A 258.194763184 -330.544067383 282.909606934
A 194.427856445 83.941635132 192.406951904
A 341.989776611 -260.195953369 421.492584229
A 66.458946228 -35.169013977 400.658050537
A 179.443481445 -48.752712250 84.739517212
A 415.959533691 -69.478111267 429.754089355
A 377.095489502 -276.153808594 358.973297119
A 304.430938721 86.114356995 378.362182617
A 209.490432739 64.409927368 153.681640625
A 59.983791351 -102.441917419 410.230468750
A 417.778289795 23.820339203 343.700408936
A 36.432552338 -83.098854065 353.555511475
A 392.394683838 -44.174442291 447.895355225
A 318.142974854 -212.737731934 106.136558533
A 46.849952698 -208.077651978 303.561553955
A 331.191406250 62.552459717 404.540527344
A 389.992340088 -132.070648193 460.016174316
A 256.169158936 -20.576595306 496.289886475
A 335.643829346 91.472274780 320.224731445
A 335.025207520 78.829795837 367.323791504
A 379.003570557 -241.427322388 417.557739258
A 42.069686890 -196.305709839 280.830810547
A -3271.930664062 -16697.212890625 8766.107421875
A 348.264434814 -198.442199707 115.415649414
A 409.862945557 -1.555980921 183.055114746
A 134.220016479 -270.621429443 337.661804199
A 30.501630783 -142.072891235 329.209747314
A 1740.907714844 6784.030273438 4723.252929688
A 247.647964478 43.398014069 222.046432495
A 439.903289795 -30.198497772 210.037780762
A 164.417266846 -251.743118286 439.687652588
A 144.288742065 -31.433162689 475.329162598
A 433.161621094 -217.324844360 227.989334106
A 281.997039795 -153.672500610 75.739196777
A 135.830764771 -192.129837036 115.452369690
A 184.159851074 -151.854019165 500.412536621
A 38.905288696 -91.822303772 274.298156738
A 371.959350586 72.682685852 316.075286865
A 361.691009521 -299.266754150 276.725372314
A 400.958068848 13.204757690 392.631164551
A 261.117248535 -175.165466309 502.483917236
A 192.460845947 -107.343955994 200.577133179
A 392.876922607 55.935100555 299.679870605
A 188.831344604 35.618213654 132.588027954
A 287.643829346 54.509784698 144.826751709
A 152.994216919 -118.084213257 494.935882568
A 246.329635620 -230.842269897 475.585784912
A 452.237915039 -64.209632874 225.573913574
A 416.810546875 -247.514297485 252.847152710
A 453.417968750 -84.747772217 314.235443115
A 120.319664001 -71.167968750 470.955902100
A 435.211425781 -91.052803040 409.576507568
A 468.152099609 -120.932090759 286.617370605
A -28782.806640625 -42262.761718750 32654.984375000
A 204.144729614 -2.738984108 103.361328125
A 110.345748901 55.863777161 232.042480469
A 256.492004395 -297.671691895 406.700958252
A -1166.274291992 -3535.199218750 -2222.537597656
A 141.173995972 36.151668549 162.099411011
A 388.700408936 -156.707962036 453.263153076
A 419.542388916 6.053967476 209.165344238
A 37.214870453 -56.135707855 251.093048096
A 463.486663818 -111.783172607 249.005737305
A 32.347740173 -99.552352905 225.001190186
A 213.593765259 20.973817825 468.042358398
A 376.921569824 -63.943782806 466.008239746
A 123.888343811 -149.659317017 109.704505920
A 33.029354095 -61.638557434 326.453186035
A 308.464019775 104.078285217 267.338317871
A 182.897689819 -6.566318512 101.306274414
A 234.310836792 81.158744812 397.512054443
A 63.545192719 -78.048072815 412.339477539
A 306.093780518 101.551261902 304.294158936
A 356.246490479 -296.726196289 338.647766113
A 67.419754028 -221.051071167 360.221130371
A 261.060211182 -306.687286377 193.232070923
A 146.481124878 70.658401489 369.648406982
A 242.692718506 -11.707530975 86.394149780
A 65.242324829 -215.048751831 214.230453491
A 232.556945801 53.644351959 141.372863770
A 362.451110840 47.082481384 399.234039307
A 152.940612793 91.831207275 313.964019775
A 221.076583862 -112.550514221 510.685943604
A 330.918060303 -155.997055054 493.282501221
A 450.168548584 -130.321685791 375.515136719
A 458.159759521 -165.591323853 266.146942139
A 179.402526855 -268.785552979 153.019378662
A 118.450157166 47.146842957 384.543731689
A 370.644927979 57.575065613 218.012527466
A 425.551727295 -111.611488342 420.762359619
A 259.679351807 95.530563354 376.057373047
A -337.491149902 725.598754883 1795.742919922
A 274.575134277 -253.661331177 121.043815613
A -19562.150390625 54887.660156250 -4760.945800781
A 174.105804443 -47.088294983 489.376831055
A 450.297973633 -179.748336792 331.273590088
A 398.842803955 -266.013732910 306.063690186
A 64.775146484 7.097183228 321.405334473
A 239.180328369 -103.826896667 75.032379150
A 193.971084595 -247.358688354 457.058197021
A 428.509368896 -160.132720947 170.598236084
A 9146.092773438 3243.524169922 -5352.034667969
A 222.168731689 110.662719727 268.615692139
A 369.999511719 -90.973777771 478.001403809
A 150.645156860 -57.900123596 94.930793762
A 40.036464691 -171.604751587 336.583892822
A 122.542076111 -254.657257080 181.831253052
A 299.672882080 -316.903472900 234.492340088
A 301.610595703 -10.060645103 483.106170654
A 305.130615234 -291.302001953 185.946304321
A 275.613281250 75.469039917 403.276214600
A 249.405715942 67.949996948 420.666656494
A 249.415008545 48.312709808 446.968017578
A 435.215606689 7.366559505 327.028076172
A 225.423690796 -321.451263428 227.197952271
A 123.103233337 -293.528442383 261.422576904
A 168.942276001 12.286822319 461.868103027
A 368.203460693 -268.325012207 394.871337891
A 162.578475952 -314.812744141 325.422363281
A 151.259750366 88.831626892 265.130676270
A 377.150115967 21.716817856 167.796539307
A 311.843048096 -306.895538330 204.217407227
A 2061.624267578 -2315.099365234 1.815302372
A 126.292121887 71.128883362 255.081695557
A 388.758697510 -219.914779663 163.763381958
A 189.664642334 -118.861518860 76.502395630
A 228.746734619 -308.569335938 195.592605591
A 49.588176727 -30.757326126 353.270233154
A 184.207595825 -301.407897949 203.704299927
A 202.760482788 58.163475037 430.103973389
A -15731.179687500 12271.722656250 -17102.476562500
A 370.816192627 -82.598167419 106.371292114
A 178.613204956 -218.706451416 110.028289795
A 431.638366699 -51.964118958 182.652023315
A 244.669494629 -331.124786377 320.821289062
A 328.643646240 -309.728881836 352.147857666
A 200.373428345 -175.012115479 499.981628418
A -11439.177734375 5379.094238281 -9796.584960938
A 334.110260010 -314.723693848 287.259796143
A 391.322143555 52.435871124 341.481811523
A 333.857330322 -121.897666931 85.015174866
A 126.357063293 -31.404478073 120.695877075
A 453.572784424 -29.971775055 259.425476074
A 205.849853516 -328.663574219 295.493041992
A 64.339523315 -8.307040215 365.905181885
A 220.530654907 39.748271942 450.983276367
A 78.580818176 -4.868022442 182.187561035
A 112.286109924 -272.598358154 223.985839844
A 421.569854736 -120.459541321 152.867691040
A 156.677932739 -79.758605957 492.694549561
A 81.648811340 20.523273468 367.438476562
A 40571.691406250 -49298.253906250 62616.273437500
A 415.775482178 -229.037277222 366.412048340
A -7608.053710938 875.758850098 4816.968750000
A 1690.527099609 -3877.599365234 -612.959167480
A 155.662918091 -276.174468994 406.415679932
A 160.882965088 85.949211121 222.641082764
A 438.329071045 -2.868031025 240.132904053
A 323.931427002 -252.907852173 140.548522949
A 45.001174927 -170.726348877 219.626541138
A 377.306793213 5.562899590 148.020294189
A 304.147003174 99.855819702 230.798950195
A 384.204498291 -189.613937378 444.291046143
A 93.889915466 -177.958084106 142.581069946
A 150.850372314 -222.133895874 124.284194946
A -3693.406494141 2365.695800781 104.353813171
A 317.171722412 -252.632431030 446.010894775
A 188.163879395 -121.196914673 506.055572510
A 413.974670410 -199.244201660 174.083831787
A 172.280181885 84.895103455 354.256195068
A 242.931854248 -28.377035141 486.981994629
A 152.513259888 -311.260314941 263.715576172
A 119.923942566 -106.518653870 480.199432373
A 281.354492188 -326.487182617 260.379211426
A 271.476989746 -304.634674072 366.711303711
A 338.877014160 0.478018105 292.528961182
A 157.406463623 -113.864288330 83.331428528
A 388.332733154 -20.604337692 144.850082397
A 300.239410400 -234.478561401 469.882873535
A 30949.972656250 60136.738281250 28696.005859375
A 92.157463074 -160.163497925 441.843383789
A 309.580780029 21.239418030 463.291961670
A 280.735260010 -328.412872314 326.578979492
A 452.343139648 -108.749809265 213.095077515
A 98.484710693 -34.490276337 141.886764526
A 108.832756042 41.206676483 205.161605835
A 269.122070312 -283.395660400 425.074584961
A 356.431457520 79.526313782 248.955764771
A 44.742095947 -97.317283630 197.725021362
A 52.779293060 -51.540218353 374.767181396
A 263.485107422 -202.108963013 88.724784851
A 168.178222656 -26.106290817 457.844848633
A 117.316108704 -43.387863159 458.955780029
A 264.592193604 -208.327804565 489.689086914
A 435.290222168 -52.711421967 392.223297119
A 420.705566406 29.870239258 303.474853516
A 190.583618164 -321.638397217 259.944458008
A 308.071777344 -69.632392883 502.772125244
A 144.200607300 -294.953948975 223.120010376
A 187.935317993 70.138565063 405.690887451
A 88.397560120 -193.538497925 420.674163818
A 28.062990189 -147.776382446 295.860809326
A 212.474716187 -266.007476807 139.902175903
A 252.195068359 91.609413147 189.576629639
A 197.644393921 -36.820465088 326.916748047
A -5120.333007812 47055.156250000 -60130.191406250
A 377.209777832 38.895042419 189.263153076
A -527.401062012 -1422.336669922 198.583450317
A 90.355178833 -218.181198120 408.432800293
A 415.698089600 -229.249389648 208.933502197
A 101.746757507 -70.623687744 125.650962830
A 315.400390625 16.322282791 119.667785645
A 8797.375976562 -565.739379883 -1959.802978516
A 426.823181152 -9.209202766 375.780364990
A 274.951477051 -87.823181152 70.739067078
A 118.492332458 24.586133957 409.756805420
A 131.396575928 -301.600921631 306.965362549
A 10089.673828125 11518.190429688 22037.980468750
A 351.598876953 54.977390289 182.016433716
A 25.456697464 -115.498519897 251.736450195
A 107.718658447 -21.320999146 443.792907715
A 21.324544907 -82.126304626 283.051818848
A 359.254821777 -254.886672974 164.257385254
A 416.379760742 -250.881164551 291.577117920
A 115.204132080 9.649049759 361.091949463
A 98.431694031 -117.072113037 456.746124268
A 37.151489258 -44.798351288 290.158203125
A -4017.428466797 -1617.944091797 3954.550781250
A 196.447891235 102.372329712 250.384292603
A 240.433425903 -223.036499023 96.908241272
A 139.701446533 -110.371849060 450.432586670
A 85.350418091 -8.392537117 401.527954102
A 124.243789673 41.040870667 181.545242310
A -24050.904296875 7619.852539062 4940.803222656
A 94.457466125 -242.835617065 206.380569458
A 296.305358887 -100.541900635 509.814544678
A 122.763420105 -287.220245361 343.761322021
A 41.849239349 -101.927665710 379.154815674
A 365.447235107 23.878438950 381.477508545
A 357.605468750 75.515769958 344.380493164
A 208.116790771 103.764625549 322.510711670
A 439.173065186 8.139677048 277.230346680
A 463.971618652 -53.282360077 302.697357178
A 278.594116211 -292.664123535 167.789154053
A -3226.259521484 2998.800048828 -640.960327148
A 111.785217285 -150.271286011 462.743530273
A 285.779968262 -183.236740112 80.095870972
A 342.206665039 94.818275452 282.637115479
A 265.798950195 -251.176040649 463.405578613
A 104.031532288 6.669484138 163.224044800
A 435.623016357 -220.478485107 323.323150635
A 354.774047852 -7.359615326 126.558319092
A 299.789031982 -312.897064209 364.416442871
A 346.570526123 -122.314125061 496.720306396
A 179.623382568 -83.485557556 79.724609375
A 121.792152405 61.756713867 348.467437744
A 254.090835571 71.535102844 161.013839722
A 467.453216553 -78.829727173 274.836944580
A 311.386535645 -1.805768609 259.309020996
A 225.657592773 -285.318847656 424.149658203
A 139.856857300 -167.130508423 477.834381104
A 264.415771484 -321.108581543 225.279571533
A 279.520996094 33.527954102 120.871826172
A 182.714218140 -245.120574951 129.410614014
A 351.972961426 -39.958801270 474.669525146
A 86.009506226 -260.931335449 341.673156738
A 173.095520020 91.167793274 330.851348877
A 200.294219971 -296.230834961 183.059631348
A 396.413177490 -22.260866165 435.601135254
A 323.103729248 -148.325744629 83.732513428
A 213.988647461 -229.522537231 473.907684326
A 418.664733887 -147.097045898 428.304290771
A 230.856155396 -313.530944824 376.494079590
A 230.945404053 -187.673309326 495.683868408
A -13825.061523438 12687.933593750 2984.634033203
A 368.820617676 -210.144104004 134.071990967
A 400.338012695 -98.705047607 453.369476318
A 11779.936523438 5278.772460938 -27.669828415
A 324.261505127 39.197719574 416.227783203
A 33.829776764 -152.170608521 243.433059692
