533

A 405.258758545 -58.006523132 147.160720825
A 110.444549561 -201.890167236 435.750854492
A 356.477844238 -154.942459106 473.839874268
A 291.608093262 -321.385040283 295.366271973
A 448.332733154 -45.590106964 344.501647949
A 465.581695557 -106.721755981 310.213256836
A 335.487426758 -234.570236206 333.017639160
A 330.031341553 -118.151351929 473.041351318
A 354.945739746 -5326.979980469 -50814.980468750
A 460.701202393 -149.624145508 282.034271240
A 126.430412292 1.410238266 134.656326294
A 338.922607422 -84.525543213 422.143188477
A 331.808135986 -298.346893311 232.610519409
A 417.440093994 -30.302257538 404.072479248
A 73.875892639 -52.337226868 161.989028931
A 3495.359863281 -803.577148438 7713.535156250
A 272.745849609 -142.313201904 501.980041504
A 198.430450439 -297.026458740 388.920745850
A 104.399154663 -184.975936890 300.927581787
A 336.763824463 24.621274948 139.292007446
A 246.203430176 103.154319763 350.342437744
A 458.143676758 -146.427536011 320.336517334
A 233.061645508 -146.249740601 505.401336670
A 6363.777832031 4801.243652344 4.613361835
A 318.202789307 35.960830688 435.976501465
A 326.240051270 -313.491790771 322.711914062
A 361.722442627 -8.676030159 445.429443359
A 457.314392090 -74.644096375 341.065032959
A 434.993804932 -207.640762329 251.670516968
A 203.872909546 -56.627182007 104.825355530
A 224.516311646 93.836296082 201.334991455
A 454.276031494 -109.315605164 349.736663818
A 458.643249512 -63.324321747 248.266235352
A 339.671997070 -283.361999512 382.354217529
A 431.934844971 -206.443328857 349.776702881
A 91.373268127 -199.701004028 161.135192871
A 268.586029053 -3.482135534 481.694610596
A 105.780792236 60.026092529 308.806121826
A 453.333709717 -139.859191895 224.904861450
A 34.864189148 -111.827262878 335.282440186
A 403.510650635 -152.565963745 142.711853027
A 131.824569702 -107.452613831 97.588623047
A 154.380035400 16.456552505 128.187179565
A 299.233154297 -268.951354980 429.637756348
A -1188.126342773 400.272186279 301.082397461
A 317.590332031 -15.929014206 102.000541687
A -48958.902343750 64686.710937500 41114.402343750
A 217.891738892 98.604339600 344.977752686
A 155.203247070 58.008167267 399.906066895
A 149.612106323 -166.521102905 297.643341064
A 68.531417847 23.031431198 279.252258301
A 53.973834991 -63.497192383 189.766571045
A 96.113998413 -157.868286133 130.013580322
A 136.620208740 -222.265884399 442.046386719
A 266.940307617 106.015182495 325.904815674
A 221.220321655 -322.929077148 336.806915283
A 156.595336914 54.263549805 166.327224731
A 98.927673340 -271.636047363 303.901550293
A 81.859642029 -225.014846802 380.190032959
A -67314.750000000 16601.435546875 -51904.894531250
A 125.959907532 -76.668014526 105.660324097
A 245.370162964 -102.715934753 509.491912842
A 129.259002686 -185.437438965 457.158538818
A 183.789031982 -278.041229248 412.307464600
A 78.224349976 -253.692657471 283.508941650
A 345.075103760 -232.048645020 135.970825195
A 265.350341797 113.031265259 297.391143799
A 392.498718262 -269.867797852 251.491607666
A 399.540802002 -254.617660522 333.772033691
A 447.545593262 -193.276107788 289.098327637
A 445.834228516 -87.071647644 195.612960815
A 400.578369141 -178.555572510 228.879348755
A 380.695129395 -242.704483032 180.573379517
A 94.187530518 41.384693146 341.047698975
A 108.120750427 -265.095825195 370.452911377
A 60.731979370 -165.901351929 179.975784302
A 343.874664307 -39.722000122 105.993652344
A 291.041534424 -206.552902222 479.792846680
A 349.025451660 19.652328491 433.914642334
A 219.383697510 15.050558090 105.509048462
A 4147.534667969 -12697.049804688 23871.916015625
A 326.944305420 -14.567165375 468.430664062
A 141.461196899 -239.579635620 145.774185181
A 382.224304199 41.835670471 368.265258789
A 204.593200684 -168.329666138 80.264556885
A 52.049785614 -180.467712402 372.270111084
A 430.589752197 -88.978767395 168.380416870
A 253.035781860 -264.175659180 440.895141602
A 307.906890869 -45.445930481 489.870544434
A 192.778930664 -208.124191284 478.182830811
A 132.202377319 -244.730590820 418.089447021
A 167.424240112 -311.631225586 290.656463623
A 39999.472656250 -13635.200195312 -43450.539062500
A 431.249481201 -144.131149292 399.622192383
A 141.071792603 -274.468231201 192.186721802
A 447.565643311 -158.131408691 351.873413086
A -20081.125000000 -82311.625000000 10519.995117188
A 143.348907471 -155.236434937 96.512481689
A 318.966979980 -193.488769531 479.772918701
A 449.317565918 -173.141433716 236.491989136
A 72.764808655 -122.793563843 427.072692871
A 67.852020264 -89.564262390 164.486145020
A -2681.732177734 6170.026367188 6366.131347656
A 118.204887390 -220.173660278 149.178558350
A 385.819427490 -139.908615112 124.114799500
A 159.775497437 22.950002670 424.109191895
A 357.042907715 -225.939224243 433.641601562
A 226.905181885 -286.454284668 156.663482666
A 74.929962158 -94.586547852 141.767593384
A 221.913848877 -244.641677856 118.791969299
A 46.160140991 -196.841003418 239.966903687
A 366.129455566 -274.813690186 213.727096558
A 56.855033875 -23.246709824 208.983383179
A 295.769134521 -271.578979492 147.327484131
A 234.610580444 -329.128967285 254.808517456
A 407.257354736 -92.913330078 139.980865479
A 215.254104614 -54.560653687 75.901031494
A -1550.821289062 -84529.125000000 -20633.574218750
A 161.806655884 -275.637420654 172.203994751
A 284.212158203 -169.614028931 104.867439270
A 153.332977295 -14.463775635 111.541381836
A 238.715332031 -69.332572937 504.562591553
A 281.162872314 -237.532562256 146.313491821
A 84.009178162 -83.729652405 437.618835449
A -57965.527343750 -44806.339843750 -51875.109375000
A 438.799072266 -17.948253632 351.406127930
A 368.558166504 -284.675994873 242.851486206
A 353.911041260 -191.119567871 460.539916992
A 24.172014236 -101.231658936 304.682006836
A 49.670162201 -12.200406075 285.311614990
A 336.469451904 -82.046737671 487.552124023
A 223.827270508 -7.959661484 483.270751953
A 387.733551025 50.056781769 231.348602295
A 316.459686279 67.305541992 172.227355957
A 389.223785400 -86.464904785 122.098808289
A -851.181152344 -6031.041015625 2108.703369141
A 214.784622192 -202.000457764 88.210105896
A 198.564224243 -314.371917725 350.525573730
A 955.027832031 -768.623107910 110.240913391
A 299.534271240 94.229888916 343.643127441
A 179.891006470 65.545028687 165.953659058
A 114.652183533 -249.009552002 395.605590820
A 299.337951660 -81.618217468 73.252151489
A 269.623107910 -313.822662354 374.545837402
A 43.736335754 -26.996446609 316.423400879
A 30433.544921875 -10354.274414062 -44223.191406250
A 294.840850830 -165.048843384 496.718444824
A 271.429199219 -143.408615112 273.738250732
A -4130.382812500 -1230.046386719 1315.938476562
A 242.855880737 40.744785309 127.280433655
A 94.216384888 -219.697235107 260.651824951
A 83.007766724 -47.983642578 427.853820801
A 312.157226562 82.188385010 203.870574951
A 96.566116333 -263.444458008 260.311492920
A 156.432632446 31.377090454 437.235321045
A 67.777397156 11.520454407 232.435638428
A 406.215454102 -32.022781372 165.467025757
A 219.150146484 -106.031631470 64.904220581
A 396.546844482 -214.634613037 407.924194336
A 41.114341736 -130.782379150 371.518310547
A 74.902069092 -186.426605225 178.048507690
A 87.366317749 -25.961200714 172.495101929
A 258.690002441 109.349067688 242.822052002
A 287.766845703 59.335777283 422.613006592
A 139.618270874 67.163581848 210.452957153
A 85.850585938 -254.598190308 241.298324585
A 76.773887634 25.779567719 252.364151001
A 66.813072205 -232.916259766 316.095947266
A 100.522300720 54.235183716 264.269104004
A 374.811523438 -283.868652344 298.502655029
A 192.037338257 92.406906128 219.419876099
A 340.993347168 -278.902038574 185.970672607
A 33.664844513 -158.487609863 270.817260742
A 265.453430176 13.182929039 103.515632629
A 372.385498047 71.960662842 267.707946777
A 391.842254639 -182.802871704 144.628662109
A 388.870910645 4.039524078 409.474090576
A 326.108612061 -63.966018677 88.510429382
A 166.789566040 -306.035522461 350.994262695
A 177.423583984 97.794494629 279.589416504
A 301.354705811 -47.089183807 85.700492859
A 44.197631836 -134.678268433 198.666015625
A 447.087463379 -19.962167740 302.589385986
A 336.090270996 -221.948898315 453.463745117
A 199.861755371 85.202865601 377.025726318
A 185.181625366 -11.530089378 480.161987305
A 4235.124511719 9876.013671875 13515.413085938
A 266.310028076 109.319931030 270.807830811
A 94.526199341 -221.667144775 179.013412476
A 431.419464111 -223.774627686 287.440979004
A 197.121948242 -86.684104919 504.687347412
A 48.877601624 -19.772809982 248.811752319
A 386.560821533 -256.921569824 208.778991699
A 819.221862793 -1292.010864258 -61.354629517
A -30645.980468750 39017.121093750 31852.378906250
A 48.035640717 -198.336151123 334.339202881
A 327.467803955 -174.246109009 93.762939453
A 257.631164551 -271.536682129 138.654312134
A 81.471893311 35.498245239 307.065521240
A 42.280586243 -53.808315277 219.198226929
A 403.484893799 -189.410385132 419.042266846
A 250.348358154 -141.274124146 70.764656067
A 284.266998291 -226.067932129 102.044616699
A 151.409988403 -290.357299805 376.095123291
A 183.291564941 -193.168304443 96.567054749
A 127.409965515 73.498260498 297.506134033
A 175.206008911 -310.356719971 229.556488037
A 165.666213989 -215.978530884 463.159271240
A 299.039337158 -110.311813354 76.245925903
A 59.040107727 -224.979721069 248.774551392
A 287.277954102 -13.285505295 92.947296143
A 317.152801514 48.354835510 147.984939575
A 93.024642944 -109.368988037 126.055061340
A 172.313858032 -1392.615478516 -292.523223877
A 66.467636108 -162.420883179 407.325012207
A 407.854675293 42.488624573 265.208129883
A 267.857208252 -56.422420502 500.901245117
A 91.304992676 -137.536087036 137.244384766
A 280.546691895 -116.474723816 505.654815674
A 263.727630615 -35.262752533 77.857673645
A 346.210693359 -101.269638062 95.119407654
A 416.621215820 -18.290878296 277.383789062
A 203.045730591 -59.180358887 499.659637451
A 285.011016846 78.965873718 177.746536255
A 116.413932800 2.108503103 428.887878418
A 335.306396484 81.602806091 222.522430420
A 322.369506836 -308.163726807 264.597076416
A 245.612991333 -62.394817352 72.360931396
A 223.487915039 -311.226379395 285.792938232
A -7242.395019531 40485.839843750 -96129.320312500
A 57.802234650 -127.706428528 171.113006592
A 162.805160522 -169.603118896 481.532562256
A 170.597167969 -154.992218018 84.216850281
A 220.680526733 -149.533660889 70.968612671
A 217.159149170 108.727653503 291.406646729
A 257.644226074 100.743576050 219.704269409
A 445.780670166 -86.011215210 377.654449463
A 366.090881348 -162.356353760 111.340202332
A 418.784179688 -190.716827393 389.732696533
A 305.626770020 -289.349792480 396.331665039
A 83.178138733 15.357914925 207.377426147
A 395.011352539 -248.074264526 368.668884277
A 409.168457031 26.427938461 230.148773193
A 366.079284668 -124.081672668 105.009071350
A 433.466766357 -180.310592651 200.133575439
A 373.380126953 -46.460388184 119.390754700
A 54.003028870 -150.417083740 391.024810791
A 206.223541260 -266.453277588 437.148345947
A 273.090606689 34.135452271 452.565979004
A 432.586914062 -176.845687866 380.893157959
A 57050.820312500 26298.396484375 6842.378417969
A 725.127319336 -1713.516845703 -1140.093383789
A 438.527465820 -136.600006104 188.858184814
A 255.968521118 -327.502166748 280.377471924
A 192.505050659 82.938766479 190.892608643
A 338.788024902 -257.980163574 417.698822021
A 66.053581238 -34.759792328 396.906707764
A 177.694747925 -48.294265747 83.850852966
A 412.018768311 -68.869659424 425.969512939
A 373.654998779 -273.904907227 355.654327393
A 301.553039551 85.177406311 375.039611816
A 207.549835205 63.938232422 152.263092041
A 59.276351929 -101.595428467 406.550079346
A 414.031219482 23.499942780 340.649597168
A 36.103218079 -82.248992920 350.366516113
A 388.788055420 -43.633125305 443.591186523
A 315.315185547 -210.779556274 105.116798401
A 46.438880920 -206.179138184 300.947235107
A 328.187103271 62.013565063 400.872192383
A 386.297943115 -130.942413330 455.705871582
A 253.905746460 -20.405599594 491.765502930
A 332.607086182 90.686653137 317.325378418
A 331.987121582 77.819953918 364.213653564
A 375.403045654 -239.185058594 413.540802002
A 41.824604034 -194.631637573 278.378540039
A -3242.264160156 -16544.939453125 8686.421875000
A 345.047943115 -196.641998291 114.454849243
A 406.077636719 -1.832648039 181.323318481
A 132.851104736 -268.237274170 334.714660645
A 30.171985626 -140.702972412 326.150360107
A 1724.743652344 6722.038574219 4680.401367188
A 245.489974976 43.090606689 220.085296631
A 435.935363770 -29.994935989 208.062973022
A 163.027389526 -249.218231201 435.657257080
A 143.045455933 -31.228776932 471.049346924
A 429.077148438 -215.336273193 225.897827148
A 279.322174072 -152.150527954 75.481063843
A 134.677352905 -190.354476929 114.519783020
A 182.362564087 -150.471038818 495.915679932
A 38.602249146 -91.093231201 271.873901367
A 368.551116943 72.088973999 313.210418701
A 358.425872803 -296.392547607 274.177032471
A 397.364562988 12.970861435 389.095062256
A 258.636505127 -173.561462402 497.804199219
A 190.878311157 -106.101943970 198.761962891
A 389.276184082 55.400886536 297.103424072
A 187.307861328 35.084812164 131.254959106
A 285.069274902 54.181156158 143.585678101
A 151.449661255 -116.985313416 490.216400146
A 244.058120728 -228.958328247 471.164398193
A 448.056854248 -63.541336060 223.378402710
A 413.062103271 -245.337921143 250.506561279
A 449.323211670 -83.968383789 311.449493408
A 119.379920959 -70.506805420 466.640716553
A 431.261901855 -90.321128845 405.675994873
A 463.795104980 -119.819732666 284.266571045
A -28520.873046875 -41877.914062500 32357.447265625
A 202.471221924 -2.556423187 102.379005432
A 109.457611084 55.259582520 229.896148682
A 254.409561157 -294.760284424 403.034240723
A -1155.613037109 -3503.000976562 -2202.122070312
A 139.477005005 35.845352173 160.728851318
A 385.329650879 -155.346679688 448.908264160
A 415.525909424 5.851494312 207.323837280
A 37.000778198 -55.666400909 248.711502075
A 459.268310547 -110.938323975 246.593994141
A 32.237659454 -98.667068481 223.057189941
A 211.650680542 20.912269592 463.505615234
A 373.351379395 -63.356567383 461.719085693
A 122.828750610 -148.540435791 108.875999451
A 32.650314331 -61.049259186 323.398986816
A 305.532592773 102.896102905 265.116455078
A 181.317291260 -6.309253216 100.474113464
A 232.320327759 80.441230774 393.877502441
A 63.187431335 -77.540771484 408.555572510
A 303.260406494 100.606811523 301.320037842
A 352.896850586 -294.040252686 335.483306885
A 66.869415283 -218.936462402 356.797332764
A 258.713623047 -303.934936523 191.543441772
A 145.065307617 69.892433167 366.279602051
A 240.393722534 -11.414190292 85.761634827
A 64.478530884 -213.184326172 212.348831177
A 230.366073608 53.187999725 140.097610474
A 359.191528320 46.732055664 395.502441406
A 151.470077515 90.937782288 311.174987793
A 218.967300415 -111.375259399 505.983551025
A 327.973632812 -154.625015259 488.747009277
A 446.221221924 -129.124755859 372.085723877
A 454.224395752 -164.021423340 263.532714844
A 177.840270996 -266.402862549 151.883316040
A 117.548286438 46.498203278 380.961669922
A 367.126159668 56.913684845 215.993743896
A 421.657318115 -110.659790039 417.016723633
A 257.245513916 94.550781250 372.812011719
A -334.413421631 719.031555176 1779.526000977
A 272.051635742 -251.448974609 120.009002686
A -19383.884765625 54387.773437500 -4717.515136719
A 172.615921021 -46.630718231 485.060516357
A 446.325286865 -177.974594116 328.268188477
A 395.372314453 -263.696624756 303.562805176
A 64.192878723 7.019091606 318.287445068
A 237.048309326 -103.007812500 74.215011597
A 192.270538330 -244.946472168 452.895660400
A 424.574523926 -158.439529419 169.112930298
A 9062.892578125 3213.715332031 -5303.187011719
A 220.056564331 109.719688416 266.071136475
A 366.598052979 -90.191108704 473.686004639
A 149.203094482 -57.429145813 94.036079407
A 39.697441101 -169.963760376 333.463043213
A 121.597824097 -252.228576660 180.127883911
A 296.871612549 -313.991271973 232.486877441
A 298.952056885 -10.049855232 478.736663818
A 302.415496826 -288.717773438 184.314437866
A 272.966796875 74.797622681 399.442840576
A 247.168762207 67.371513367 416.875396729
A 247.202865601 47.786533356 442.890594482
A 431.151031494 7.337392330 324.059906006
A 223.421997070 -318.452758789 225.124755859
A 121.958030701 -290.899414062 259.132904053
A 167.441864014 12.069179535 457.661102295
A 364.735382080 -265.895111084 391.328491211
A 161.233749390 -311.834228516 322.371490479
A 150.124618530 87.891784668 262.810089111
A 373.789794922 21.515508652 166.376541138
A 309.028259277 -304.313781738 202.213775635
A 2042.960815430 -2294.087402344 1.787862539
A 125.060852051 70.577079773 252.688766479
A 385.092987061 -218.058364868 162.193237305
A 187.943984985 -117.672904968 75.795783997
A 226.705383301 -305.505432129 193.896606445
A 49.186012268 -30.511041641 349.859069824
A 182.496475220 -298.742401123 201.613098145
A 200.945007324 57.743362427 426.248443604
A -15587.921875000 12160.030273438 -16946.718750000
A 367.388610840 -81.724861145 105.367401123
A 177.136398315 -216.556137085 108.917724609
A 427.796478271 -51.565643311 181.164321899
A 242.623657227 -328.224182129 317.816162109
A 325.527130127 -306.844818115 349.082183838
A 198.706161499 -173.311752319 495.442626953
A -11334.813476562 5330.034667969 -9707.775390625
A 331.051483154 -311.982727051 284.632019043
A 387.737274170 51.831924438 338.358825684
A 330.912017822 -120.809387207 84.278678894
A 125.420372009 -31.186910629 119.600883484
A 449.504730225 -29.759216309 256.865570068
A 203.893508911 -325.870941162 292.824401855
A 63.770961761 -8.163304329 362.764617920
A 218.618316650 39.692932129 447.174987793
A 77.892578125 -4.825334072 180.668869019
A 111.236885071 -270.069732666 221.806259155
A 417.746704102 -119.460105896 151.313995361
A 155.047286987 -79.027046204 488.017150879
A 81.099029541 20.314754486 364.169586182
A 40202.179687500 -48849.164062500 62045.753906250
A 412.081298828 -226.514343262 363.146179199
A -7538.783691406 867.625366211 4773.055175781
A 1675.257934570 -3842.518066406 -607.298156738
A 154.109130859 -273.800354004 402.856506348
A 159.444519043 85.338447571 220.454620361
A 434.128906250 -2.940662622 238.027923584
A 321.034515381 -250.650161743 139.269454956
A 44.414508820 -169.263565063 217.706558228
A 373.798553467 5.495884418 146.524200439
A 301.386627197 98.692993164 228.618942261
A 380.608489990 -187.743164062 440.353393555
A 93.115562439 -176.368774414 141.012664795
A 149.439682007 -220.161743164 122.905044556
A -3659.609375000 2344.077636719 103.281661987
A 314.274902344 -250.233383179 441.840209961
A 186.523208618 -120.056861877 501.424102783
A 410.082061768 -197.331008911 172.678466797
A 170.606246948 84.152679443 351.102600098
A 240.674545288 -28.046382904 482.538848877
A 151.187301636 -308.477569580 261.361022949
A 118.887634277 -105.636230469 475.708648682
A 278.841033936 -323.578430176 257.889312744
A 269.038116455 -301.777709961 363.231811523
A 335.742126465 0.545062065 289.993682861
A 155.880096436 -112.755912781 82.579643250
A 384.705444336 -20.241083145 143.511245728
A 297.428344727 -232.346267700 465.322540283
A 30668.097656250 59589.250000000 28434.742187500
A 91.226509094 -158.695648193 437.669067383
A 306.869689941 20.831729889 459.112945557
A 278.211334229 -325.394226074 323.642456055
A 448.315795898 -107.845108032 211.127670288
A 97.394538879 -34.348766327 140.470886230
A 107.945861816 40.809726715 203.273483276
A 266.556243896 -280.938476562 421.156799316
A 353.211242676 78.727516174 246.751800537
A 44.195583344 -96.500061035 195.954940796
A 52.256004333 -51.108955383 371.266906738
A 261.225646973 -200.244491577 87.934928894
A 166.631744385 -25.887853622 453.723693848
A 116.303085327 -42.898021698 454.761779785
A 262.070037842 -206.467468262 485.208801270
A 431.345886230 -52.067375183 388.789978027
A 416.886352539 29.778226852 300.854858398
A 188.832626343 -318.767150879 257.608795166
A 305.298034668 -68.932968140 498.185211182
A 142.871658325 -292.209747314 220.923187256
A 186.553482056 69.622024536 401.863983154
A 87.623115540 -191.945022583 416.787231445
A 27.795629501 -146.444778442 293.205322266
A 210.694519043 -263.656951904 138.658447266
A 249.933486938 90.852455139 187.959045410
A 195.923538208 -36.563690186 324.147583008
A -5073.777343750 46626.597656250 -59582.441406250
A 373.772338867 38.472656250 187.555084229
A -522.622253418 -1409.264526367 196.603881836
A 89.569908142 -216.282028198 404.590698242
A 411.884613037 -226.994537354 206.978530884
A 101.074829102 -70.103622437 124.348800659
A 312.617736816 16.079341888 118.535972595
A 8717.307617188 -560.653869629 -1941.968383789
A 423.116882324 -9.023356438 372.209625244
A 272.276306152 -87.074501038 70.055938721
A 117.308967590 24.254478455 406.028991699
A 130.332061768 -298.849182129 304.306243896
A 9997.811523438 11413.231445312 21837.210937500
A 348.447357178 54.547233582 180.514373779
A 25.148963928 -114.661338806 249.372970581
A 106.812149048 -21.378995895 439.836944580
A 21.000129700 -81.491172791 280.476043701
A 355.970458984 -252.813583374 162.727890015
A 412.444335938 -248.790771484 289.041534424
A 114.292869568 9.553866386 357.663391113
A 97.282295227 -116.098396301 452.786865234
A 36.632934570 -44.478183746 287.455230713
A -3980.926025391 -1603.344848633 3918.414550781
A 194.595809937 101.540161133 248.214965820
A 238.200286865 -221.062881470 96.023330688
A 138.439956665 -109.212646484 446.303192139
A 84.543922424 -8.275841713 397.882995605
A 123.184188843 40.816787720 179.946945190
A -23831.722656250 7550.513671875 4895.690917969
A 93.585662842 -240.647842407 204.396347046
A 293.574279785 -99.528945923 505.114532471
A 121.745552063 -284.525451660 340.794708252
A 41.457118988 -100.806381226 375.601623535
A 362.070648193 23.529420853 377.785064697
A 354.570770264 74.674377441 341.080017090
A 205.948043823 102.886878967 319.835021973
A 435.112487793 8.209577560 274.840057373
A 459.854492188 -53.012992859 299.753234863
A 276.092468262 -289.881500244 166.434768677
A -3196.822265625 2971.527343750 -635.002502441
A 110.759147644 -148.794418335 458.404296875
A 283.359344482 -181.477188110 79.172988892
A 339.138580322 93.852722168 280.088165283
A 263.331390381 -248.828109741 459.168151855
A 103.156959534 6.516384602 161.561859131
A 431.651824951 -218.425048828 320.474060059
A 351.526885986 -7.221882820 125.291969299
A 296.828765869 -310.173950195 361.065612793
A 343.471771240 -121.185096741 492.131896973
A 178.002243042 -82.734909058 79.133255005
A 120.464912415 61.108264923 345.259246826
A 251.662841797 70.886283875 159.548187256
A 463.142425537 -78.102706909 272.266235352
A 308.648315430 -1.663429976 256.797576904
A 223.850692749 -282.552185059 420.296661377
A 138.544021606 -165.411575317 473.525726318
A 261.928710938 -318.006713867 223.261245728
A 277.099121094 33.331508636 119.755477905
A 181.240829468 -242.797363281 128.136596680
A 348.720062256 -39.451648712 470.114746094
A 85.254158020 -258.509490967 338.604431152
A 171.499618530 90.361976624 327.791076660
A 198.490463257 -293.536621094 181.453384399
A 392.723785400 -22.003311157 431.428710938
A 319.988555908 -147.089767456 82.831024170
A 212.069625854 -227.273025513 469.578887939
A 414.687164307 -145.719329834 424.344238281
A 228.801162720 -310.775024414 372.869659424
A 228.594818115 -185.798660278 491.295074463
A -13699.055664062 12572.417968750 2957.382812500
A 365.306304932 -208.196350098 132.724502563
A 396.607147217 -97.957191467 449.211608887
A 11672.558593750 5230.785644531 -27.298997879
A 321.163696289 38.801651001 412.692016602
A 33.623924255 -150.826904297 241.232177734
