533

A 356.038146973 -50.588191986 128.946716309
A 97.039527893 -177.232040405 384.104278564
A 313.699951172 -136.011260986 416.973327637
A 256.736511230 -282.676971436 260.555236816
A 394.136505127 -40.397319794 303.574981689
A 409.657470703 -93.442398071 272.405364990
A 294.498870850 -206.217193604 293.251434326
A 289.914550781 -103.722618103 416.298217773
A 311.944152832 -4684.179687500 -44675.648437500
A 405.556274414 -131.283447266 248.648040771
A 111.037345886 1.039427161 118.395416260
A 298.065063477 -74.380729675 370.423614502
A 292.614624023 -262.597106934 204.438629150
A 366.539062500 -27.182266235 354.870941162
A 65.525588989 -45.872146606 142.074645996
A 3073.207519531 -707.240234375 6781.233398438
A 239.940841675 -125.068595886 441.420196533
A 174.933822632 -260.869659424 342.271820068
A 91.181701660 -162.347305298 265.177062988
A 296.063873291 21.692638397 123.223449707
A 217.094467163 90.023246765 307.911102295
A 402.573181152 -128.678253174 281.022644043
A 204.496047974 -128.874603271 444.773101807
A 5595.249023438 4221.422363281 3.998533249
A 280.405944824 32.556526184 382.924652100
A 286.538909912 -274.960021973 283.215423584
A 318.219390869 -7.380568981 392.032165527
A 402.073028564 -65.277778625 300.044372559
A 382.685394287 -181.699493408 221.051620483
A 179.201675415 -49.823986053 92.176353455
A 196.755554199 82.913383484 177.190093994
A 399.763916016 -96.772880554 307.605773926
A 402.919921875 -55.052810669 218.442398071
A 297.901733398 -249.287429810 336.260467529
A 379.172607422 -181.354949951 306.592864990
A 80.872337341 -175.756454468 140.557235718
A 235.621032715 -3.002101183 423.002349854
A 93.467300415 52.590923309 271.726745605
A 398.403839111 -122.700019836 196.774536133
A 30.470970154 -98.441070557 294.192901611
A 354.652008057 -134.057907104 125.157218933
A 115.081954956 -94.520698547 86.502891541
A 135.845779419 14.155529022 112.641204834
A 263.264251709 -236.527587891 377.663970947
A -1044.969238281 351.587585449 264.026214600
A 278.823547363 -14.237404823 90.085250854
A -43044.601562500 56872.238281250 36147.582031250
A 191.631759644 86.675872803 302.742767334
A 136.837371826 50.482223511 351.886169434
A 131.733718872 -145.881256104 261.120666504
A 60.279647827 19.320011139 245.982513428
A 46.526435852 -56.350208282 166.784332275
A 84.879524231 -138.453155518 113.313964844
A 120.228149414 -195.486923218 388.965667725
A 234.799133301 93.536949158 285.999603271
A 194.552032471 -283.583190918 296.534240723
A 137.725738525 46.606929779 146.692642212
A 86.245559692 -238.962646484 266.484100342
A 71.595733643 -197.791244507 333.475372314
A -59183.378906250 14595.363281250 -45634.765625000
A 110.310539246 -66.393325806 93.024635315
A 215.814239502 -89.852592468 447.682708740
A 114.098693848 -163.146316528 401.738189697
A 161.166412354 -245.103805542 362.500762939
A 68.354446411 -223.685379028 249.567916870
A 303.114807129 -204.559020996 119.717391968
A 232.832565308 98.711944580 261.607635498
A 344.495605469 -237.260757446 221.040573120
A 351.176788330 -224.476135254 293.010772705
A 394.037780762 -169.414199829 253.493743896
A 392.207794189 -76.708160400 171.964309692
A 352.997467041 -156.761047363 201.523147583
A 335.292816162 -213.483551025 158.957550049
A 82.808662415 37.182945251 299.889770508
A 95.548889160 -232.428451538 325.012512207
A 52.932159424 -145.691436768 158.081298828
A 303.413787842 -34.664627075 93.488166809
A 255.097473145 -180.785278320 422.113159180
A 307.471923828 17.663131714 381.755645752
A 192.222000122 13.728191376 92.023361206
A 3646.173095703 -11163.206054688 20987.921875000
A 288.021820068 -11.139053345 411.731048584
A 124.604736328 -210.316436768 128.148757935
A 337.111236572 36.765861511 324.094787598
A 179.881286621 -147.536224365 70.355224609
A 45.217388153 -157.995101929 327.410369873
A 378.140747070 -79.295608521 148.134414673
A 222.658767700 -231.862533569 388.439392090
A 270.968292236 -40.279922485 431.622100830
A 169.117385864 -182.087707520 420.351837158
A 116.665054321 -216.133789062 367.908477783
A 146.685241699 -273.716461182 255.240570068
A 35167.457031250 -11988.094726562 -38201.917968750
A 380.150451660 -125.601814270 351.437011719
A 123.476585388 -240.921783447 168.851470947
A 393.888549805 -138.285781860 308.665496826
A -17655.289062500 -72368.500000000 9249.448242188
A 126.480377197 -137.343124390 85.037788391
A 280.807952881 -169.893096924 421.640869141
A 395.025054932 -151.883438110 207.098403931
A 63.925136566 -108.216629028 375.833251953
A 59.369388580 -79.363265991 145.105545044
A -2357.876708984 5424.461914062 5597.197753906
A 103.049835205 -193.677001953 130.850631714
A 339.559844971 -123.421134949 109.160560608
A 141.293853760 20.819244385 372.548339844
A 314.015686035 -198.315170288 381.612182617
A 199.394226074 -250.995025635 137.316177368
A 65.663909912 -83.034255981 124.039810181
A 195.445999146 -214.565200806 104.603355408
A 40.585647583 -173.222549438 210.440078735
A 321.932617188 -241.651580811 187.770141602
A 50.256839752 -20.844055176 183.067535400
A 260.430633545 -238.611877441 130.535034180
A 205.827789307 -289.630065918 224.058197021
A 357.701324463 -82.228332520 122.966880798
A 189.486572266 -47.930969238 66.667747498
A -1363.515136719 -74317.828125000 -18141.355468750
A 142.379776001 -242.185714722 151.569580078
A 249.418258667 -148.169464111 92.501747131
A 135.516937256 -12.472899437 97.515029907
A 209.860504150 -60.642696381 443.860198975
A 246.008666992 -208.409576416 128.620437622
A 73.942527771 -73.512001038 384.196350098
A -50962.113281250 -39393.480468750 -45608.703125000
A 385.692169189 -16.090389252 308.626373291
A 323.792480469 -250.307510376 213.617218018
A 311.065032959 -168.413375854 404.520568848
A 21.749298096 -89.026687622 268.162994385
A 43.315505981 -10.631778717 250.406677246
A 295.704650879 -72.361114502 428.596252441
A 196.925552368 -7.354761124 424.240142822
A 340.764190674 44.074550629 204.547897339
A 278.012878418 58.598541260 150.999557495
A 341.512329102 -76.305877686 107.190376282
A -748.447448730 -5301.945800781 1855.341430664
A 189.114547729 -176.918594360 78.013381958
A 174.445007324 -276.548889160 308.955383301
A 838.925354004 -675.705566406 97.130516052
A 263.471252441 83.262107849 301.889099121
A 158.055786133 56.947414398 146.061477661
A 101.283401489 -219.292404175 346.779724121
A 262.502807617 -72.514549255 63.902492523
A 236.189941406 -275.696258545 329.155395508
A 39.654464722 -23.670343399 278.113494873
A 26756.451171875 -9103.780273438 -38881.082031250
A 259.215820312 -145.042297363 436.440155029
A 237.489273071 -126.492485046 240.337585449
A -3631.482910156 -1081.290405273 1156.270385742
A 212.663116455 35.370555878 111.765434265
A 82.054756165 -192.794387817 228.877578735
A 72.174690247 -42.666511536 376.838775635
A 274.206512451 72.460258484 179.264495850
A 85.470626831 -232.270233154 228.692932129
A 138.120788574 26.896038055 384.236511230
A 59.256130219 9.909092903 204.691360474
A 357.410552979 -28.032901764 145.240509033
A 193.226654053 -93.079078674 57.060703278
A 348.281066895 -188.759674072 359.173370361
A 36.907634735 -115.949905396 327.445068359
A 65.771911621 -163.735900879 156.139114380
A 75.949218750 -23.243549347 151.929992676
A 227.328887939 95.487396240 213.693969727
A 253.580078125 52.574176788 371.933929443
A 123.295440674 59.352470398 185.246963501
A 75.849380493 -223.754760742 211.754699707
A 67.201995850 22.641376495 222.304351807
A 58.896121979 -204.763977051 278.636383057
A 88.895332336 48.065845490 232.347579956
A 329.406097412 -249.108123779 263.103607178
A 168.508819580 81.404998779 193.432723999
A 299.963470459 -245.919448853 163.063629150
A 29.238651276 -138.497909546 238.421630859
A 233.159133911 12.112822533 91.405906677
A 327.138000488 63.161586761 236.301620483
A 345.005981445 -161.170455933 127.802696228
A 341.412811279 2.616358757 360.262084961
A 287.340301514 -56.431926727 77.974082947
A 146.883743286 -269.399749756 307.867248535
A 155.473648071 86.144119263 245.594467163
A 264.600311279 -40.397670746 76.862861633
A 39.047271729 -118.524200439 175.341690063
A 392.738616943 -17.957534790 265.832244873
A 295.032745361 -195.523742676 398.601715088
A 175.809478760 75.120521545 331.811157227
A 163.676177979 -10.189219475 422.674591064
A 3723.381347656 8682.092773438 11882.984375000
A 234.456085205 95.912155151 237.505554199
A 82.966491699 -195.998260498 157.868942261
A 380.466217041 -196.096527100 253.400115967
A 173.899002075 -75.889503479 443.318206787
A 42.441688538 -17.216701508 218.403244019
A 339.520019531 -225.772155762 183.416625977
A 720.319946289 -1136.151855469 -53.895633698
A -26943.205078125 34304.394531250 28005.089843750
A 42.952037811 -173.630767822 293.313079834
A 288.850616455 -153.359252930 82.554985046
A 226.119567871 -238.149307251 121.664314270
A 71.516754150 30.756265640 270.149597168
A 37.467556000 -47.738430023 192.193603516
A 354.909820557 -166.586242676 368.834808350
A 220.216262817 -124.167236328 61.883533478
A 250.410659790 -198.681915283 90.019859314
A 132.910888672 -254.867858887 330.658325195
A 160.838165283 -169.858581543 85.431671143
A 111.930580139 65.017768860 260.750518799
A 154.187286377 -272.633148193 201.994689941
A 145.652786255 -189.863189697 407.356872559
A 262.206115723 -97.000373840 67.449775696
A 52.267974854 -197.902694702 218.586318970
A 252.472625732 -12.047373772 82.059242249
A 278.896636963 41.663963318 130.010757446
A 81.207443237 -96.874214172 110.887496948
A 151.266632080 -1224.174072266 -257.522308350
A 58.771808624 -143.259185791 358.268646240
A 358.672973633 37.010547638 233.595504761
A 234.962387085 -49.829940796 440.794464111
A 80.476837158 -120.568069458 120.344337463
A 246.330978394 -102.575790405 444.018920898
A 231.393630981 -29.932235718 69.061958313
A 304.030364990 -89.409515381 83.327430725
A 365.962219238 -16.508859634 244.914016724
A 178.304748535 -51.647800446 439.331634521
A 250.511230469 69.606567383 156.938018799
A 102.374588013 1.940814614 377.074249268
A 295.486511230 71.270401001 194.927703857
A 283.264221191 -270.260681152 232.048751831
A 215.502319336 -54.823055267 63.493755341
A 196.545013428 -273.859863281 251.921051025
A -6366.747558594 35595.179687500 -84516.039062500
A 51.240581512 -112.152526855 150.013931274
A 142.138046265 -149.597488403 424.438140869
A 149.908996582 -136.063842773 74.391578674
A 193.891616821 -130.940765381 62.261787415
A 191.083572388 95.740074158 256.692230225
A 227.383850098 88.513351440 192.708435059
A 391.416320801 -75.572158813 332.277435303
A 320.767120361 -142.023162842 98.449951172
A 368.342071533 -168.122741699 342.580932617
A 268.741394043 -254.103683472 349.629028320
A 72.402343750 13.916110039 181.630935669
A 347.593658447 -217.996856689 324.418731689
A 359.220794678 23.124732971 201.812698364
A 321.879455566 -108.902030945 92.559341431
A 381.507690430 -158.575500488 175.689315796
A 328.985565186 -41.300811768 105.808616638
A 47.243221283 -131.886840820 343.710327148
A 181.406478882 -234.177459717 384.383209229
A 240.304733276 29.507144928 397.846252441
A 380.772125244 -155.068634033 334.947174072
A 50158.718750000 23121.349609375 6016.001953125
A 637.967712402 -1507.988281250 -1002.777099609
A 386.005950928 -120.042465210 166.264434814
A 225.029342651 -288.055206299 247.114303589
A 169.360382080 72.222427368 168.041305542
A 297.499084473 -226.811248779 367.041229248
A 58.437438965 -30.992465973 348.900451660
A 156.800857544 -42.133884430 73.656776428
A 362.240570068 -60.601989746 374.659881592
A 328.431396484 -241.380432129 312.014007568
A 264.344299316 75.170135498 329.662384033
A 182.421035767 56.404727936 133.391235352
A 51.937374115 -89.294746399 357.024597168
A 363.893737793 20.071273804 300.225921631
A 30.583341599 -72.697143555 307.942901611
A 341.426483154 -38.561161041 389.868438721
A 276.990783691 -185.207672119 93.222183228
A 40.935939789 -181.408859253 264.342498779
A 288.646789551 54.979423523 351.578796387
A 339.720428467 -114.709312439 400.282409668
A 222.965209961 -17.766860962 432.318969727
A 292.246795654 80.151947021 279.484130859
A 292.281097412 69.090332031 320.092926025
A 330.297851562 -210.294708252 363.237457275
A 36.757907867 -170.708541870 243.870285034
A -2849.665039062 -14546.236328125 7636.747558594
A 303.328765869 -172.570602417 100.423240662
A 357.276062012 -2.116687059 159.181381226
A 116.699966431 -235.970916748 294.466735840
A 26.452400208 -124.328842163 286.236785889
A 1515.615844727 5909.929687500 4115.613769531
A 216.001876831 37.070312500 194.058258057
A 382.937744141 -26.745155334 183.116165161
A 143.809646606 -219.206344604 383.081115723
A 125.609733582 -27.296718597 414.492919922
A 377.075866699 -188.551788330 198.596618652
A 245.108886719 -133.424636841 65.440727234
A 118.797218323 -166.472610474 101.576492310
A 160.302398682 -131.817840576 435.714752197
A 34.026256561 -79.589599609 239.337905884
A 324.787109375 63.867092133 275.269653320
A 315.423858643 -260.045013428 241.200485229
A 349.514007568 11.453115463 342.351989746
A 227.344116211 -152.649215698 437.083190918
A 167.534347534 -93.472579956 174.429565430
A 342.249389648 49.212509155 261.631225586
A 164.563064575 30.586786270 115.570671082
A 250.676467896 47.082088470 126.297637939
A 133.498214722 -102.924942017 430.827911377
A 214.129013062 -201.389511108 414.441802979
A 393.695068359 -55.995399475 196.112991333
A 362.536468506 -215.490478516 219.733108521
A 395.490875244 -72.729270935 274.189880371
A 105.423507690 -61.804813385 409.691009521
A 378.895111084 -79.096549988 355.687805176
A 408.249511719 -104.771095276 249.645462036
A -25074.222656250 -36819.414062500 28448.638671875
A 177.698562622 -2.423748255 90.163681030
A 96.241699219 47.894340515 202.049255371
A 223.865783691 -259.491363525 354.354522705
A -1015.692504883 -3080.193359375 -1935.713134766
A 123.225181580 32.166378021 141.427307129
A 339.131256104 -136.436767578 395.394500732
A 365.838867188 5.133796692 182.584579468
A 31.345485687 -48.077926636 219.290191650
A 404.310058594 -97.432830811 216.701614380
A 28.612577438 -86.498985291 196.931243896
A 186.275543213 17.761880875 407.522430420
A 329.321563721 -55.221591949 405.791809082
A 108.191604614 -130.259780884 95.831466675
A 29.110004425 -53.985294342 284.512817383
A 269.600341797 90.439277649 233.678192139
A 159.341796875 -5.970903873 87.882995605
A 204.399230957 71.267417908 346.712310791
A 55.225162506 -68.040176392 359.195343018
A 266.541412354 89.438575745 264.335235596
A 311.550994873 -258.229705811 294.789733887
A 59.251956940 -192.220474243 314.395233154
A 227.479614258 -266.650085449 167.480407715
A 127.624244690 61.895938873 321.864685059
A 210.445419312 -9.601043701 75.535949707
A 57.210174561 -187.125930786 186.649734497
A 202.199264526 46.891483307 123.407043457
A 316.194305420 40.790050507 347.980438232
A 133.406265259 79.757781982 273.082611084
A 192.014770508 -98.063255310 445.232269287
A 288.524627686 -136.122100830 429.607910156
A 392.632598877 -113.858932495 327.065612793
A 399.652008057 -144.363174438 232.150268555
A 156.048416138 -234.253967285 133.845504761
A 102.990989685 40.572566986 335.571228027
A 322.479492188 50.340026855 189.073013306
A 371.034881592 -96.802330017 366.796203613
A 225.582351685 83.253997803 327.140777588
A -293.157196045 632.580200195 1563.974365234
A 238.888381958 -221.344909668 104.790443420
A -17042.224609375 47817.335937500 -4147.532714844
A 151.314407349 -41.181262970 426.556213379
A 393.233520508 -156.331176758 288.038726807
A 348.291534424 -232.020584106 267.422302246
A 56.011505127 6.796086788 279.818908691
A 207.947082520 -91.210311890 64.927627563
A 169.067718506 -215.513305664 399.028717041
A 373.961212158 -138.859725952 148.880844116
A 7968.676757812 2825.651367188 -4663.432128906
A 193.651443481 96.689476013 234.677078247
A 322.908782959 -79.774520874 416.600708008
A 131.423919678 -51.083560944 83.203933716
A 33.982875824 -148.286926270 292.902069092
A 106.848785400 -221.531829834 158.539169312
A 260.581115723 -276.142364502 204.180618286
A 262.144226074 -9.059076309 420.708129883
A 266.916046143 -254.444488525 162.249618530
A 240.881851196 66.280754089 351.541473389
A 217.961441040 59.000537872 365.488403320
A 217.188995361 41.858741760 388.221557617
A 379.109252930 6.157954693 284.456970215
A 196.502197266 -280.140533447 198.221145630
A 108.365898132 -255.520294189 228.121826172
A 146.752655029 10.579890251 402.769622803
A 320.029785156 -233.248596191 343.455352783
A 142.206314087 -273.726562500 283.059936523
A 131.949844360 77.497512817 231.946914673
A 328.899932861 18.773572922 146.818466187
A 271.960113525 -266.771026611 177.780380249
A 1795.348144531 -2017.695312500 0.787998021
A 110.543472290 62.147651672 222.308471680
A 339.381591797 -190.942489624 142.475357056
A 165.135925293 -103.537765503 65.808845520
A 199.287353516 -268.982910156 170.036285400
A 43.082584381 -26.595933914 307.561401367
A 159.549148560 -262.790130615 177.597351074
A 176.974349976 49.812194824 374.489227295
A -13705.491210938 10690.631835938 -14899.885742188
A 322.847930908 -72.028900146 92.118408203
A 155.429153442 -189.956344604 96.480133057
A 376.134521484 -45.906826019 158.810760498
A 213.012207031 -288.270294189 279.315917969
A 286.087860107 -269.471954346 306.935058594
A 174.471069336 -153.116912842 434.843780518
A -9966.291992188 4685.999511719 -8535.747070312
A 290.506622314 -274.368438721 249.473144531
A 341.581268311 45.102424622 297.563751221
A 290.900085449 -106.145790100 74.343788147
A 109.648918152 -27.378614426 105.164558411
A 395.796020508 -25.987266541 225.726821899
A 178.481506348 -286.508178711 257.066986084
A 56.122776031 -6.595546246 319.374267578
A 191.933517456 35.006996155 393.010192871
A 68.225791931 -4.249969006 159.864105225
A 97.561500549 -237.696701050 195.282257080
A 367.267150879 -104.628913879 132.969406128
A 136.296173096 -69.285072327 429.081848145
A 71.375251770 17.660757065 320.089813232
A 35345.519531250 -42948.246093750 54550.253906250
A 362.163208008 -199.350112915 320.098876953
A -6628.163574219 762.932373047 4196.525878906
A 1473.009033203 -3378.135009766 -534.290344238
A 136.136505127 -240.416442871 353.632904053
A 140.556152344 74.224174500 193.959045410
A 381.524322510 -2.929634809 209.433090210
A 282.298248291 -220.628906250 122.179885864
A 38.473926544 -148.443466187 191.645019531
A 329.032928467 4.879153252 129.211990356
A 264.899719238 85.761833191 202.145690918
A 336.148254395 -164.390716553 388.209899902
A 82.454071045 -155.160186768 124.233955383
A 131.609115601 -193.160842896 108.221633911
A -3217.346923828 2061.056396484 91.434303284
A 275.721221924 -220.765274048 388.523651123
A 163.182708740 -105.598960876 440.393463135
A 359.800170898 -173.202499390 151.462265015
A 150.171539307 74.611328125 309.327117920
A 211.827316284 -24.761072159 423.534179688
A 133.536819458 -271.080108643 229.651565552
A 105.373222351 -92.859436035 417.946838379
A 245.146163940 -284.783325195 226.370971680
A 236.209686279 -264.813232422 319.193328857
A 295.617614746 1.552830935 254.828231812
A 136.906570435 -99.192100525 73.106521606
A 337.872283936 -17.721944809 126.371849060
A 261.847808838 -204.047622681 408.903930664
A 26964.587890625 52390.144531250 24999.406250000
A 80.286636353 -140.009384155 385.014617920
A 270.136749268 17.721128464 403.674926758
A 244.198471069 -285.821655273 285.028350830
A 394.063293457 -94.977378845 185.966613770
A 86.306503296 -30.362277985 123.618644714
A 94.502914429 34.801704407 178.968765259
A 234.832305908 -247.198059082 370.468170166
A 310.139465332 69.542449951 216.887756348
A 38.965076447 -85.277824402 172.296096802
A 45.228496552 -45.419479370 326.663787842
A 229.897491455 -176.229873657 77.617324829
A 146.775863647 -22.770622253 399.381591797
A 102.532257080 -37.870655060 399.859680176
A 230.308380127 -181.543197632 426.161285400
A 379.223266602 -45.202938080 342.037780762
A 366.983703613 26.277465820 264.507720947
A 165.621520996 -280.175476074 226.648864746
A 268.297546387 -61.157264709 436.622436523
A 125.836585999 -256.846069336 194.169479370
A 163.546676636 61.509140015 352.810119629
A 77.347023010 -168.730422974 366.945800781
A 24.477643967 -128.603363037 258.307373047
A 184.897872925 -231.663604736 122.156883240
A 219.706024170 79.846801758 165.375930786
A 172.685180664 -31.564821243 284.727630615
A -4460.098632812 40993.074218750 -52385.160156250
A 327.893646240 34.026523590 164.796615601
A -459.107849121 -1239.223266602 172.986755371
A 78.972084045 -190.249130249 355.523162842
A 361.680572510 -198.972076416 181.575988770
A 88.646034241 -60.822971344 109.038871765
A 275.135375977 13.593345642 104.354537964
A 7663.869628906 -493.403991699 -1707.318359375
A 372.368591309 -8.196074486 327.227874756
A 238.421768188 -77.069221497 60.644050598
A 102.983566284 21.725185394 356.642059326
A 114.766723633 -262.624511719 266.643127441
A 8789.916992188 10034.626953125 19200.339843750
A 305.908508301 47.608753204 158.692062378
A 22.508964539 -100.779426575 219.323745728
A 94.037101746 -19.561227798 385.868927002
A 18.883077621 -71.276191711 246.356994629
A 312.440612793 -222.052474976 142.898910522
A 362.759277344 -219.030197144 254.309112549
A 100.840827942 8.090410233 314.473449707
A 85.657569885 -102.498069763 397.590423584
A 31.432634354 -39.331630707 252.730361938
A -3500.677246094 -1409.376342773 3445.090820312
A 169.969787598 88.448486328 218.492889404
A 208.514129639 -194.504486084 84.304573059
A 121.484840393 -94.604576111 393.394561768
A 74.568916321 -7.421212673 349.919311523
A 108.524391174 35.920509338 157.629776001
A -20952.412109375 6637.748535156 4304.229980469
A 82.207839966 -212.069671631 179.031448364
A 256.941925049 -87.238105774 444.123260498
A 106.358383179 -250.795303345 299.775177002
A 36.809226990 -88.846923828 329.716308594
A 318.630462646 20.233097076 331.953369141
A 311.265045166 65.543220520 299.318054199
A 180.499404907 90.130187988 280.866180420
A 382.466461182 6.990939140 241.144729614
A 404.714752197 -46.787277222 263.162780762
A 241.973007202 -254.988616943 145.101318359
A -2810.453369141 2612.939453125 -557.804443359
A 97.495903015 -130.642059326 403.098541260
A 248.877777100 -158.724456787 69.927261353
A 297.083831787 82.170013428 246.725769043
A 231.508529663 -217.892684937 402.858795166
A 90.224319458 4.802696228 141.521789551
A 380.132293701 -191.752868652 281.784179688
A 308.910430908 -6.575787067 108.723999023
A 261.289123535 -272.696563721 317.534088135
A 301.422546387 -106.579788208 432.637145996
A 156.286315918 -73.075355530 68.882347107
A 105.646064758 53.682922363 304.800292969
A 220.702514648 63.597000122 140.015258789
A 407.343383789 -69.156166077 239.766143799
A 271.391204834 -2.045030594 225.977249146
A 196.342742920 -248.485397339 369.730865479
A 122.932220459 -145.561767578 416.187194824
A 230.230575562 -278.875244141 196.519500732
A 243.067428589 28.981351852 105.548484802
A 159.286193848 -214.467254639 112.920372009
A 306.024566650 -34.154056549 413.217071533
A 75.206329346 -226.725448608 298.324737549
A 150.499710083 79.418251038 287.239776611
A 175.280364990 -258.687011719 159.197586060
A 344.718292236 -19.311836243 379.265808105
A 281.114074707 -129.569839478 73.409843445
A 186.312744141 -200.160705566 413.109985352
A 365.166839600 -128.399871826 373.370727539
A 200.890472412 -272.789642334 328.489562988
A 200.617736816 -163.497894287 432.190521240
A -12044.198242188 11052.876953125 2600.403808594
A 321.356201172 -182.495040894 117.132835388
A 349.528015137 -86.312232971 395.466949463
A 10262.208007812 4598.918945312 -24.440555573
A 282.745147705 33.830730438 362.905853271
A 29.514585495 -132.602462769 212.405120850
