533

X 7598.186523438 2260.687500000 -7086.697753906
X -2947.379394531 -2029.190917969 3060.199462891
X -1420.347167969 394.186645508 -2483.324462891
X -600.470214844 2844.499267578 -31.590749741
X 69.377281189 -173.190216064 184.052917480
X 77.308547974 -163.027679443 189.834014893
X -7766.721679688 6351.109863281 -397.335632324
X -5366.308105469 426.997619629 -11313.048828125
V 152.922378540 -3283.288330078 -31569.156250000
X -700.585754395 -198.782302856 267.129241943
X 307.217224121 -238.081420898 314.096435547
X 6389.317871094 -5365.764160156 -2190.716552734
A 142.911148071 9.416434288 240.458786011
X 7645.648925781 3616.106445312 5177.359863281
X 381.457885742 -201.618133545 297.672302246
V 7752.421386719 -1866.171508789 17579.066406250
X 213.419784546 -145.944534302 31.701276779
A 257.277282715 22.576143265 119.069320679
X 802.113952637 -2350.873779297 -9216.278320312
A 148.375259399 -248.397354126 323.401458740
X 459.722473145 9304.002929688 2624.396728516
X -745.977783203 -162.231063843 257.326171875
A 238.237792969 -122.041130066 9.081996918
V 14927.715820312 11915.363281250 -644.022766113
X -1737.499877930 -4805.295898438 -5541.685058594
A 174.184082031 26.599674225 169.199417114
A 125.628784180 -253.672149658 84.012443542
X 10322.838867188 1208.700683594 2463.948730469
X -9038.690429688 5025.923828125 2120.444824219
X -2646.172363281 3389.245849609 -10845.135742188
A 213.048095703 -313.687103271 281.385589600
X -746.718322754 -161.970428467 256.878845215
X -8990.577148438 -2161.565185547 1475.762207031
X 2076.844726562 -2962.336914062 1903.478881836
X 135.610397339 -107.838218689 159.809936523
X -6009.549316406 -3326.803466797 -4400.507812500
X 1750.329101562 4295.185546875 8597.764648438
X 3503.354003906 -3917.271972656 -476.667938232
A 52.259796143 -116.030860901 231.608154297
X 9663.584960938 -811.415588379 -1630.960205078
X -953.205017090 -507.921539307 500.591308594
A 332.571472168 -173.563781738 363.370910645
X -294.221984863 53.600666046 80.680145264
A 210.906417847 -127.313606262 180.312850952
V -15728.282226562 5332.316406250 36.523353577
A 170.250549316 -230.683319092 354.499603271
V -23201.343750000 30595.361328125 19421.638671875
X -322.142425537 1135.835937500 31.200256348
X -3116.714355469 7129.876464844 4519.767578125
X 12098.902343750 6486.875488281 -819.372070312
X -8049.671386719 6448.539062500 -604.746215820
X -2828.352294922 695.739013672 -1572.177001953
A 343.892425537 -78.832725525 329.447479248
A 324.387969971 -60.986160278 56.918159485
A 223.343261719 -199.157165527 193.643096924
X 257.744903564 1972.628906250 -226.427917480
X 286.265808105 -268.835906982 331.823760986
X -1842.889526367 -1972.319213867 356.646331787
X 7377.645019531 5328.808105469 -4690.113281250
V -32458.595703125 7987.782714844 -25017.498046875
A 326.481506348 -198.229125977 349.506530762
X 451.907440186 -389.896179199 -8436.571289062
X 4903.995605469 2240.021240234 -6994.382324219
A 277.924530029 0.153748095 90.964828491
A 375.592803955 -17.991693497 203.965393066
A 145.805282593 -42.513252258 321.472808838
X 222.261032104 -331.118225098 181.699951172
X -1770.116943359 888.848083496 892.020324707
A 104.924942017 -21.059488297 150.611740112
X 77.816009521 -101.352256775 200.759262085
X 3549.182373047 -60.344249725 -1657.491699219
X -8457.377929688 5951.774414062 1882.586059570
A 124.004348755 -30.396890640 290.192810059
A 329.641143799 -295.616607666 133.921386719
A 344.476806641 -8.316172600 138.895629883
X 334.574401855 -87.574523926 277.609069824
X -1118.161621094 -1330.802490234 2644.317138672
X -485.365905762 1206.753662109 -2354.717529297
A 148.032592773 -267.609161377 76.506301880
A 260.513549805 -243.586791992 348.746246338
V 3678.045898438 -11625.501953125 21765.574218750
X -4628.833984375 -5271.877929688 -10409.317382812
X -4983.497558594 -4720.468750000 -5596.023437500
A 109.667671204 -266.368194580 118.851196289
A 234.790237427 -77.985733032 376.130737305
A 392.017242432 -90.517272949 125.268157959
A 86.879699707 -156.736053467 309.219421387
A 207.416870117 -30.974910736 83.881568909
X -2703.999267578 -2730.692626953 -9937.211914062
A 276.888793945 -82.951629639 25.326124191
X 1197.739624023 2815.700927734 -825.654174805
A 306.216979980 28.823478699 188.557449341
V 22729.279296875 -7736.914550781 -24719.302734375
X -208.115631104 110.535942078 85.253021240
A 307.687072754 4.242819786 286.082305908
A 51.285373688 -120.484413147 164.566436768
V -9782.676757812 -39896.722656250 5091.419433594
X 325.065063477 -93.540489197 362.974121094
W 170.918960571 -87.660148621 14.221907616
X -10040.136718750 2948.229003906 1728.350219727
A 377.952209473 -128.393218994 75.113853455
X 9850.673828125 -1343.737548828 7363.710449219
V -6069.277832031 13184.122070312 12981.409179688
X 353.919464111 -52.032135010 321.569610596
A 110.930809021 -128.792465210 334.060913086
X 5282.300781250 -7197.424316406 -8348.352539062
X -4222.641113281 3695.306396484 -5269.769042969
A 238.809402466 3.937425375 313.295562744
X 304.194580078 -167.117446899 256.834716797
A 239.460678101 -28.344696045 341.731994629
X -5877.749511719 -3868.657226562 -2330.843017578
X 281.271148682 -777.066467285 -96.597702026
A 343.967681885 -201.208709717 268.923583984
X -1439.919433594 5954.727050781 6103.476074219
Q 232.932693481 61.418148041 236.408660889
X -6646.488281250 -1665.543457031 6598.772460938
X 244.416610718 726.295288086 -2342.831787109
V -763.060546875 -40654.773437500 -9971.602539062
X 2010.069091797 2852.428466797 1864.029663086
X -155.745605469 4134.652832031 7721.151855469
A 290.149658203 -243.737365723 344.093109131
A 218.686660767 -207.093872070 16.713817596
X -1523.726928711 7716.202148438 8983.186523438
A 341.759826660 -178.141571045 44.339935303
V -27570.464843750 -21269.787109375 -24655.951171875
A 85.282081604 -244.165969849 136.454345703
A 138.595474243 1.349075675 238.770568848
X 140.973037720 -87.245437622 69.778549194
X 293.370910645 -141.776153564 191.028991699
X 4732.719726562 -2436.403076172 77.511650085
A 175.784240723 -189.811935425 46.570911407
A 233.633285522 -250.979461670 40.019218445
A 121.665878296 -292.765014648 230.290725708
X 197.602981567 -246.813949585 254.724014282
X 199.411697388 -157.482818604 237.823165894
V -3134.600341797 -17437.914062500 5597.306640625
A 245.823699951 -54.576004028 366.650299072
A 276.792175293 32.713920593 163.155410767
X 12102.761718750 -10747.922851562 -2691.157958984
A 201.971527100 -323.509918213 145.435058594
X 264.193145752 -284.067321777 327.160339355
A 343.764434814 -14.313690186 115.324409485
A 182.390228271 -159.639129639 362.495178223
X 568.514099121 -3380.995117188 1639.426757812
X 5599.695800781 -3085.828125000 -1339.526123047
V 18161.138671875 -6164.821777344 -26556.783203125
A 185.385757446 -103.711074829 18.566371918
X 364.314697266 929.809143066 -11497.114257812
V -16851.056640625 -4639.362792969 4026.893066406
X 421.603332520 -3049.483154297 2846.408447266
X -12308.594726562 -9036.584960938 -2159.079101562
A 343.265747070 -213.198928833 60.857875824
X 1154.140380859 2110.178466797 -717.902832031
X 8345.597656250 7813.474121094 1387.559204102
X -1355.935668945 2851.994628906 3350.326171875
X 375.008422852 -241.730789185 271.174316406
A 109.075225830 -213.505325317 320.853240967
A 203.223022461 -161.943588257 387.207092285
A 88.987571716 -68.816841125 103.718879700
X 345.073944092 -131.580322266 163.229415894
X -2827.032470703 1098.950927734 2951.358642578
X -5531.730468750 4511.411621094 -6158.000488281
X 427.354187012 2217.145751953 -428.407867432
A 209.270767212 -290.714874268 78.016288757
A 303.293579102 -321.511047363 235.614624023
X -6588.796386719 -6143.964843750 -846.018188477
A 344.321960449 -298.712921143 201.427139282
A 347.254760742 -63.386127472 189.450714111
X 320.427703857 -265.765991211 206.081619263
A 112.024291992 -9.069906235 209.308746338
X 754.162292480 -3095.333007812 954.449584961
A 162.741226196 -5.121049881 294.224945068
X -2315.868652344 -584.005737305 56.329486847
A 206.708206177 -257.551269531 347.967010498
X -1216.525390625 -1946.751953125 981.857421875
A 95.001800537 -97.044143677 307.449127197
X 6188.952636719 4757.382324219 5891.648437500
X -1176.216186523 -716.631896973 3047.651611328
Q 303.576873779 46.295703888 158.112670898
A 274.020324707 -331.079162598 203.691131592
X 1227.436157227 1297.984008789 -5392.711914062
A 408.906890869 -120.181320190 271.221069336
X 235.798065186 -567.073486328 176.027038574
X 164.178024292 -68.612426758 115.339225769
A 253.812744141 -309.840423584 110.687103271
A 271.789123535 -241.365386963 37.799583435
V 5256.532714844 12693.675781250 17116.123046875
X 444.096832275 3358.372070312 -225.493103027
X -8621.958007812 -5749.488769531 -5365.038085938
X 4400.704101562 -2206.709716797 -91.488441467
X 911.318725586 -725.684631348 -2656.434814453
X 397.946563721 -215.614013672 253.742401123
X -6589.031250000 7948.880371094 4457.926757812
X 7091.629882812 -14413.079101562 -4042.574707031
V -17721.083984375 22473.244140625 18335.062500000
X 328.723358154 -114.334175110 179.539825439
X 1090.522460938 -1017.929138184 -2332.206787109
X -1139.212036133 8145.771484375 6924.916992188
A 340.450531006 -301.574493408 183.648712158
X 395.450683594 -205.994781494 281.437988281
X -4901.184082031 2415.887695312 -3848.001220703
X 175.293701172 -872.532836914 -8167.275878906
X -327.461364746 1428.373779297 2786.923828125
X 313.798400879 14.988491058 140.759384155
A 259.809478760 -47.414699554 355.525604248
X -1236.182861328 1743.528442383 316.709686279
X -2971.843261719 -7580.748046875 -2181.976318359
A 303.708068848 -65.141624451 39.778339386
X 1974.777099609 900.341125488 -6200.018066406
A 397.454925537 -43.364841461 216.702713013
A 190.903640747 -232.072433472 362.241577148
X -606.631713867 -2533.367431641 1995.954467773
X 380.033294678 -153.846069336 325.211029053
X -946.818481445 -15138.154296875 -6713.464843750
X 388.770568848 -100.705543518 96.151420593
X -1260.227783203 -1821.785156250 579.097595215
X -604.163208008 -3605.198730469 -5849.545898438
X -6672.921386719 -1576.190917969 -6531.216796875
X -1399.068481445 -154.098052979 -9036.444335938
A 209.125442505 -204.577774048 341.671997070
X -1160.255737305 -535.756774902 2020.899169922
X 11174.531250000 5756.966796875 209.241897583
A 278.359649658 -215.831008911 23.486854553
X 210.304672241 -279.857208252 278.656982422
Q 328.372863770 -286.289398193 71.062850952
A 154.166412354 -305.714385986 259.565795898
X 5085.050781250 -8529.467773438 -199.954650879
X -49.224205017 -2810.803955078 9231.947265625
X -527.229431152 -9673.585937500 2034.192504883
V -3253.877685547 18117.169921875 -43035.351562500
X 381.183105469 -151.521636963 282.282104492
A 298.373443604 -108.615058899 23.264936447
X -800.025390625 -599.723876953 -2308.347167969
A 218.968490601 -99.044425964 377.307006836
X -716.172302246 8718.113281250 -188.367462158
A 200.936584473 -324.689514160 240.242492676
X 66.677871704 -152.784103394 137.988662720
A 139.555175781 -101.497093201 349.559631348
X -5728.782226562 1715.063842773 -4887.775390625
A 170.572753906 9.954215050 116.583892822
X 2581.324951172 -1933.599731445 1341.704467773
A 95.789642334 -41.423202515 128.622207642
A 86.854324341 -249.480026245 247.689910889
X -1907.783203125 -745.353149414 3394.854492188
A 63.021247864 -97.221214294 248.403427124
A 125.318923950 -206.770385742 327.246856689
X 9405.142578125 2358.246093750 -5099.524902344
A 259.056030273 5.057311058 87.092758179
X 1312.349487305 6305.629882812 7241.323730469
X -595.459289551 335.739044189 -362.952911377
V 31784.005859375 14657.411132812 3750.634765625
V 3807.488525391 -12349.118164062 -11226.440429688
A 82.332496643 -112.970161438 297.562347412
A 225.053680420 21.084550858 189.526535034
X 629.098632812 -3084.192626953 1397.568969727
X 2467.925781250 -3114.075927734 2926.209960938
X 356.567352295 -226.440460205 79.450370789
A 278.791839600 -234.711242676 362.399505615
X 86.593498230 -196.037216187 99.864143372
X 2521.688964844 -2544.026611328 1387.858520508
X 893.122680664 2934.568847656 1449.121582031
A 229.952285767 -290.753875732 311.451507568
X -11533.214843750 227.181274414 7756.397949219
A 101.890625000 -262.426666260 157.947036743
A 366.793762207 -133.918762207 168.364547729
X -2632.112304688 -3150.805175781 -3892.105468750
Q 160.624053955 -66.215499878 375.644805908
A 385.460327148 -76.595535278 199.011932373
A 160.609710693 -282.511688232 90.408493042
A 96.478591919 -141.494384766 62.314151764
X 1067.470458984 3555.687744141 8267.653320312
X 1936.105957031 2840.683837891 588.975341797
A 170.216461182 -310.216766357 142.221435547
X -290.754333496 744.477111816 -199.306396484
X -2294.237792969 -1344.523803711 317.201354980
V -4049.163818359 -19614.123046875 10178.535156250
A 149.476165771 -85.543846130 352.222503662
A 100.995300293 -249.404739380 275.056182861
X -3461.792724609 -6767.047363281 -5208.383789062
X -494.613433838 -100.822006226 232.276382446
V 3606.572509766 15841.061523438 10218.790039062
X 1305.438110352 3823.081542969 8808.153320312
A 69.559074402 -217.452865601 249.912490845
A 302.545349121 -20.203510284 75.176269531
A 249.824783325 -169.409332275 151.091125488
A 59.955532074 -80.564384460 224.092483521
A 195.221237183 -105.832389832 379.069091797
X -1844.504638672 -1838.998657227 -1921.822631836
X 2000.875488281 -3429.270507812 -773.538330078
X 12236.650390625 -976.710327148 323.947204590
A 128.630050659 -297.254028320 177.729812622
X 5409.879394531 -8578.679687500 -671.167541504
X 115.077056885 -234.169647217 114.933929443
A 232.661926270 -96.161758423 13.622575760
X 8876.448242188 -1459.251586914 7862.570800781
A 116.486770630 -292.684661865 204.105361938
X 279.620361328 -274.012023926 337.909820557
A 204.896270752 -289.790649414 317.779479980
X 1579.806152344 -319.958923340 -2766.123291016
A 216.455108643 -39.469661713 40.488246918
X 78.791091919 -168.487884521 203.227981567
X -705.673828125 -231.058517456 258.837860107
X -9345.103515625 -870.128601074 -2856.240966797
X 2183.189941406 -848.865844727 -3199.219970703
X 8885.379882812 1024.925415039 5879.820800781
X -786.913879395 -230.841064453 270.299255371
V -16365.050781250 -23883.716796875 18456.728515625
X 2720.777587891 -3730.073486328 8774.654296875
X 324.918212891 -288.903381348 242.232482910
X 213.001434326 1413.147338867 -722.805480957
V -5706.732421875 -13707.992187500 -10029.514648438
X -3328.663818359 5496.413085938 -4556.038574219
X 7258.792968750 -2200.303222656 7881.781738281
X -1578.108642578 -1434.559082031 954.799621582
X 410.208251953 -183.454040527 243.318283081
X 85.030540466 -154.582199097 198.765991211
A 420.721099854 -146.927917480 237.965728760
X -460.128601074 87.754531860 145.589401245
X 139.293884277 -194.931747437 53.764991760
X 343.822631836 -87.704483032 348.352142334
A 411.941925049 -187.396911621 172.659439087
Q 183.013641357 -347.339965820 213.547531128
A 246.029449463 -191.474136353 266.127990723
X 412.017517090 -5656.756347656 -2741.867431641
A 385.569183350 -151.495223999 92.216659546
X -1601.388427734 -6826.199218750 -1152.032714844
A 129.710510254 1.159427524 156.348312378
A 390.097717285 -57.109355927 132.719100952
X 747.726379395 -3317.029296875 -1870.394897461
A 310.282745361 -316.955780029 108.976715088
X 244.190429688 4045.045898438 -7883.568847656
X -5696.502441406 -3479.056396484 -2159.141113281
X 256.152282715 2188.929443359 -2286.702880859
X -1511.604370117 -2222.275634766 -1225.924072266
A 285.018707275 -323.636138916 163.269088745
A 236.925781250 -154.218597412 4.989257812
A 150.834991455 -119.440414429 26.369024277
X 69.560180664 -128.702590942 116.600601196
X -10154.606445312 3097.246582031 1255.314453125
A 275.940216064 -6.236013412 316.129211426
X -4978.795410156 6117.813476562 3906.418457031
X 235.626922607 -179.295547485 195.065338135
A 73.798599243 -160.783081055 93.995658875
A 220.518310547 -321.945495605 139.585098267
V -5218.805664062 7443.976562500 14221.419921875
A 206.153320312 -38.861686707 350.785583496
V -11278.101562500 31620.886718750 -2848.461669922
A 287.615325928 -219.549346924 32.785305023
A 46.782741547 -114.154983521 171.394058228
X 3661.535888672 -3347.855224609 250.448333740
X 2438.841796875 -2682.646484375 -189.898620605
X 209.291809082 -1384.641601562 9360.588867188
A 280.318969727 -37.527591705 48.784915924
X 203.265060425 -145.110488892 198.405380249
V 16151.209960938 6038.467285156 -10236.332031250
A 234.914611816 -332.348297119 198.183532715
X 175.336975098 -164.456924438 112.354690552
X 307.388824463 -224.115142822 358.661376953
X 404.825408936 -106.385894775 178.122207642
A 335.207977295 7.969099998 294.285400391
X 207.976211548 -61.612037659 220.881973267
A 198.878768921 -236.093475342 33.293395996
X 3453.308593750 -10497.163085938 -5683.605957031
X 1242.742553711 7992.617675781 5326.186523438
A 226.336166382 -299.396850586 93.023300171
A 237.210159302 -273.626190186 54.074054718
X 6330.871582031 3585.562988281 1041.768676758
A 228.526535034 -37.296825409 233.242431641
X 332.478027344 7.967622757 214.622192383
X 258.917022705 -206.702667236 124.947883606
A 141.674377441 -12.267382622 105.415954590
X 3837.321777344 6777.714843750 -948.557067871
A 283.746917725 -326.493072510 211.486541748
X 1787.161254883 1352.365478516 -1192.308227539
A 179.912582397 8.074184418 286.642761230
V 11187.677734375 -13357.092773438 -1372.862426758
X -3611.154541016 5789.540527344 -1370.938720703
A 111.642387390 -64.646217346 304.929779053
X -2724.458251953 216.989822388 -11870.058593750
A 234.800201416 22.375844955 279.531127930
A 394.724090576 -207.503433228 151.770629883
W 290.770812988 15.578563690 285.544616699
X 1983.093139648 -6596.431152344 -5461.554199219
V -14607.839843750 11390.816406250 -16014.093750000
A 123.456741333 -165.188018799 345.293548584
A 248.652008057 -95.493499756 277.829925537
A 82.006637573 -184.858154297 293.326629639
A 229.000305176 40.799602509 183.671142578
X 205.865447998 -86.118339539 179.296279907
A 260.003570557 -111.318298340 71.861038208
V -15271.343750000 7111.773437500 -13268.833007812
A 165.170898438 24.641626358 201.403930664
A 110.468986511 -284.832244873 163.713912964
X 209.789367676 -148.739944458 268.389465332
A 324.987854004 -227.142120361 346.352478027
X -9362.398437500 -3300.906250000 1506.517333984
A 248.442779541 38.046493530 187.187393188
A 361.846496582 -254.288177490 107.331680298
X 741.256469727 -5343.555664062 -5780.034667969
X 368.181701660 -220.773849487 289.349548340
A 349.849029541 1.855320096 240.651931763
W 81.140258789 -145.653762817 319.946533203
A 313.117065430 -187.713699341 31.644104004
A 328.525604248 -284.840209961 113.328842163
V 19202.939453125 -23347.367187500 29646.212890625
X 9146.256835938 -6568.126464844 4466.722167969
V -16614.767578125 1871.560913086 9817.031250000
V 6291.022460938 -16369.897460938 -3650.332275391
X 1168.010620117 1367.152954102 -1026.258789062
A 284.217956543 -310.220001221 223.897430420
X -1641.933593750 -1205.995239258 562.979797363
W 168.089187622 -18.180772781 312.827575684
A 407.709014893 -90.657203674 223.981460571
X -4674.185546875 -4195.678710938 4938.171875000
W 174.368331909 -329.456390381 250.783309937
X 110.771278381 -83.901374817 101.541389465
X -5108.785156250 -2887.648437500 -4276.090332031
A 309.086975098 -39.903533936 339.459625244
V -15085.480468750 9460.321289062 -764.336364746
A 182.713119507 -19.884847641 65.379226685
A 303.460113525 -146.584945679 21.926410675
X 2434.833007812 -1254.717041016 -1372.078735352
X 295.363067627 -308.452850342 128.590255737
X 1590.452392578 2881.195312500 9192.769531250
X -1166.778076172 -2692.598876953 -145.277481079
A 325.204895020 -157.525604248 32.021087646
A 203.829986572 34.845615387 218.441864014
X -1021.337707520 10309.813476562 -3125.831054688
X 6980.302246094 9551.738281250 1721.762817383
X 293.893096924 -141.459716797 382.749847412
X 5238.571289062 4132.888183594 -5941.018066406
A 190.739501953 -30.489715576 51.926578522
V 15955.639648438 31042.421875000 14747.250976562
A 354.382263184 -103.415206909 58.653396606
A 193.511093140 -258.212127686 53.269157410
X 477.273925781 -3598.239746094 703.411376953
X -9499.912109375 -182.767669678 3465.257080078
X 6672.112792969 -3563.653076172 6226.349121094
X 2214.624511719 -2242.957519531 1584.585571289
X 627.459960938 -6455.167968750 5327.218261719
X 5423.242187500 9570.854492188 -2050.954101562
X 400.398559570 -172.097076416 285.683593750
A 391.271820068 -196.956039429 105.042831421
X -619.945678711 4705.736328125 9723.153320312
X -4656.705078125 5088.782714844 10223.733398438
X 4123.545898438 -3091.146240234 -6052.866210938
A 215.165252686 -75.611991882 20.668813705
X 115.848739624 -205.766433716 120.123260498
X 125.749618530 -230.974960327 177.841583252
A 288.847808838 33.029941559 216.892456055
X -359.693176270 -1324.516235352 -2825.279052734
X 3286.534179688 4662.652343750 2276.027832031
W 273.306335449 -306.887908936 83.715263367
X 6499.677246094 3821.027099609 -5912.882812500
A 387.164764404 -116.763320923 193.862548828
X -509.186096191 -6360.340332031 -6241.029296875
X -218.715637207 -8774.541992188 4298.913574219
X -2208.262939453 -4466.391113281 -9284.145507812
V -2594.676025391 23807.460937500 -30397.505859375
A 124.615463257 -276.213348389 279.209411621
X -8472.892578125 -14361.117187500 -748.598266602
X -1166.775268555 -289.908477783 415.298980713
X 7263.156738281 -4459.446289062 -3206.855468750
X 357.893493652 -198.763793945 312.816436768
X -1231.543701172 -3045.108398438 4132.801269531
V 18812.251953125 -1138.306884766 -4807.853027344
X 2245.901367188 2753.769287109 2558.006103516
W 181.436218262 -170.198944092 394.321197510
A 319.065002441 -270.095977783 85.920867920
A 299.399902344 -13.385183334 182.566955566
V 9279.875976562 10635.392578125 20317.847656250
X 159.218261719 -278.067565918 254.682479858
A 390.510162354 -134.047348022 211.438339233
Q 324.047241211 -248.879867554 35.091220856
A 423.828186035 -136.204467773 212.075759888
X -1156.488525391 -2381.063964844 4300.033203125
A 94.302070618 -26.353881836 209.367202759
X -7785.211425781 7276.802734375 4869.347656250
X -1357.100341797 -33.813110352 2122.878906250
A 415.894012451 -200.658599854 183.554199219
V -13218.629882812 -5032.716308594 11737.195312500
A 243.534042358 -237.268722534 210.165390015
A 216.491317749 -91.449897766 287.175933838
X -6685.105957031 505.840118408 10429.670898438
X 2884.839599609 -2458.343994141 -2119.594726562
X -397.050598145 1637.159667969 -1331.862915039
V -22872.103515625 7134.783203125 4489.326171875
A 359.234069824 -39.010936737 289.459167480
A 197.776977539 -179.596801758 9.698343277
X 2727.807617188 2700.950195312 -684.054992676
X 4961.434570312 -629.541809082 -2015.835205078
X 8304.536132812 2900.846679688 5110.479003906
X 4877.398925781 7508.157226562 1307.964111328
X 304.325134277 -4061.353515625 61.582061768
X 66.731025696 -223.175567627 211.567703247
A 46.420928955 -179.830932617 199.296676636
X 220.212066650 -101.832244873 221.345718384
V -12876.073242188 11777.535156250 -3713.728271484
W 342.994995117 -124.568695068 29.178535461
X -545.656433105 1173.265625000 3912.337158203
X 3479.530517578 7233.451660156 -518.587097168
X -1037.451782227 25.607807159 479.931640625
X 338.198181152 -249.451492310 319.124450684
X 74.438812256 -102.365074158 187.106292725
A 126.537094116 -219.183395386 334.476409912
A 189.463943481 26.266172409 146.303359985
A 143.521484375 -143.942276001 27.924180984
X 270.193206787 -197.239578247 381.535705566
X 4469.652832031 -7975.260253906 -3456.822753906
X 388.088562012 2810.951171875 -1799.931518555
X -859.430480957 -510.206573486 328.920684814
X 8101.423828125 13113.967773438 -3980.885986328
X 228.079620361 -64.822105408 134.605133057
X -1336.477905273 -596.366516113 2451.483642578
A 211.743179321 26.714088440 259.565338135
X -174.557403564 153.954162598 -107.780960083
A 270.076660156 -25.051710129 342.902984619
X 210.685455322 -155.134017944 172.788711548
X 364.438995361 -8.885097504 168.628204346
X -2431.678466797 8953.330078125 2067.796875000
X 215.987213135 -142.670318604 197.182601929
X -141.238174438 490.537719727 -81.433998108
A 157.993072510 -122.890693665 365.908630371
X -1035.909912109 -287.410919189 308.139160156
X 87.726661682 -130.563751221 93.817253113
W 225.659088135 38.189811707 130.143997192
X 233.832305908 -119.052131653 100.342903137
V -16332.546875000 14931.423828125 3220.157958984
A 134.247787476 -61.711410522 329.689941406
X 106.825836182 -136.349853516 66.238586426
V 18754.275390625 8603.982421875 -410.129730225
X 4918.955566406 8468.835937500 7717.226074219
A 418.532714844 -90.503898621 221.828613281
