533

A 289.973114014 -40.823413849 104.378173828
A 78.798339844 -144.426589966 312.265563965
A 255.353530884 -111.445381165 339.452484131
A 209.188461304 -230.369567871 212.299011230
A 321.158691406 -32.727916718 247.739135742
A 333.051574707 -74.801963806 222.541122437
A 239.964691162 -168.103027344 238.708084106
A 235.895797729 -84.333267212 338.531829834
A 253.765594482 -3813.041259766 -36361.449218750
A 330.206420898 -106.104660034 202.429946899
A 90.819450378 0.726586759 97.513931274
A 242.768142700 -60.238891602 300.863220215
A 238.257217407 -214.495468140 165.916168213
A 297.929718018 -21.252132416 288.569274902
A 52.504753113 -36.162876129 115.877555847
A 2500.677246094 -576.281860352 5518.578613281
A 195.274856567 -102.444595337 360.610290527
A 143.559082031 -212.441375732 278.748260498
A 73.646293640 -131.595260620 215.998672485
A 241.629440308 17.550746918 99.594268799
A 177.992477417 72.384773254 250.231277466
A 327.929656982 -105.210212708 228.364730835
A 166.781188965 -105.797943115 362.032440186
A 4554.029296875 3435.348144531 3.166819572
A 226.793350220 26.740213394 312.063018799
A 233.185226440 -222.689437866 230.161239624
A 258.321929932 -5.039806843 319.993255615
A 327.987091064 -54.176498413 244.405700684
A 311.787231445 -149.360763550 180.564804077
A 144.527603149 -40.979496002 74.767433167
A 160.180389404 68.275329590 143.903976440
A 326.446502686 -78.748817444 251.033386230
A 326.810852051 -44.047790527 177.819183350
A 241.772613525 -202.839767456 273.480072021
A 308.052673340 -148.340621948 249.856246948
A 65.586715698 -143.361938477 113.737854004
A 191.977294922 -3.250510454 343.821838379
A 77.184379578 42.281948090 221.203567505
A 324.424804688 -99.462677002 159.647201538
A 25.353914261 -79.925598145 239.541122437
A 289.152557373 -109.040451050 101.781867981
A 92.792266846 -76.716079712 70.656211853
A 110.769920349 11.838352203 91.095741272
A 213.139373779 -192.650253296 308.157165527
A -850.538024902 285.759429932 215.669067383
A 226.686050415 -11.121251106 73.234657288
A -35033.792968750 46287.785156250 29419.810546875
A 155.426696777 71.103164673 246.657806396
A 110.763885498 40.813098907 286.816772461
A 107.406387329 -118.272201538 212.152984619
A 49.382419586 16.175493240 201.153091431
A 38.016738892 -45.951061249 135.603698730
A 70.034584045 -112.692855835 91.643447876
A 98.344757080 -159.432174683 317.029449463
A 190.635360718 76.052726746 232.678100586
A 158.023345947 -230.446304321 241.684463501
A 113.071884155 38.683410645 119.931800842
A 69.829299927 -195.000213623 217.364486694
A 58.560131073 -160.697814941 271.665130615
A -48168.050781250 11878.900390625 -37141.519531250
A 89.824485779 -54.506618500 74.624336243
A 175.916397095 -73.504417419 364.566406250
A 92.928924561 -132.931610107 326.801849365
A 132.011993408 -200.289459229 295.223052979
A 55.686187744 -181.744049072 202.756317139
A 246.218399048 -166.262939453 97.662475586
A 190.137985229 80.237541199 213.455612183
A 279.670501709 -193.194519043 180.161468506
A 286.735168457 -182.469680786 238.852279663
A 320.462615967 -137.383834839 206.643035889
A 318.362121582 -63.316226959 140.838943481
A 287.186645508 -127.697166443 163.006607056
A 273.110717773 -174.227691650 130.160263062
A 67.572616577 30.289821625 244.051620483
A 78.052894592 -189.308044434 264.893280029
A 42.648403168 -118.063507080 129.886444092
A 247.342575073 -27.997562408 76.033973694
A 208.091857910 -146.642791748 343.730682373
A 250.039535522 15.208846092 310.288604736
A 156.967010498 10.349283218 74.840347290
A 2967.826416016 -9085.051757812 17081.337890625
A 235.436843872 -9.315026283 334.380249023
A 101.980194092 -170.729888916 103.957893372
A 275.370788574 30.682317734 263.740020752
A 146.442398071 -121.154212952 57.019859314
A 37.315204620 -128.346145630 265.287048340
A 307.471649170 -64.862983704 120.027687073
A 180.722778320 -189.251647949 316.745239258
A 221.442810059 -32.108104706 351.106048584
A 138.003326416 -148.233047485 342.015930176
A 94.966567993 -176.149200439 298.812866211
A 118.485702515 -222.925216675 207.801116943
A 28621.958984375 -9757.394531250 -31091.746093750
A 308.343414307 -102.551956177 285.736206055
A 100.100357056 -196.526046753 137.305923462
A 321.377166748 -113.015914917 250.907241821
A -14369.534179688 -58899.359375000 7528.719238281
A 102.844543457 -111.329818726 69.084457397
A 228.709945679 -138.880096436 342.440704346
A 321.579742432 -123.266334534 169.295501709
A 52.539245605 -88.403778076 303.985412598
A 47.696586609 -63.820262909 118.233825684
A -1918.741699219 4414.659667969 4555.940917969
A 83.894935608 -157.968292236 106.246726990
A 276.139221191 -99.189300537 88.381362915
A 115.174873352 16.592010498 303.414093018
A 256.551940918 -161.833999634 310.579223633
A 161.307952881 -203.121200562 111.899360657
A 54.607639313 -66.534400940 100.971145630
A 159.417205811 -175.338623047 84.812118530
A 33.570247650 -140.156768799 170.908630371
A 261.386535645 -197.067001343 152.002532959
A 40.054862976 -16.738018036 149.659805298
A 212.701202393 -194.336715698 106.248046875
A 166.920837402 -235.689147949 182.018997192
A 290.619995117 -66.239196777 100.681373596
A 154.630386353 -37.563831329 53.755744934
A -1108.909667969 -60486.867187500 -14765.371093750
A 115.636230469 -197.398025513 123.416885376
A 202.073806763 -120.160446167 75.939315796
A 110.242164612 -10.134365082 79.059684753
A 171.490951538 -49.577156067 361.425994873
A 200.036056519 -169.732299805 105.486480713
A 60.322998047 -59.130043030 314.260772705
A -41476.187500000 -32061.517578125 -37118.902343750
A 313.144378662 -13.216527939 250.939163208
A 262.368041992 -203.680130005 172.735824585
A 252.923110962 -136.795593262 329.042327881
A 18.113298416 -72.959289551 219.349456787
A 34.380897522 -8.387184143 204.206649780
A 241.121124268 -58.495262146 348.937377930
A 160.560379028 -5.501052380 345.046234131
A 277.323944092 34.946727753 166.933578491
A 226.108459473 47.619884491 123.682296753
A 277.239562988 -62.068031311 87.833694458
A -609.786682129 -4314.852539062 1510.099243164
A 154.182373047 -144.771682739 62.718524933
A 141.532897949 -226.094375610 251.463806152
A 682.073242188 -549.603149414 78.710700989
A 214.520919800 67.830551147 244.923385620
A 128.069839478 46.357845306 118.827552795
A 82.082611084 -178.623962402 281.972717285
A 213.334411621 -59.334861755 52.606483459
A 192.226959229 -224.742004395 267.904541016
A 31.898481369 -17.967618942 225.736373901
A 21776.080078125 -7409.171386719 -31644.390625000
A 211.294494629 -117.541847229 354.014190674
A 193.408706665 -102.812141418 195.837905884
A -2956.153320312 -880.676818848 940.959655762
A 173.383316040 28.558012009 90.277229309
A 66.518455505 -156.801666260 186.554412842
A 59.035980225 -35.787643433 305.877868652
A 222.802337646 59.353446960 146.671997070
A 69.258529663 -188.991134644 185.824020386
A 112.886093140 22.918943405 311.879425049
A 48.475986481 7.687218189 167.395217896
A 292.065338135 -22.699235916 117.691276550
A 157.041961670 -75.539665222 47.039760590
A 283.324157715 -155.090057373 291.924926758
A 29.843338013 -94.515518188 265.917449951
A 51.808853149 -132.375198364 127.409362793
A 62.617424011 -18.732345581 124.126174927
A 184.994720459 77.378166199 173.766357422
A 207.053787231 42.406127930 303.273315430
A 100.386627197 47.505790710 150.842834473
A 61.365673065 -182.217956543 172.212722778
A 54.391532898 18.807020187 181.599212646
A 46.544036865 -167.254852295 227.082855225
A 71.956359863 38.735725403 189.545700073
A 268.270416260 -203.410781860 214.031524658
A 138.112167358 66.784263611 158.488494873
A 242.506134033 -200.347564697 132.506088257
A 23.142103195 -113.264862061 193.871994019
A 190.195373535 9.526070595 74.827316284
A 265.700012207 51.128902435 192.679550171
A 281.080261230 -131.366302490 102.695625305
A 278.818084717 2.452504635 293.518707275
A 233.792999268 -45.798072815 63.271160126
A 119.828308105 -218.619003296 250.653747559
A 125.956832886 69.952796936 200.383651733
A 217.136688232 -32.825679779 62.294635773
A 31.288021088 -96.520141602 142.972793579
A 319.082427979 -14.396245956 217.048843384
A 241.224899292 -158.614791870 323.567840576
A 142.009857178 60.683292389 269.918609619
A 132.947525024 -9.453535080 343.113952637
A 3030.461914062 7065.478515625 9671.259765625
A 189.641189575 78.310600281 192.140106201
A 67.752632141 -159.813308716 128.666030884
A 309.701965332 -159.581237793 207.230499268
A 141.655288696 -61.316234589 360.330261230
A 34.095336914 -13.517969131 177.217254639
A 275.675445557 -182.935684204 149.477066040
A 585.481018066 -924.287109375 -43.808044434
A -21928.996093750 27919.662109375 22792.746093750
A 35.765533447 -141.456665039 239.584411621
A 234.857055664 -124.822845459 66.933815002
A 185.059570312 -193.972915649 99.245491028
A 58.432075500 26.132755280 219.737075806
A 30.647289276 -38.986316681 156.764389038
A 289.671569824 -134.791992188 299.045104980
A 178.860168457 -100.309112549 50.508144379
A 203.546722412 -161.130187988 73.554153442
A 108.904731750 -206.228363037 268.174102783
A 131.239044189 -137.398147583 68.472404480
A 91.769218445 53.407821655 211.686843872
A 126.820892334 -221.894805908 164.471374512
A 118.748703003 -154.142730713 331.251129150
A 213.657302856 -78.979721069 54.732921600
A 42.782459259 -160.779647827 178.462051392
A 204.499252319 -9.611296654 66.530105591
A 227.011322021 33.677085876 105.044898987
A 66.309555054 -79.532310486 90.190223694
A 123.831130981 -995.882019043 -209.752441406
A 48.261798859 -117.059448242 292.443176270
A 291.420471191 29.314355850 189.142074585
A 192.024734497 -40.779178619 358.555694580
A 64.443382263 -97.936256409 97.957336426
A 201.444366455 -84.347190857 360.614624023
A 187.527557373 -24.110240936 55.498340607
A 248.196685791 -72.613380432 67.730354309
A 298.287261963 -13.612416267 199.430999756
A 145.236312866 -42.076519012 357.413238525
A 204.185302734 56.069183350 126.783126831
A 83.182472229 1.120436907 307.048339844
A 240.430847168 59.226051331 159.346221924
A 230.866119385 -220.173309326 189.356475830
A 176.258071899 -44.878086090 52.100738525
A 160.919876099 -223.180343628 205.505874634
A -5181.581542969 28971.158203125 -68786.632812500
A 41.837825775 -91.292594910 121.283691406
A 115.741401672 -121.931381226 346.148223877
A 121.513435364 -110.544494629 60.526264191
A 156.918533325 -107.366897583 51.267215729
A 156.412490845 77.849838257 208.786834717
A 184.725936890 72.279632568 157.221557617
A 318.704223633 -61.767845154 270.738220215
A 260.379577637 -116.370681763 79.956504822
A 299.486389160 -137.306823730 279.531463623
A 220.050765991 -206.485687256 285.154205322
A 58.290489197 11.475719452 147.970230103
A 282.527008057 -177.580505371 264.311370850
A 293.091064453 19.222352982 164.036529541
A 262.271697998 -88.812370300 75.646118164
A 310.400817871 -128.856811523 143.022766113
A 268.444976807 -34.278041840 85.616096497
A 38.620113373 -107.876365662 278.588592529
A 146.904327393 -190.229797363 312.941528320
A 194.559555054 24.245180130 323.691345215
A 309.804901123 -126.646682739 271.680664062
A 40823.402343750 18818.035156250 4896.038085938
A 519.595092773 -1226.314208984 -815.973022461
A 313.815887451 -98.006034851 135.137390137
A 182.988311768 -234.402725220 201.439132690
A 137.350875854 58.066783905 137.203536987
A 242.810424805 -184.976394653 299.278106689
A 48.466373444 -25.282300949 283.523315430
A 127.768173218 -33.565395355 59.523124695
A 294.239379883 -49.405643463 304.299163818
A 266.444000244 -197.244491577 254.503051758
A 215.609329224 60.372428894 268.655181885
A 147.811981201 45.452735901 108.969573975
A 42.182224274 -73.028656006 290.191467285
A 295.420166016 17.166397095 244.627166748
A 24.657735825 -58.670669556 249.593292236
A 278.374389648 -31.829385757 317.265045166
A 225.255828857 -151.279464722 75.753585815
A 33.649631500 -147.390884399 215.326095581
A 235.717453003 45.328212738 286.256286621
A 276.696777344 -93.020141602 326.825805664
A 181.178527832 -14.963075638 352.330505371
A 237.963806152 65.019950867 227.658203125
A 238.465835571 56.132526398 260.121887207
A 268.836456299 -170.759185791 294.571716309
A 30.331148148 -139.240951538 198.323623657
A -2319.276611328 -11838.695312500 6215.026855469
A 247.184341431 -140.126647949 81.966133118
A 291.159027100 -1.277689457 130.362945557
A 93.918357849 -191.429275513 239.625564575
A 20.707815170 -101.736968994 232.020782471
A 1234.116821289 4809.080078125 3350.328857422
A 176.380142212 30.712287903 158.025817871
A 312.089935303 -21.685800552 149.042755127
A 116.597335815 -178.799224854 311.743621826
A 102.223785400 -22.284278870 337.266387939
A 305.932312012 -153.414382935 161.820907593
A 199.149063110 -108.134132385 52.577556610
A 96.820060730 -135.615325928 82.631973267
A 129.541015625 -107.139366150 354.785430908
A 27.293823242 -64.872055054 194.295043945
A 264.306823730 52.788150787 224.037933350
A 256.500152588 -211.155242920 196.792312622
A 285.094604492 9.670714378 278.637969971
A 184.741226196 -124.658767700 355.327789307
A 137.253799438 -75.896202087 141.727233887
A 278.875640869 40.079891205 212.008880615
A 133.591751099 24.375051498 93.697563171
A 204.211288452 37.345970154 102.166503906
A 109.734313965 -83.268081665 349.288299561
A 173.548706055 -164.549224854 337.132293701
A 320.641143799 -45.379104614 158.767089844
A 294.563842773 -175.556793213 179.032440186
A 321.804595947 -59.222263336 223.113967896
A 85.092689514 -50.174907684 333.470703125
A 308.739776611 -63.905883789 288.684448242
A 333.106231689 -84.775650024 202.728775024
A -20406.869140625 -29966.765625000 23152.708984375
A 144.894927979 -2.278978348 74.670158386
A 78.227470398 38.691547394 164.997528076
A 182.236297607 -211.776870728 287.771057129
A -826.172729492 -2506.565673828 -1575.376342773
A 100.555320740 25.720956802 114.305656433
A 275.724273682 -111.333580017 321.436706543
A 297.463684082 3.748338699 148.456817627
A 24.939119339 -39.118087769 178.282989502
A 329.904602051 -79.700103760 176.472290039
A 22.809949875 -70.739555359 160.670806885
A 152.165496826 14.082275391 332.440124512
A 268.209167480 -46.002162933 330.976074219
A 87.815208435 -105.095756531 77.610389709
A 23.800094604 -45.069541931 231.650726318
A 219.550155640 72.436767578 191.128417969
A 130.685897827 -5.422695160 71.274711609
A 165.132400513 58.385086060 281.168395996
A 45.171710968 -55.364570618 291.484497070
A 217.459213257 72.984291077 215.586029053
A 254.687393188 -210.075790405 239.187225342
A 48.967803955 -156.097946167 255.104812622
A 185.598083496 -217.164550781 136.739776611
A 103.377182007 51.125843048 262.322052002
A 171.803512573 -8.086597443 61.759773254
A 47.283695221 -152.055038452 150.812881470
A 164.067825317 38.323333740 100.381729126
A 257.487915039 33.274784088 283.061157227
A 108.460411072 65.355712891 222.345520020
A 157.477752686 -79.911979675 363.495880127
A 234.526489258 -111.889747620 349.598358154
A 320.140136719 -91.846687317 266.159667969
A 324.268920898 -117.288787842 188.704208374
A 126.468185425 -189.995437622 109.270622253
A 83.559799194 32.321235657 274.380065918
A 262.363952637 41.676746368 153.855972290
A 302.298309326 -79.445480347 299.153503418
A 183.348175049 68.064842224 266.040710449
A -238.109375000 515.610107422 1272.723510742
A 193.836624146 -178.992462158 84.793502808
A -13871.186523438 38917.425781250 -3374.828857422
A 122.493545532 -33.249362946 348.712188721
A 320.546569824 -127.493698120 235.505844116
A 284.525360107 -189.388122559 217.898788452
A 44.819164276 5.738328934 227.723648071
A 170.227767944 -73.776664734 51.782543182
A 137.499908447 -174.303146362 324.844543457
A 303.889526367 -112.412628174 121.917068481
A 6484.920410156 2300.228271484 -3795.432861328
A 158.168472290 78.512046814 190.507385254
A 262.802520752 -64.564552307 338.526550293
A 105.581474304 -42.020893097 68.395240784
A 26.385293961 -120.653396606 237.966720581
A 86.760025024 -180.701858521 129.024627686
A 213.107360840 -225.015029907 165.156585693
A 213.141601562 -7.591109276 342.907501221
A 218.161926270 -207.201400757 132.487319946
A 196.029495239 54.734245300 286.098999023
A 176.891250610 48.492851257 298.756347656
A 177.051116943 34.559780121 316.439758301
A 308.433258057 4.667266846 230.813293457
A 159.940689087 -228.259536743 161.942916870
A 88.828811646 -207.616867065 186.405609131
A 120.048622131 8.718494415 327.657409668
A 260.242980957 -190.306930542 278.340911865
A 115.323921204 -221.146453857 230.634429932
A 106.945060730 62.861763000 188.502487183
A 268.139862061 15.271608353 119.564712524
A 221.727813721 -216.188247681 144.650985718
A 1461.027709961 -1642.056396484 0.895597398
A 91.526641846 51.266513824 181.382278442
A 275.889282227 -155.414489746 116.049163818
A 135.085433960 -84.973663330 54.482967377
A 161.554916382 -219.201171875 138.452438354
A 34.056114197 -21.273202896 249.048889160
A 129.174362183 -215.015045166 144.828964233
A 143.535614014 40.231884003 304.774536133
A -11154.169921875 8700.762695312 -12127.416015625
A 262.366424561 -58.315212250 75.372009277
A 126.511642456 -155.435150146 77.175933838
A 306.649841309 -38.131469727 129.147583008
A 172.691040039 -234.484924316 226.638031006
A 232.501770020 -218.901351929 250.299148560
A 142.481475830 -123.207855225 354.658294678
A -8111.842773438 3812.791748047 -6947.233398438
A 236.384979248 -223.880950928 203.712738037
A 278.037506104 36.567111969 242.191146851
A 235.693557739 -86.793830872 60.950767517
A 88.668151855 -23.401908875 85.321617126
A 321.702880859 -21.451824188 183.650588989
A 145.154998779 -233.173446655 209.192993164
A 45.167724609 -5.332143307 259.250671387
A 156.240371704 28.064487457 320.562164307
A 55.550392151 -3.123724699 131.428543091
A 79.697700500 -193.753158569 158.539810181
A 299.115753174 -86.456695557 107.926361084
A 110.904029846 -56.972438812 349.255950928
A 58.468700409 13.083313942 261.392852783
A 28767.576171875 -34954.683593750 44397.957031250
A 294.614196777 -162.387451172 260.280151367
A -5394.649902344 620.974975586 3415.022216797
A 1198.398071289 -2748.416992188 -434.526977539
A 110.881317139 -195.469192505 287.138214111
A 114.527633667 60.144340515 158.191543579
A 310.519805908 -2.102602005 170.380889893
A 229.310577393 -180.221862793 99.663658142
A 31.833242416 -121.668067932 154.932083130
A 267.105712891 3.462334871 105.213928223
A 214.966033936 70.392509460 164.733291626
A 274.185302734 -134.048965454 316.418701172
A 67.379798889 -127.142066956 101.532447815
A 106.833427429 -156.802230835 87.870864868
A -2618.751464844 1677.524536133 75.092880249
A 225.611083984 -179.903610229 315.489624023
A 132.118453979 -86.098670959 358.254119873
A 292.948425293 -140.442245483 123.682449341
A 121.437072754 61.192447662 252.912506104
A 172.892395020 -19.934206009 344.603973389
A 108.955245972 -219.525161743 186.307769775
A 86.305274963 -75.638702393 340.283172607
A 199.361450195 -230.978012085 183.970336914
A 192.248260498 -213.959472656 259.706024170
A 240.252609253 2.100836515 207.234741211
A 112.007896423 -81.502273560 60.164291382
A 274.524719238 -14.466478348 102.700897217
A 212.765823364 -165.461090088 332.076232910
A 21945.542968750 42639.035156250 20345.937500000
A 66.008132935 -114.558006287 313.480651855
A 219.794586182 14.278855324 328.360778809
A 196.894409180 -231.805282593 231.719055176
A 322.059295654 -77.613403320 151.589294434
A 70.453834534 -24.175285339 100.646965027
A 77.045593262 28.547788620 145.981842041
A 191.490325928 -201.185180664 301.391082764
A 252.357818604 56.993778229 178.239639282
A 31.119516373 -69.089981079 139.602401733
A 36.375988007 -37.368400574 267.144409180
A 185.752990723 -143.166549683 62.874088287
A 118.651832581 -19.501903534 325.496093750
A 83.716064453 -30.373394012 325.192169189
A 187.063171387 -147.545562744 346.999572754
A 309.155975342 -36.257476807 278.414581299
A 298.436218262 21.610107422 214.870269775
A 135.078445435 -227.437789917 184.127960205
A 218.252227783 -50.719802856 355.435821533
A 102.350502014 -208.660476685 157.528961182
A 134.072219849 48.921123505 288.396301270
A 62.910976410 -137.542068481 298.429534912
A 19.215272903 -103.460304260 210.195739746
A 149.147674561 -188.869979858 98.826347351
A 178.638061523 65.446502686 134.463714600
A 141.681152344 -25.915592194 231.893310547
A -3629.796875000 33364.523437500 -42635.812500000
A 266.776031494 26.429697037 134.100418091
A -373.637756348 -1008.630859375 141.475540161
A 64.821334839 -156.014526367 288.175476074
A 295.145172119 -162.323471069 148.329971313
A 72.616210938 -49.395732880 88.242477417
A 224.351455688 11.226612091 84.680374146
A 6237.761718750 -401.091644287 -1389.109375000
A 302.739074707 -5.936618805 266.897094727
A 193.231140137 -62.633033752 49.617580414
A 84.457580566 18.269908905 291.303039551
A 93.686401367 -213.105407715 217.067855835
A 7153.643554688 8167.981445312 15627.801757812
A 248.278427124 38.012027740 129.971984863
A 18.621831894 -81.517715454 178.674865723
A 76.204353333 -15.440985680 313.539764404
A 15.636048317 -58.202316284 199.646453857
A 253.221511841 -180.703308105 117.357582092
A 295.295867920 -178.176788330 206.061798096
A 82.254325867 6.236183643 255.046401978
A 70.538055420 -83.616233826 324.061126709
A 25.164319992 -31.612012863 205.645996094
A -2848.371826172 -1147.556152344 2803.434082031
A 138.064834595 71.823074341 177.802627563
A 170.081909180 -157.859176636 68.674339294
A 98.153205872 -77.723190308 320.264862061
A 60.534305573 -5.256105423 285.144561768
A 87.273963928 28.642114639 127.911346436
A -17052.396484375 5402.816406250 3502.915039062
A 66.135711670 -172.134231567 144.666336060
A 210.955657959 -71.014747620 360.817352295
A 86.420196533 -204.941040039 244.467575073
A 29.971841812 -72.074211121 268.945709229
A 259.220733643 16.358253479 270.373962402
A 253.128524780 53.907306671 243.730438232
A 146.820358276 73.271766663 228.559921265
A 311.039215088 4.705122948 195.908706665
A 329.441711426 -37.931732178 214.499862671
A 197.222778320 -207.507736206 119.317115784
A -2287.448974609 2127.345214844 -454.042907715
A 79.561973572 -105.759605408 329.400634766
A 202.186874390 -128.674743652 57.276126862
A 241.713302612 65.439613342 200.321578979
A 187.838897705 -177.536956787 328.280426025
A 73.742164612 2.894714832 114.600120544
A 309.149658203 -155.138381958 229.666809082
A 250.711593628 -5.839337826 87.906280518
A 212.653930664 -221.521697998 258.018432617
A 245.888961792 -86.445297241 352.002777100
A 126.029144287 -59.976593018 55.339439392
A 85.612564087 43.827037811 247.652236938
A 179.759323120 52.252494812 115.162178040
A 332.321166992 -56.981884003 195.671997070
A 220.817184448 -1.219502330 184.231079102
A 159.858612061 -202.417358398 300.349914551
A 100.171356201 -119.093681335 339.051086426
A 186.748443604 -226.489425659 159.415176392
A 198.497985840 23.414117813 85.854858398
A 129.455154419 -174.849975586 91.145576477
A 248.839111328 -27.036432266 336.870422363
A 61.477092743 -183.237457275 242.576751709
A 123.264778137 64.958633423 234.609069824
A 144.098983765 -211.315963745 128.829696655
A 280.220123291 -15.620248795 308.603668213
A 228.188278198 -105.753036499 59.677436829
A 151.950393677 -163.221206665 336.912017822
A 296.075592041 -105.179344177 304.812896729
A 164.635147095 -221.951919556 266.934936523
A 162.052413940 -133.347473145 352.393127441
A -9802.152343750 8995.342773438 2116.167724609
A 261.244384766 -148.253906250 95.996925354
A 284.749755859 -70.822433472 321.327117920
A 8351.883789062 3741.964355469 -20.643436432
A 229.294097900 28.046960831 295.792388916
A 24.448539734 -107.127212524 172.181243896
