533

A 353.070953369 -50.136604309 127.951141357
A 96.198455811 -175.562454224 381.003295898
A 310.960601807 -134.844223022 413.226409912
A 254.667343140 -280.401000977 258.285644531
A 390.795318604 -39.813190460 300.977844238
A 406.523712158 -92.845588684 270.113616943
A 291.941345215 -204.344299316 290.937591553
A 287.508148193 -103.004760742 412.605560303
A 309.242431641 -4645.049316406 -44301.113281250
A 402.282348633 -130.296356201 246.417068481
A 109.951400757 0.980691850 117.373672485
A 295.248382568 -73.706932068 367.351440430
A 290.163238525 -260.404998779 202.896804810
A 363.749053955 -27.027935028 351.755432129
A 64.861961365 -45.346740723 140.846923828
A 3047.487060547 -701.296813965 6724.390136719
A 237.862304688 -124.267913818 437.854431152
A 173.495132446 -258.860778809 339.649383545
A 90.376770020 -160.805969238 262.961242676
A 293.509033203 21.570207596 122.059013367
A 215.335266113 89.305564880 305.308685303
A 399.148193359 -127.691696167 278.428558350
A 203.005523682 -127.776802063 441.146850586
A 5548.386718750 4186.141113281 4.010563850
A 277.980926514 32.186965942 379.792175293
A 284.337677002 -272.776550293 281.021820068
A 315.380767822 -7.341245174 388.903656006
A 398.701843262 -64.956344604 297.542236328
A 379.318695068 -180.403701782 219.016860962
A 177.556686401 -49.326427460 91.144844055
A 195.075576782 82.437713623 175.649871826
A 396.624542236 -95.814895630 304.949584961
A 399.592803955 -54.718975067 216.565414429
A 295.602752686 -247.221984863 333.387512207
A 375.970458984 -179.945648193 303.865447998
A 80.486923218 -174.220230103 139.353942871
A 233.723693848 -3.079524994 419.439910889
A 92.946929932 52.215488434 269.395324707
A 395.029113770 -121.611656189 195.129898071
A 30.286287308 -97.589050293 291.777679443
A 351.902160645 -133.087188721 124.071052551
A 114.213203430 -93.327415466 85.480812073
A 134.880447388 14.028893471 111.693313599
A 261.138763428 -234.515411377 374.519409180
A -1036.245727539 348.639068604 261.744598389
A 276.310485840 -13.947319031 89.299346924
A -42683.488281250 56395.265625000 35844.386718750
A 190.024917603 85.715888977 300.333953857
A 135.664810181 50.121707916 348.868041992
A 130.658157349 -144.452819824 259.243591309
A 59.773349762 19.244016647 244.065322876
A 45.940559387 -56.003185272 165.398742676
A 84.377388000 -137.390869141 112.270187378
A 119.275321960 -193.925018311 385.606109619
A 232.882186890 92.801841736 283.893371582
A 192.764465332 -281.075103760 294.040710449
A 136.609985352 46.287361145 145.432815552
A 85.363845825 -236.844757080 264.278594971
A 71.273513794 -196.172027588 330.430664062
A -58686.949218750 14472.907226562 -45251.953125000
A 109.268943787 -65.882751465 92.039672852
A 214.038650513 -89.057319641 443.736053467
A 113.173881531 -161.806915283 398.448394775
A 159.763870239 -243.012619019 359.583709717
A 67.698867798 -221.733352661 247.325469971
A 300.411712646 -202.771820068 118.881805420
A 231.086639404 97.910575867 259.466674805
A 341.596466064 -235.325210571 218.961181641
A 348.416778564 -222.497192383 290.316497803
A 390.645538330 -168.024780273 251.277130127
A 388.862915039 -76.220428467 170.550216675
A 349.989440918 -155.314987183 199.940216064
A 332.613067627 -211.603546143 157.739929199
A 82.450675964 36.845428467 297.562225342
A 94.862174988 -230.499465942 322.230346680
A 52.629898071 -144.369735718 157.015136719
A 301.014099121 -34.663459778 92.790763855
A 252.757751465 -179.332015991 418.473480225
A 304.813537598 17.573753357 378.489654541
A 190.625518799 13.668608665 91.135063171
A 3615.526611328 -11069.618164062 20811.900390625
A 285.867156982 -10.920679092 408.250518799
A 123.411071777 -208.591430664 127.064476013
A 334.424499512 36.736816406 321.430175781
A 178.396423340 -146.430541992 69.571434021
A 44.796897888 -156.710205078 324.420410156
A 375.150360107 -78.523521423 146.595611572
A 220.841659546 -229.817001343 385.196319580
A 268.694854736 -39.885276794 427.823120117
A 167.609863281 -180.410125732 416.875213623
A 115.529266357 -214.558471680 364.768066406
A 145.355957031 -271.407775879 253.083328247
A 34872.585937500 -11887.762695312 -37881.437500000
A 376.983337402 -124.608428955 348.533874512
A 122.473289490 -238.767837524 167.405624390
A 390.531402588 -137.218551636 306.015319824
A -17507.363281250 -71761.367187500 9172.006835938
A 125.377189636 -136.180404663 84.385421753
A 278.432067871 -168.474670410 418.025970459
A 391.646697998 -150.459106445 205.266799927
A 63.260055542 -107.144378662 372.642578125
A 58.964645386 -78.745346069 144.020416260
A -2337.924804688 5378.784667969 5550.011718750
A 102.218055725 -192.064620972 129.552230835
A 336.639984131 -122.405891418 108.303695679
A 140.239089966 20.557355881 369.459655762
A 311.519073486 -196.609405518 378.479034424
A 197.910003662 -248.797393799 136.046661377
A 65.122947693 -82.191429138 123.078788757
A 193.881607056 -212.521469116 103.741714478
A 40.424564362 -171.562652588 208.736984253
A 319.311187744 -239.776321411 186.196166992
A 49.856742859 -20.644390106 181.573348999
A 258.435821533 -236.521850586 129.347900391
A 203.872665405 -286.933441162 221.951721191
A 354.465179443 -81.555412292 121.811218262
A 187.878616333 -47.491054535 65.959869385
A -1351.879638672 -73694.398437500 -17989.179687500
A 141.190719604 -240.443588257 149.898178101
A 247.196914673 -147.071426392 91.566665649
A 134.144836426 -12.581774712 96.776824951
A 208.162170410 -60.115291595 440.040252686
A 244.030868530 -206.473968506 127.609725952
A 73.290405273 -72.918777466 381.074218750
A -50534.511718750 -39063.167968750 -45226.246093750
A 382.616516113 -15.993945122 306.140533447
A 320.926666260 -248.161895752 211.736328125
A 308.518493652 -167.154159546 401.280853271
A 21.558473587 -88.203880310 266.063812256
A 42.968429565 -10.269183159 248.354553223
A 293.329467773 -71.633644104 425.024383545
A 195.253662109 -7.160347462 420.548553467
A 338.040435791 43.639781952 202.805801392
A 275.534027100 58.112583160 149.760452271
A 338.868133545 -75.866264343 106.202804565
A -742.260864258 -5257.442382812 1839.778930664
A 187.689575195 -175.309722900 77.294586182
A 172.851043701 -274.186096191 306.253234863
A 831.687377930 -669.988830566 96.283012390
A 261.423675537 82.509918213 299.407196045
A 156.683837891 56.494056702 144.897659302
A 100.590110779 -217.472900391 343.659790039
A 260.156341553 -71.913665771 63.263553619
A 234.285873413 -273.372283936 326.587738037
A 39.157424927 -23.375808716 275.864990234
A 26532.271484375 -9027.284179688 -38554.996093750
A 256.820648193 -143.844207764 432.667205811
A 235.595413208 -125.426834106 238.323318481
A -3601.128173828 -1072.570678711 1146.750122070
A 210.928253174 35.057998657 110.463432312
A 81.381965637 -190.942245483 227.013702393
A 71.465286255 -42.225376129 373.771667480
A 271.600311279 71.759193420 178.015609741
A 84.546585083 -230.264785767 226.959411621
A 137.386047363 26.749767303 381.091949463
A 58.776939392 9.633702278 203.034759521
A 354.547668457 -27.876535416 143.874771118
A 191.559524536 -92.207626343 56.655094147
A 345.265319824 -187.220733643 356.139373779
A 36.595813751 -115.249221802 324.833557129
A 65.044593811 -162.187103271 154.758621216
A 75.328491211 -23.078474045 150.713424683
A 225.337966919 94.703033447 212.051376343
A 251.535491943 52.071868896 368.896636963
A 122.049293518 58.698646545 183.607818604
A 75.243202209 -221.646484375 210.056137085
A 66.395011902 22.557550430 220.547195435
A 58.491817474 -203.161895752 276.170410156
A 88.085632324 47.370548248 230.506561279
A 326.662414551 -247.042083740 260.624542236
A 167.029769897 80.717727661 191.738174438
A 297.179199219 -243.806060791 161.578109741
A 29.192375183 -137.451812744 236.340606689
A 231.149566650 11.989211082 90.788139343
A 324.298767090 62.523254395 234.232131958
A 342.086547852 -159.809539795 126.451766968
A 338.754028320 2.683205366 357.424835205
A 284.876434326 -56.082267761 77.353652954
A 145.795150757 -266.838348389 305.317260742
A 154.163375854 85.395149231 243.528488159
A 262.550140381 -40.258155823 76.110862732
A 38.712360382 -117.564529419 173.928085327
A 389.390441895 -17.657867432 263.483154297
A 292.595031738 -193.914535522 395.020751953
A 174.307434082 74.505950928 328.843505859
A 162.435165405 -9.952152252 419.070434570
A 3692.177978516 8609.558593750 11783.343750000
A 232.382293701 95.164375305 235.459579468
A 82.193229675 -194.394393921 156.508178711
A 377.175048828 -194.391571045 251.267578125
A 172.157760620 -75.047264099 439.397094727
A 41.990943909 -16.908023834 216.543380737
A 336.628784180 -223.908279419 182.267562866
A 714.331542969 -1126.705322266 -53.622138977
A -26717.164062500 34016.851562500 27770.167968750
A 42.641365051 -172.087600708 290.849853516
A 286.487640381 -152.042694092 81.845710754
A 224.420059204 -236.164367676 120.902412415
A 70.875907898 30.630836487 268.076873779
A 37.000663757 -47.221004486 190.726104736
A 351.831756592 -165.344985962 365.489105225
A 218.323989868 -123.071815491 61.400035858
A 248.180206299 -197.063476562 89.326553345
A 131.826095581 -252.699203491 327.949249268
A 159.445220947 -168.320266724 84.923851013
A 111.008399963 64.584678650 258.655944824
A 152.630355835 -270.555725098 200.264678955
A 144.579971313 -188.092971802 403.925323486
A 259.945373535 -96.191993713 66.796203613
A 51.588298798 -196.389785767 216.610916138
A 250.373092651 -11.888017654 81.348716736
A 276.421356201 41.204334259 128.851928711
A 80.479408264 -96.004341125 110.181236267
A 149.984817505 -1213.905883789 -255.546630859
A 58.197444916 -142.152313232 355.317596436
A 355.863067627 36.731594086 231.459365845
A 233.244888306 -49.440959930 437.051116943
A 79.824043274 -119.570709229 119.263366699
A 244.244934082 -101.788230896 440.225280762
A 229.412445068 -29.655899048 68.310478210
A 301.160034180 -88.704795837 82.467735291
A 362.701934814 -16.364809036 242.628936768
A 176.909133911 -51.240577698 435.589508057
A 248.454650879 68.766265869 155.681060791
A 101.443267822 1.856046319 373.951690674
A 293.078399658 70.668823242 193.618286133
A 280.763031006 -267.895996094 230.207534790
A 213.608932495 -54.398960114 63.025543213
A 195.135925293 -271.736938477 249.909255981
A -6313.187011719 35296.433593750 -83807.218750000
A 50.674808502 -111.168930054 148.854797363
A 140.776870728 -148.333053589 421.145721436
A 148.806289673 -134.897674561 73.619102478
A 192.261230469 -129.763336182 61.806961060
A 189.657852173 95.003341675 254.533416748
A 225.317001343 87.671768188 191.047897339
A 388.123687744 -74.957252502 329.540557861
A 318.080963135 -140.882934570 97.534629822
A 365.044067383 -166.838333130 339.771728516
A 266.475463867 -251.941009521 346.512268066
A 71.794303894 13.752908707 180.204711914
A 344.670684814 -216.184875488 321.641967773
A 356.077423096 22.927108765 200.196289062
A 319.094726562 -108.171752930 91.976470947
A 378.296630859 -157.100616455 174.182342529
A 326.183105469 -41.059688568 104.808631897
A 46.616806030 -130.758819580 340.778076172
A 179.867431641 -232.093383789 381.199157715
A 238.217086792 29.307893753 394.265625000
A 377.707519531 -153.768569946 332.179687500
A 49737.996093750 22927.572265625 5965.654785156
A 632.608215332 -1495.359741211 -994.477661133
A 382.545288086 -119.159744263 164.872802734
A 223.262771606 -285.774444580 245.087020874
A 167.797637939 71.457397461 166.821243286
A 295.047210693 -224.683532715 364.097137451
A 58.069793701 -30.827495575 346.044311523
A 155.597900391 -41.634582520 73.010017395
A 359.148254395 -60.028694153 371.674072266
A 325.743041992 -239.294509888 309.534576416
A 262.198364258 74.282135010 327.120361328
A 180.779785156 55.837215424 132.151657104
A 51.494247437 -88.344787598 353.896026611
A 360.667785645 19.915180206 297.671173096
A 30.345737457 -72.122917175 305.446502686
A 338.446441650 -38.383209229 386.677612305
A 274.558776855 -183.496749878 92.542709351
A 40.654975891 -179.830184937 262.070617676
A 286.086029053 54.618892670 348.388305664
A 336.647949219 -113.734199524 397.025085449
A 221.170043945 -17.609102249 428.554779053
A 289.730682373 79.467506409 277.264739990
A 289.791168213 68.455215454 317.521392822
A 327.421936035 -208.410964966 360.113098145
A 36.461380005 -169.188568115 241.748580933
A -2825.793945312 -14424.317382812 7572.751953125
A 300.639617920 -170.940872192 99.479339600
A 354.353637695 -2.200123787 157.942077637
A 115.598312378 -233.747055054 291.850646973
A 26.238698959 -123.117111206 283.934936523
A 1502.760498047 5860.484863281 4081.072998047
A 214.412109375 36.866920471 192.294738770
A 379.932098389 -26.372905731 181.559906006
A 142.537841797 -217.461212158 380.001586914
A 124.546142578 -27.182979584 411.088439941
A 373.940826416 -187.162872314 197.032363892
A 243.135375977 -132.425201416 64.720024109
A 117.661277771 -165.112152100 100.789726257
A 158.978302002 -130.500289917 431.766784668
A 33.666988373 -78.920661926 237.316207886
A 322.070617676 63.485324860 273.091217041
A 312.762329102 -257.898773193 239.172546387
A 346.595306396 11.397439003 339.501708984
A 225.194763184 -151.394668579 433.444976807
A 166.166091919 -92.853782654 173.082153320
A 339.316101074 49.045337677 259.458190918
A 163.142578125 30.281406403 114.675354004
A 248.623535156 46.605777740 125.169471741
A 132.468154907 -101.836235046 427.068511963
A 212.101959229 -199.771896362 410.935974121
A 390.289337158 -55.408390045 194.441711426
A 359.396118164 -213.547836304 217.918670654
A 392.250305176 -72.194252014 271.841552734
A 104.682807922 -61.212802887 406.273529053
A 375.781738281 -78.411834717 352.771392822
A 405.025817871 -104.035636902 247.350601196
A -24863.812500000 -36510.730468750 28209.865234375
A 176.308807373 -2.633616209 89.571571350
A 95.340278625 47.487190247 200.275787354
A 222.001678467 -257.348480225 351.434539795
A -1007.102966309 -3054.359375000 -1919.531494141
A 122.167053223 31.853647232 140.194610596
A 336.270080566 -135.368133545 392.011871338
A 362.756072998 5.184244156 180.886871338
A 30.995706558 -47.494682312 217.468383789
A 401.069763184 -96.593009949 215.093536377
A 28.383092880 -86.060630798 195.216659546
A 184.820861816 17.694458008 404.058898926
A 326.544189453 -54.886466980 402.281707764
A 107.450920105 -129.366317749 94.926574707
A 28.843385696 -53.431735992 282.100952148
A 267.452514648 89.556510925 231.657653809
A 157.822830200 -6.129090786 87.170799255
A 202.830734253 70.747955322 343.813629150
A 54.962318420 -67.443115234 356.026184082
A 264.430389404 88.547561646 262.144775391
A 308.984191895 -256.175109863 292.284790039
A 58.959369659 -190.383178711 311.891693115
A 225.865310669 -264.434112549 166.242858887
A 126.487243652 61.244510651 319.443359375
A 208.683090210 -9.651452065 74.970558167
A 57.002742767 -185.642608643 184.986114502
A 200.327941895 46.520000458 122.313781738
A 313.450653076 40.511169434 345.041564941
A 132.313079834 79.157203674 270.848175049
A 190.636138916 -97.435173035 441.593566895
A 286.178924561 -135.004302979 425.977752686
A 389.283325195 -112.941520691 324.298400879
A 396.433563232 -143.156646729 230.142211914
A 154.549896240 -232.064926147 132.822662354
A 101.961128235 40.218090057 332.995544434
A 319.816436768 49.831077576 187.514312744
A 368.034851074 -96.155624390 363.779052734
A 223.591598511 82.576103210 324.499725342
A -290.622955322 627.297363281 1550.957275391
A 236.556320190 -219.475677490 104.001899719
A -16899.166015625 47416.285156250 -4112.607910156
A 150.126739502 -40.955783844 423.194152832
A 389.898376465 -155.018814087 285.485931396
A 345.157348633 -230.060424805 265.270965576
A 55.544296265 6.733516216 277.685699463
A 206.187500000 -90.506500244 64.289367676
A 167.682327271 -213.512664795 395.756774902
A 370.775665283 -137.681823730 147.679611206
A 7902.129882812 2801.983154297 -4624.144531250
A 191.832305908 95.752044678 232.688064575
A 320.322357178 -79.091064453 413.128295898
A 130.187301636 -50.867622375 82.592086792
A 33.525199890 -146.947586060 290.602813721
A 105.969772339 -219.862716675 157.137634277
A 258.377410889 -273.843902588 202.513412476
A 259.862396240 -9.152524948 416.914062500
A 264.704162598 -252.476806641 160.963058472
A 238.821029663 65.829902649 348.572845459
A 216.055664062 58.319179535 362.566040039
A 215.588150024 41.439361572 385.124603271
A 375.927062988 6.121035576 282.169189453
A 194.657974243 -277.899597168 196.477142334
A 107.658126831 -253.236389160 226.318771362
A 145.793319702 10.437369347 399.308868408
A 317.459686279 -231.330078125 340.620697021
A 141.084136963 -271.242828369 280.621673584
A 130.796798706 76.733398438 229.962280273
A 326.147979736 18.661376953 145.664993286
A 269.591278076 -264.517883301 176.381774902
A 1780.401733398 -2000.538085938 0.836423278
A 109.776618958 61.476242065 220.244766235
A 336.485809326 -189.340087891 141.344512939
A 163.393005371 -102.829483032 65.164871216
A 197.426712036 -267.033416748 168.877700806
A 42.688282013 -26.283441544 304.652465820
A 158.269485474 -260.487731934 175.883438110
A 175.318359375 49.364738464 371.488494873
A -13590.583984375 10600.997070312 -14774.935546875
A 320.150726318 -71.522964478 91.189292908
A 154.080764771 -188.318069458 95.436485291
A 372.831970215 -45.612365723 157.392745972
A 210.982849121 -285.874664307 277.050476074
A 283.531646729 -267.176239014 304.283630371
A 173.193756104 -151.820999146 431.039550781
A -9882.767578125 4646.591308594 -8463.910156250
A 288.187561035 -271.709655762 247.420700073
A 338.752838135 44.662887573 294.893035889
A 288.439117432 -105.148284912 73.822967529
A 108.537147522 -27.346296310 104.330307007
A 392.362640381 -25.903858185 223.968414307
A 176.880310059 -284.023345947 254.871414185
A 55.768272400 -6.643460751 316.588195801
A 190.324203491 34.596153259 389.518218994
A 67.809127808 -4.051198483 158.463943481
A 96.826675415 -235.550689697 193.617767334
A 364.314971924 -104.036918640 131.850646973
A 135.074600220 -68.824676514 425.298706055
A 70.831314087 17.434625626 317.255340576
A 35049.105468750 -42588.277343750 54092.796875000
A 359.259765625 -197.621475220 317.454620361
A -6572.682617188 756.728820801 4161.201171875
A 1460.684326172 -3349.942382812 -529.781677246
A 134.782623291 -238.420013428 350.529571533
A 139.371383667 73.365982056 192.304397583
A 378.367675781 -2.760933876 207.700241089
A 280.088378906 -218.921081543 121.112281799
A 38.022201538 -147.281448364 189.943679810
A 326.337921143 4.979806900 128.264205933
A 262.575653076 85.114768982 200.667236328
A 333.425811768 -162.975524902 384.994628906
A 81.646926880 -153.935943604 123.189292908
A 130.444534302 -191.432800293 107.401832581
A -3190.279296875 2043.892333984 90.686279297
A 273.543762207 -218.961135864 385.095184326
A 161.651870728 -104.661903381 436.540832520
A 356.795959473 -171.618972778 150.077377319
A 148.963439941 73.902206421 306.782073975
A 210.167037964 -24.752548218 419.993560791
A 132.315841675 -268.739624023 227.784912109
A 104.473289490 -92.067634583 414.444824219
A 243.157257080 -282.345977783 224.561676025
A 234.182296753 -262.492218018 316.559020996
A 293.236511230 1.429779887 252.946746826
A 135.805145264 -98.581489563 72.591598511
A 334.785827637 -17.447328568 125.438102722
A 259.862304688 -202.397354126 405.434020996
A 26738.416015625 51950.722656250 24789.652343750
A 79.518814087 -138.906341553 381.698608398
A 267.844848633 17.476533890 400.239471436
A 242.033020020 -283.496673584 282.763427734
A 390.570861816 -94.353836060 184.663085938
A 85.716903687 -29.917587280 122.607650757
A 93.714012146 34.578163147 177.466674805
A 232.880538940 -244.997558594 367.294799805
A 307.477233887 69.285675049 215.415252686
A 38.576026917 -84.606834412 170.872787476
A 45.031986237 -45.054405212 323.753906250
A 227.715347290 -174.786987305 76.850997925
A 145.578613281 -22.801275253 396.086944580
A 101.761413574 -37.624084473 396.426727295
A 228.419723511 -180.124649048 422.588470459
A 376.071899414 -44.796138763 339.177032471
A 363.993194580 25.939859390 262.323303223
A 164.148773193 -277.844451904 224.768081665
A 266.077087402 -60.957729340 432.990386963
A 124.748321533 -254.649505615 192.612106323
A 162.255111694 60.990467072 350.001495361
A 76.528297424 -167.272628784 363.821319580
A 24.244600296 -127.486518860 255.830703735
A 183.326644897 -229.721847534 120.934143066
A 217.668319702 79.282180786 163.895385742
A 171.287506104 -31.354732513 282.388305664
A -4422.779296875 40649.203125000 -51945.734375000
A 325.176635742 33.855270386 163.277008057
A -455.299255371 -1228.779663086 171.657104492
A 78.251434326 -188.898788452 352.558166504
A 358.561981201 -197.412902832 180.055740356
A 87.928764343 -60.275348663 108.090545654
A 272.862823486 13.396862030 103.787963867
A 7599.415039062 -489.339385986 -1692.777343750
A 369.078125000 -8.070374489 324.473388672
A 236.284301758 -76.571418762 60.203193665
A 102.224052429 21.613016129 353.767211914
A 113.653121948 -260.511657715 264.528900146
A 8716.257812500 9950.484375000 19039.220703125
A 303.396850586 47.364593506 157.420959473
A 22.259380341 -99.830329895 217.727035522
A 93.192237854 -19.548433304 382.479370117
A 18.794252396 -70.557884216 244.390029907
A 309.733367920 -220.122833252 141.672134399
A 359.429138184 -216.832351685 252.028106689
A 100.051681519 8.166198730 311.931182861
A 85.140197754 -101.668678284 394.069671631
A 31.155818939 -39.021064758 250.737258911
A -3471.436523438 -1397.588134766 3416.305908203
A 168.572921753 87.725105286 216.524414062
A 206.641571045 -192.855239868 83.902267456
A 120.661231995 -93.692581177 390.194122314
A 74.115463257 -7.126924038 347.031646729
A 107.537376404 35.556026459 156.308181763
A -20776.712890625 6582.227050781 4268.179199219
A 81.490287781 -210.219833374 177.601287842
A 254.787429810 -86.585578918 440.425933838
A 105.454933167 -248.753326416 297.376281738
A 36.187423706 -88.055671692 327.063110352
A 316.100921631 20.153322220 329.133819580
A 308.594573975 64.729270935 296.960144043
A 179.003005981 89.402122498 278.419311523
A 379.331878662 6.830651283 239.282211304
A 401.252685547 -46.261508942 261.216735840
A 239.936401367 -252.535919189 143.968078613
A -2786.909179688 2591.091064453 -553.098388672
A 97.044662476 -129.404113770 399.712799072
A 246.531661987 -157.588348389 69.265571594
A 294.451629639 81.260726929 244.786331177
A 229.455032349 -216.113800049 399.512512207
A 89.405479431 4.541913509 140.195480347
A 377.053649902 -190.190231323 279.592803955
A 306.240417480 -6.530699253 107.830528259
A 259.120727539 -270.301544189 314.826904297
A 298.973236084 -105.633064270 428.906402588
A 155.177169800 -72.551994324 68.323028564
A 104.694175720 53.151798248 302.083160400
A 219.001220703 63.225128174 138.774200439
A 403.929077148 -68.615364075 237.796524048
A 269.298889160 -1.899512410 224.202239990
A 194.716522217 -246.425933838 366.335449219
A 121.728675842 -144.349090576 412.826080322
A 228.468704224 -276.575378418 194.834777832
A 241.109466553 28.758323669 104.948402405
A 158.133529663 -212.644241333 111.864196777
A 303.532867432 -33.788295746 409.716949463
A 74.569030762 -224.694107056 295.798645020
A 149.370254517 78.789299011 284.814025879
A 173.756439209 -256.523895264 157.903549194
A 341.809112549 -19.071523666 376.267974854
A 278.719573975 -128.323608398 72.943817139
A 185.050277710 -198.471664429 409.604309082
A 362.263793945 -127.347511292 370.095306396
A 199.364288330 -270.572265625 326.006256104
A 198.799560547 -161.898895264 428.608642578
A -11943.179687500 10960.208984375 2578.496093750
A 318.699829102 -181.053833008 116.078170776
A 346.569091797 -85.671157837 391.996032715
A 10176.222656250 4560.264648438 -24.306144714
A 280.358947754 33.691646576 359.823059082
A 29.569786072 -131.362091064 210.657730103
