533

A 407.383789062 -58.497329712 147.841522217
A 110.957115173 -202.835632324 437.980407715
A 358.272644043 -155.821456909 476.422912598
A 293.166900635 -323.112945557 296.875000000
A 450.712280273 -45.571510315 346.377319336
A 467.851531982 -107.416488647 311.668670654
A 337.344757080 -235.810638428 334.580139160
A 331.794799805 -118.717391968 475.466583252
A 356.826843262 -5354.495605469 -51076.792968750
A 463.205505371 -150.374832153 283.491821289
A 127.245201111 1.572476745 135.221343994
A 340.643066406 -84.936836243 424.266235352
A 333.430938721 -299.905456543 233.953231812
A 419.457672119 -30.407470703 406.211822510
A 74.299362183 -52.630249023 162.807296753
A 3513.372314453 -807.748596191 7753.182128906
A 274.124176025 -143.086547852 504.526275635
A 199.442733765 -298.589630127 390.922271729
A 104.882980347 -185.862792969 302.592041016
A 338.513061523 24.798223495 140.099884033
A 247.538040161 103.629486084 352.157562256
A 460.542633057 -147.254058838 321.997802734
A 234.369476318 -146.996124268 508.033233643
A 6396.383789062 4825.976074219 4.599968910
A 319.985076904 36.156044006 438.154235840
A 328.040863037 -315.057556152 324.450805664
A 363.464904785 -8.641798973 447.690246582
A 459.786071777 -74.954887390 342.755828857
A 437.252197266 -208.847824097 252.705322266
A 204.889648438 -57.070968628 105.295921326
A 225.621704102 94.479019165 202.378768921
A 456.811553955 -110.007057190 351.542877197
A 460.951843262 -63.453712463 249.706192017
A 341.445526123 -284.815612793 384.384246826
A 434.043426514 -207.482116699 351.584228516
A 91.904975891 -200.477203369 161.969482422
A 269.952545166 -3.419165134 484.265594482
A 106.266853333 60.286216736 310.422271729
A 455.703979492 -140.550827026 226.154724121
A 35.041770935 -112.265274048 336.966003418
A 405.550201416 -153.351242065 143.277175903
A 132.460525513 -107.902687073 98.138931274
A 155.015060425 16.572248459 128.717819214
A 300.620147705 -270.265563965 431.977172852
A -1194.360473633 402.302337646 302.558868408
A 319.194519043 -16.120672226 102.506782532
A -49211.062500000 65019.957031250 41326.156250000
A 218.845809937 99.078697205 346.761169434
A 155.865524292 58.411289215 401.906799316
A 150.411621094 -167.326812744 299.396545410
A 68.907432556 23.094970703 280.826446533
A 54.174373627 -64.009040833 190.881484985
A 96.662956238 -158.693023682 130.734771729
A 137.267059326 -223.415084839 444.336181641
A 268.393829346 106.510108948 327.624084473
A 222.202163696 -324.576446533 338.364501953
A 157.464630127 54.479820251 166.979232788
A 99.499511719 -273.124816895 305.466918945
A 82.225135803 -226.264816284 382.232360840
A -67661.492187500 16686.841796875 -52172.289062500
A 126.661262512 -77.035278320 106.040336609
A 246.558517456 -103.144630432 512.029785156
A 129.812866211 -186.292556763 459.394561768
A 184.758132935 -279.438232422 414.339294434
A 78.673164368 -254.910736084 285.054473877
A 346.762634277 -233.155456543 136.698547363
A 266.656616211 113.676429749 299.004119873
A 394.549041748 -271.161865234 252.711196899
A 401.554016113 -255.992279053 335.318389893
A 449.849487305 -194.295547485 290.590148926
A 448.234802246 -87.615249634 196.719955444
A 402.696624756 -179.454376221 230.157333374
A 382.631134033 -243.978378296 181.671463013
A 94.645812988 41.601428986 342.720306396
A 108.733932495 -266.391723633 372.528015137
A 61.069717407 -166.736267090 180.849044800
A 345.730163574 -39.856948853 106.339897156
A 292.503906250 -207.687469482 482.138580322
A 350.991973877 19.850929260 435.895996094
A 220.425445557 15.114647865 105.979087830
A 4168.810546875 -12762.483398438 23994.843750000
A 328.584686279 -14.631946564 470.780364990
A 142.090103149 -241.086776733 146.650482178
A 384.144134521 42.130970001 370.053100586
A 205.509170532 -169.088546753 80.501121521
A 52.247173309 -181.209915161 374.156341553
A 432.845031738 -89.640281677 169.221710205
A 254.480590820 -265.665985107 443.236633301
A 309.616302490 -45.759536743 492.408752441
A 193.757202148 -209.040069580 480.726074219
A 132.876007080 -245.918792725 420.146484375
A 168.233551025 -313.382995605 292.208068848
A 40205.503906250 -13705.320312500 -43674.550781250
A 433.538330078 -144.916107178 401.573059082
A 141.916397095 -275.932586670 193.242874146
A 449.725372314 -159.086364746 353.620513916
A -20184.320312500 -82735.632812500 10574.215820312
A 144.078872681 -155.921676636 97.224884033
A 320.573059082 -194.685775757 482.266479492
A 451.671081543 -174.209243774 237.879913330
A 73.184951782 -123.406715393 429.337402344
A 68.273521423 -90.176506042 165.385696411
A -2695.652099609 6202.147460938 6398.902832031
A 118.897346497 -221.223510742 149.939056396
A 387.498260498 -140.598968506 124.988822937
A 160.676498413 22.971240997 426.200286865
A 358.830322266 -227.350311279 435.853424072
A 227.992996216 -287.813140869 157.497955322
A 75.354362488 -95.020240784 142.488601685
A 223.179321289 -245.992477417 119.514671326
A 46.501911163 -198.064865112 241.127334595
A 368.028656006 -276.215484619 214.670852661
A 57.320018768 -23.267236710 210.082214355
A 297.303405762 -273.084320068 148.043670654
A 235.788238525 -330.791748047 256.138671875
A 409.248718262 -93.532859802 140.584014893
A 216.334732056 -54.867427826 76.460899353
A -1558.930175781 -84964.648437500 -20739.787109375
A 162.657119751 -276.815765381 173.229553223
A 285.710388184 -170.485794067 105.400604248
A 154.017791748 -14.535350800 112.314094543
A 239.896377563 -69.824226379 507.127502441
A 282.696533203 -238.882858276 146.996643066
A 84.427047729 -84.160942078 439.991729736
A -58264.035156250 -45037.125000000 -52142.355468750
A 441.063323975 -17.931388855 353.168731689
A 370.524047852 -286.249481201 244.048660278
A 355.788177490 -192.216903687 462.888092041
A 24.368968964 -101.663291931 306.363250732
A 49.976692200 -12.282937050 286.704101562
A 338.291748047 -82.536354065 490.120025635
A 225.008178711 -7.931330204 485.677490234
A 389.776489258 50.262477875 232.355819702
A 318.141448975 67.635887146 173.134506226
A 391.022094727 -86.813560486 122.807319641
A -855.490966797 -6062.145996094 2119.664306641
A 215.882873535 -203.075485229 88.621109009
A 199.535232544 -315.892913818 352.323791504
A 960.001403809 -772.580505371 110.891372681
A 300.998779297 94.630775452 345.274200439
A 180.632324219 65.870704651 166.822799683
A 115.315689087 -250.190704346 397.645538330
A 300.936492920 -82.020767212 73.611602783
A 270.941162109 -315.450286865 376.481079102
A 43.986652374 -27.089990616 318.122253418
A 30590.255859375 -10407.504882812 -44450.890625000
A 296.299804688 -165.924468994 499.310333252
A 272.721191406 -144.241912842 275.131713867
A -4151.753906250 -1236.427734375 1322.620727539
A 244.120559692 40.976482391 127.905715942
A 94.680091858 -220.788421631 262.057037354
A 83.588485718 -48.262409210 430.139251709
A 313.650482178 82.473999023 204.996292114
A 96.988464355 -264.648468018 261.642425537
A 157.324096680 31.424306870 439.644805908
A 68.058120728 11.548700333 233.585937500
A 408.260955811 -32.241107941 166.305908203
A 220.342422485 -106.556671143 65.318748474
A 398.574920654 -215.850769043 410.185455322
A 41.213413239 -131.530136108 373.348388672
A 75.206329346 -187.471511841 179.025909424
A 87.780136108 -26.269275665 173.320739746
A 260.224365234 109.972167969 243.940109253
A 289.158020020 59.646385193 424.709899902
A 140.366958618 67.636123657 211.417739868
A 86.263702393 -256.106170654 242.471710205
A 77.170677185 25.991006851 253.613662720
A 67.304733276 -234.014251709 317.709228516
A 100.953178406 54.472824097 265.779815674
A 376.502441406 -285.401184082 300.126312256
A 193.044113159 92.790321350 220.526443481
A 342.693725586 -280.396606445 187.005554199
A 33.741302490 -159.345794678 272.256408691
A 266.935699463 13.022738457 103.909400940
A 374.456848145 72.334960938 269.130798340
A 393.815521240 -183.669738770 145.450439453
A 390.715362549 4.059715271 411.688690186
A 327.798248291 -64.294700623 88.994400024
A 167.638031006 -307.574462891 352.791198730
A 178.237121582 98.188781738 280.983917236
A 302.869445801 -47.506294250 86.195549011
A 44.529914856 -135.266708374 199.513549805
A 449.285491943 -20.267326355 304.144927979
A 337.720672607 -223.157165527 455.752685547
A 200.799774170 85.718666077 378.967620850
A 186.175949097 -11.522226334 482.742156982
A 4257.012207031 9926.952148438 13585.025390625
A 267.754974365 109.860862732 272.135955811
A 94.961471558 -222.826766968 179.984420776
A 433.735382080 -224.960861206 288.895141602
A 198.183013916 -87.086074829 507.263671875
A 49.183818817 -19.789104462 250.167221069
A 388.565307617 -258.203369141 209.581832886
A 823.481140137 -1298.748535156 -61.663417816
A -30803.878906250 39218.128906250 32016.443359375
A 48.313034058 -199.345642090 336.142944336
A 329.154205322 -175.204040527 94.303581238
A 258.871002197 -272.814941406 139.363937378
A 81.766456604 35.696319580 308.658386230
A 42.625671387 -54.296176910 220.386962891
A 405.544128418 -190.438629150 421.193023682
A 251.502807617 -142.166580200 70.967521667
A 285.701202393 -227.208511353 102.539085388
A 152.133773804 -291.721954346 378.115295410
A 184.129562378 -194.318084717 96.984458923
A 128.109146118 73.889541626 299.016540527
A 176.139450073 -311.874084473 230.888900757
A 166.583892822 -217.124435425 465.537475586
A 300.572174072 -110.862564087 76.573692322
A 59.485404968 -226.116897583 250.144821167
A 288.901794434 -13.482538223 93.443260193
A 318.820098877 48.598079681 148.812042236
A 93.509857178 -110.012176514 126.740531921
A 173.134735107 -1399.714111328 -294.083557129
A 66.885917664 -163.123550415 409.406402588
A 410.002929688 42.541900635 266.638458252
A 269.317291260 -56.862239838 503.364776611
A 91.597030640 -138.294906616 137.984512329
A 282.017608643 -117.188804626 508.554016113
A 264.995910645 -35.491317749 78.282051086
A 348.255126953 -101.598556519 95.650543213
A 418.779357910 -18.474027634 279.086151123
A 204.064849854 -59.424556732 502.099914551
A 286.488128662 79.193893433 178.788726807
A 116.922706604 1.976297736 431.170562744
A 337.094879150 81.992759705 223.531250000
A 324.177246094 -309.787872314 265.872711182
A 246.833114624 -62.671649933 72.817245483
A 224.785125732 -312.828155518 287.309509277
A -7279.696289062 40694.398437500 -96624.515625000
A 58.093368530 -128.339324951 171.918609619
A 163.603744507 -170.579147339 483.964202881
A 171.492996216 -155.642333984 84.727111816
A 221.798828125 -150.317459106 71.306846619
A 218.225082397 109.270614624 292.947357178
A 258.908111572 101.247123718 221.034866333
A 448.131622314 -86.510795593 379.436737061
A 368.064880371 -163.140899658 111.840713501
A 421.086883545 -191.646789551 391.692443848
A 307.287292480 -290.756774902 398.486450195
A 83.700157166 15.434352875 208.561080933
A 397.006591797 -249.334152222 370.482543945
A 411.261596680 26.617019653 231.345886230
A 368.021636963 -124.709304810 105.568550110
A 435.730438232 -181.415817261 200.992904663
A 375.430114746 -46.589920044 120.054145813
A 54.367969513 -151.328857422 392.927825928
A 207.329574585 -267.736175537 439.424346924
A 274.633514404 34.347560883 454.770782471
A 434.900238037 -177.624603271 382.828308105
A 57344.535156250 26433.861328125 6877.590820312
A 728.913208008 -1722.334594727 -1145.883178711
A 440.833435059 -137.276870728 189.630554199
A 257.227966309 -329.177825928 281.790222168
A 193.555694580 83.438713074 191.712249756
A 340.511169434 -259.249694824 419.910797119
A 66.243118286 -35.054225922 399.151367188
A 178.554016113 -48.451679230 84.368598938
A 414.219177246 -69.147155762 428.034423828
A 375.542907715 -275.156433105 357.557891846
A 303.200073242 85.668952942 376.865203857
A 208.608596802 64.202339172 152.973739624
A 59.600090027 -102.055046082 408.657653809
A 416.147277832 23.758691788 342.318664551
A 36.250221252 -82.667465210 352.150085449
A 390.840820312 -44.068954468 446.017700195
A 316.959472656 -211.881301880 105.730842590
A 46.677928925 -207.256256104 302.352874756
A 329.858215332 62.313385010 402.897613525
A 388.410888672 -131.558578491 458.161224365
A 255.231506348 -20.520483017 494.306060791
A 334.477386475 90.938407898 319.023040771
A 333.714752197 78.444862366 365.921783447
A 377.407562256 -240.302566528 415.844848633
A 41.930568695 -195.469497681 279.735992432
A -3258.964355469 -16630.292968750 8731.088867188
A 346.964569092 -197.723709106 115.005210876
A 408.169189453 -1.692717075 182.371627808
A 133.595443726 -269.645355225 336.310913086
A 30.403057098 -141.505493164 327.954772949
A 1733.876220703 6756.829101562 4704.392089844
A 246.700393677 43.304321289 221.184616089
A 438.240814209 -30.096834183 209.096984863
A 163.832687378 -250.650405884 438.014251709
A 143.706771851 -31.341081619 473.491760254
A 431.327850342 -216.506072998 227.005767822
A 280.800811768 -152.950469971 75.626258850
A 135.342651367 -191.362838745 115.011375427
A 183.334609985 -151.134017944 498.383270264
A 38.772956848 -91.634437561 273.212615967
A 370.553955078 72.497924805 314.909179688
A 360.287841797 -298.019775391 275.541778564
A 399.398834229 13.057703018 391.091491699
A 260.213500977 -174.472381592 500.528717041
A 191.675857544 -106.821166992 199.702056885
A 391.314147949 55.665462494 298.587249756
A 188.040328979 35.386604309 132.005859375
A 286.580535889 54.374671936 144.222091675
A 152.285705566 -117.597625732 492.816802979
A 245.311737061 -230.048461914 473.585083008
A 450.340179443 -63.893695831 224.645309448
A 415.161041260 -246.549606323 251.816284180
A 451.508148193 -84.376647949 313.093048096
A 119.980529785 -70.941192627 468.964508057
A 433.601226807 -90.637512207 407.791442871
A 466.213714600 -120.341560364 285.682678223
A -28667.734375000 -42093.625000000 32524.154296875
A 203.457122803 -2.671476364 102.799293518
A 109.951919556 55.573242188 231.038360596
A 255.612701416 -296.476684570 405.078704834
A -1161.643188477 -3521.122070312 -2213.454345703
A 140.455261230 36.144134521 161.581375122
A 387.154388428 -156.162475586 451.377044678
A 417.701293945 6.050666809 208.253280640
A 37.201660156 -55.916843414 250.028396606
A 461.664123535 -111.362800598 247.852493286
A 32.274860382 -99.221923828 224.159454346
A 212.748428345 20.958000183 466.051422119
A 375.357391357 -63.741546631 464.143402100
A 123.390670776 -149.174728394 109.392021179
A 32.894203186 -61.348457336 325.171234131
A 307.207427979 103.632652283 266.335510254
A 182.202163696 -6.418131351 101.008552551
A 233.457656860 80.859138489 395.953735352
A 63.295463562 -77.732215881 410.648590088
A 304.909057617 101.119361877 302.990509033
A 354.739562988 -295.473175049 337.207427979
A 67.177673340 -220.201492310 358.725036621
A 260.099670410 -305.488891602 192.447052002
A 145.788330078 70.248832703 368.146759033
A 241.667953491 -11.662681580 86.045349121
A 64.984970093 -214.144882202 213.344268799
A 231.607604980 53.449493408 140.606231689
A 361.065002441 47.013648987 397.580322266
A 152.300582886 91.455032349 312.732604980
A 220.141174316 -112.001579285 508.597198486
A 329.746520996 -155.409378052 491.381286621
A 448.489929199 -129.708541870 374.018127441
A 456.496337891 -164.829757690 265.088500977
A 178.706512451 -267.740936279 152.553634644
A 117.983665466 46.879314423 382.857330322
A 369.168640137 57.252590179 216.999038696
A 423.871124268 -111.202392578 419.130279541
A 258.626617432 95.027809143 374.611694336
A -336.090759277 722.548828125 1788.641601562
A 273.455047607 -252.722488403 120.597328186
A -19483.812500000 54667.929687500 -4741.943359375
A 173.503875732 -46.927478790 487.442321777
A 448.579956055 -179.042953491 330.014282227
A 397.427612305 -264.999420166 305.013610840
A 64.538841248 7.157455921 320.069610596
A 238.262969971 -103.511100769 74.677764893
A 193.256317139 -246.257858276 455.210601807
A 426.729980469 -159.525924683 169.983230591
A 9109.491210938 3230.450683594 -5330.639648438
A 221.266952515 110.215316772 267.591033936
A 368.460784912 -90.649665833 475.983001709
A 149.872512817 -57.575477600 94.563537598
A 39.960567474 -170.804092407 335.204437256
A 122.171714783 -253.616806030 181.162353516
A 298.445953369 -315.638458252 233.610549927
A 300.465667725 -9.984844208 481.145904541
A 304.031860352 -290.051025391 185.207595825
A 274.392425537 75.219757080 401.622314453
A 248.339340210 67.736968994 418.955841064
A 248.490982056 48.065097809 445.134735107
A 433.455169678 7.375667572 325.742675781
A 224.360824585 -320.036834717 226.369415283
A 122.610130310 -292.338470459 260.421875000
A 168.378845215 12.237727165 459.989562988
A 366.606231689 -267.257812500 393.260589600
A 162.034332275 -313.478576660 324.129455566
A 150.809234619 88.415725708 264.109100342
A 375.590972900 21.613807678 167.226852417
A 310.590454102 -305.736206055 203.357009888
A 2053.414306641 -2305.843505859 1.817144990
A 125.726196289 70.918243408 254.029983521
A 387.081634521 -219.084579468 162.986404419
A 188.937149048 -118.396469116 76.233451843
A 227.866806030 -307.321136475 194.903457642
A 49.440944672 -30.598173141 351.720947266
A 183.529144287 -300.281463623 202.819549561
A 201.902618408 58.054691315 428.545593262
A -15668.151367188 12222.539062500 -17034.039062500
A 369.238677979 -82.268661499 105.909957886
A 177.977890015 -217.681015015 109.545791626
A 429.941070557 -51.787414551 182.085998535
A 243.800415039 -329.878601074 319.467102051
A 327.296356201 -308.434143066 350.798828125
A 199.616683960 -174.212326050 498.060699463
A -11393.201171875 5357.522460938 -9757.538085938
A 332.660827637 -313.482086182 286.060882568
A 389.742431641 52.117744446 340.118927002
A 332.580963135 -121.397048950 84.768898010
A 125.913612366 -31.239393234 120.142051697
A 451.799987793 -29.893213272 258.187500000
A 204.977523804 -327.469238281 294.312286377
A 63.980087280 -8.247730255 364.488555908
A 219.651809692 39.763214111 449.311340332
A 78.198104858 -4.918498993 181.495849609
A 111.800086975 -271.465606689 222.941253662
A 419.955535889 -120.090637207 152.209274292
A 156.067413330 -79.452507019 490.559600830
A 81.419967651 20.436029434 365.989959717
A 40409.277343750 -49100.796875000 62365.484375000
A 414.226409912 -227.985275269 364.932037354
A -7577.521972656 872.220275879 4797.708984375
A 1683.702270508 -3862.198974609 -610.415832520
A 154.987396240 -275.075958252 404.889526367
A 160.275573730 85.786613464 221.587463379
A 436.479766846 -2.879411221 239.195205688
A 322.615905762 -251.967453003 139.965286255
A 44.757034302 -170.083129883 218.687332153
A 375.795227051 5.417109013 147.432128906
A 302.829925537 99.327255249 229.898056030
A 382.715118408 -188.799041748 442.537139893
A 93.537223816 -177.258285522 141.968734741
A 150.181579590 -221.279159546 123.634399414
A -3678.398681641 2356.307128906 103.887557983
A 315.918182373 -251.574722290 444.095550537
A 187.338211060 -120.720489502 504.008270264
A 412.250122070 -198.407043457 173.482574463
A 171.611099243 84.552124023 352.771759033
A 241.966003418 -28.295736313 485.040679932
A 151.974365234 -310.062896729 262.731445312
A 119.494125366 -106.045066833 478.225036621
A 280.252532959 -325.221710205 259.355865479
A 270.363891602 -303.434417725 365.146026611
A 337.465362549 0.572015643 291.430725098
A 156.837280273 -113.246124268 82.894569397
A 386.738800049 -20.463363647 144.220153809
A 298.980957031 -233.455108643 467.895629883
A 30826.158203125 59896.109375000 28581.205078125
A 91.761474609 -159.554275513 440.001251221
A 308.434173584 21.085624695 461.459228516
A 279.667297363 -327.087219238 325.306854248
A 450.649536133 -108.372222900 212.185684204
A 98.011642456 -34.427036285 141.154434204
A 108.431510925 41.058994293 204.258880615
A 268.045227051 -282.240081787 423.350036621
A 354.908386230 79.175155640 247.977447510
A 44.474056244 -96.955833435 196.888412476
A 52.548255920 -51.300334930 373.330718994
A 262.462646484 -201.312316895 88.345336914
A 167.462036133 -26.025722504 455.976043701
A 116.763221741 -43.146827698 457.181854248
A 263.459259033 -207.486557007 487.885040283
A 433.480468750 -52.436187744 390.812927246
A 419.026733398 29.859300613 302.278625488
A 189.816329956 -320.305236816 258.872497559
A 306.761444092 -69.351974487 500.775177002
A 143.620803833 -293.673187256 222.143020630
A 187.298416138 69.905273438 404.026611328
A 87.973396301 -192.743545532 418.925689697
A 27.855558395 -147.206909180 294.699676514
A 211.673690796 -264.974273682 139.215042114
A 251.180511475 91.304924011 188.891433716
A 196.876953125 -36.726699829 325.654968262
A -5099.836914062 46866.886718750 -59889.464843750
A 375.677581787 38.725246429 188.565567017
A -525.139343262 -1416.549926758 197.742156982
A 89.951339722 -217.298645020 406.696014404
A 414.030975342 -228.184555054 207.999206543
A 101.370712280 -70.417205811 125.185401917
A 314.158843994 16.186719894 119.181983948
A 8762.212890625 -563.468688965 -1952.005004883
A 425.123046875 -9.165523529 374.148529053
A 273.766632080 -87.574119568 70.413726807
A 117.945419312 24.392129898 408.258605957
A 130.921081543 -300.451202393 305.781219482
A 10049.342773438 11472.032226562 21949.765625000
A 350.184539795 54.835086823 181.308410645
A 25.314142227 -115.026824951 250.672134399
A 107.403472900 -21.328819275 442.058258057
A 21.210548401 -81.862861633 281.861877441
A 357.799865723 -254.088012695 163.736373901
A 414.675415039 -249.929504395 290.470581055
A 114.745933533 9.698281288 359.580352783
A 97.930183411 -116.612739563 454.989349365
A 36.949680328 -44.673358917 288.928527832
A -4001.396240234 -1611.501708984 3938.654541016
A 195.537353516 101.992706299 249.380996704
A 239.403137207 -222.217086792 96.467437744
A 139.158401489 -109.957000732 448.688262939
A 84.981277466 -8.275639534 399.957855225
A 123.723579407 40.961338043 180.900558472
A -23954.630859375 7589.343261719 4921.018554688
A 94.009277344 -241.858459473 205.516357422
A 295.104522705 -100.102890015 507.662231445
A 122.293159485 -285.963623047 342.352294922
A 41.645336151 -101.484931946 377.625152588
A 363.982147217 23.685531616 379.881561279
A 356.260162354 75.226974487 342.939849854
A 207.152374268 103.253898621 321.324371338
A 437.422882080 8.138426781 276.150665283
A 462.168914795 -53.158336639 301.497772217
A 277.615020752 -291.360015869 167.190383911
A -3213.408203125 2986.855712891 -638.335266113
A 111.311088562 -149.725662231 460.817443848
A 284.674407959 -182.555068970 79.737380981
A 340.910705566 94.501235962 281.621002197
A 264.789703369 -250.202835083 461.502410889
A 103.740455627 6.583728790 162.514343262
A 433.839874268 -219.559112549 322.017303467
A 353.340637207 -7.263352871 125.983596802
A 298.463043213 -311.705749512 363.105285645
A 345.174041748 -121.793045044 494.631622314
A 178.864227295 -83.173294067 79.436134338
A 121.214881897 61.384468079 347.114501953
A 253.011138916 71.290046692 160.349319458
A 465.519744873 -78.482650757 273.810272217
A 310.139160156 -1.790482163 258.352142334
A 224.823013306 -284.180572510 422.387023926
A 139.247695923 -166.303375244 475.903015137
A 263.345275879 -319.683258057 224.301025391
A 278.442901611 33.442283630 120.442543030
A 182.080398560 -244.098831177 128.930847168
A 350.595947266 -39.819023132 472.666442871
A 85.739372253 -259.878356934 340.379882812
A 172.473556519 90.817810059 329.478790283
A 199.493637085 -295.104370117 182.305358887
A 394.884796143 -22.093860626 433.693878174
A 321.742431641 -147.721969604 83.282791138
A 213.125686646 -228.588882446 472.035797119
A 416.934417725 -146.474456787 426.485504150
A 229.956008911 -312.346252441 374.898315430
A 229.952453613 -186.812652588 493.758392334
A -13769.652343750 12637.076171875 2972.650634766
A 367.293884277 -209.279876709 133.409484863
A 398.693786621 -98.427215576 451.550262451
A 11732.623046875 5257.657714844 -27.654699326
A 322.809661865 39.082256317 414.561370850
A 33.746162415 -151.583038330 242.612075806
