533

A 406.768493652 -58.372592926 147.639450073
A 110.824447632 -202.578201294 437.380981445
A 357.747283936 -155.519973755 475.670440674
A 292.715820312 -322.582153320 296.445251465
A 450.094390869 -45.610904694 345.898681641
A 467.153228760 -107.228126526 311.273803711
A 336.766510010 -235.448410034 334.156677246
A 331.304901123 -118.509216309 474.789031982
A 356.267272949 -5346.376464844 -50999.863281250
A 462.530517578 -150.140289307 283.100219727
A 126.976257324 1.479444861 135.081481934
A 340.108856201 -84.749877930 423.517181396
A 332.983184814 -299.439880371 233.493927002
A 418.893310547 -30.394542694 405.588897705
A 74.220153809 -52.514682770 162.659271240
A 3508.052246094 -806.457702637 7741.511718750
A 273.655426025 -142.902893066 503.763214111
A 199.147705078 -298.139160156 390.382812500
A 104.685470581 -185.628524780 302.060302734
A 337.964630127 24.754997253 139.856933594
A 247.175125122 103.397346497 351.600372314
A 459.792633057 -146.998245239 321.517578125
A 233.929595947 -146.877410889 507.296539307
A 6386.767578125 4818.708496094 4.519124508
A 319.485687256 36.115577698 437.507781982
A 327.471862793 -314.596649170 323.845733643
A 362.919830322 -8.632224083 447.062469482
A 459.015075684 -74.890663147 342.258483887
A 436.593658447 -208.526016235 252.389816284
A 204.602691650 -56.976528168 105.148735046
A 225.322616577 94.315406799 202.100891113
A 456.104492188 -109.787933350 351.030700684
A 460.251800537 -63.478626251 249.251083374
A 340.947448730 -284.443847656 383.811431885
A 433.484832764 -207.108322144 351.097656250
A 91.701980591 -200.248962402 161.678771973
A 269.586303711 -3.466797352 483.478942871
A 106.104995728 60.180473328 310.009948730
A 455.073455811 -140.296661377 225.732086182
A 35.014530182 -112.121391296 336.474273682
A 404.969207764 -153.036346436 143.054489136
A 132.197372437 -107.762641907 97.973670959
A 154.781692505 16.538007736 128.645126343
A 300.237762451 -269.916137695 431.313659668
A -1192.500610352 401.750610352 302.128845215
A 318.692596436 -16.101268768 102.389999390
A -49136.972656250 64922.015625000 41263.832031250
A 218.595367432 98.937110901 346.221313477
A 155.745605469 58.310905457 401.299163818
A 150.184417725 -167.002822876 298.884552002
A 68.820335388 23.079204559 280.389068604
A 54.103542328 -63.891235352 190.500076294
A 96.465400696 -158.468353271 130.475891113
A 137.131378174 -223.101867676 443.724365234
A 267.982452393 106.438453674 327.259429932
A 221.875717163 -324.117401123 337.888763428
A 157.268646240 54.419803619 166.842224121
A 99.356811523 -272.654846191 305.008148193
A 82.062301636 -225.901199341 381.625366211
A -67559.515625000 16661.691406250 -52093.628906250
A 126.472854614 -76.886299133 105.931076050
A 246.135681152 -103.021270752 511.353790283
A 129.724533081 -186.005264282 458.735321045
A 184.482040405 -279.039306641 413.724395752
A 78.545478821 -254.537719727 284.545074463
A 346.238769531 -232.792617798 136.541305542
A 266.280029297 113.500244141 298.584625244
A 393.993652344 -270.828247070 252.342254639
A 400.909667969 -255.628723145 334.844573975
A 449.197692871 -193.967758179 290.099822998
A 447.556213379 -87.595230103 196.368667603
A 402.083465576 -179.142913818 229.744400024
A 382.095947266 -243.571441650 181.365371704
A 94.506614685 41.498325348 342.240478516
A 108.552429199 -266.052246094 371.913604736
A 60.923034668 -166.498901367 180.551666260
A 345.228240967 -39.816154480 106.260185242
A 292.095031738 -207.326568604 481.421325684
A 350.435791016 19.796962738 435.430175781
A 220.153091431 15.058902740 105.947288513
A 4162.611328125 -12743.211914062 23958.720703125
A 328.083923340 -14.645737648 470.056884766
A 141.955200195 -240.661895752 146.371368408
A 383.539581299 42.069629669 369.515930176
A 205.278900146 -168.860839844 80.348808289
A 52.201572418 -181.065826416 373.620971680
A 432.155456543 -89.388710022 168.955093384
A 254.036346436 -265.237854004 442.569946289
A 309.103912354 -45.707447052 491.647338867
A 193.494354248 -208.700210571 479.958984375
A 132.635528564 -245.612655640 419.521087646
A 167.895156860 -312.945892334 291.747711182
A 40144.878906250 -13684.695312500 -43608.679687500
A 432.911956787 -144.642440796 400.912597656
A 141.638229370 -275.504516602 192.904495239
A 449.066802979 -158.808258057 353.112243652
A -20153.951171875 -82610.976562500 10558.230468750
A 143.876419067 -155.700561523 96.923614502
A 320.103851318 -194.343780518 481.625457764
A 450.924224854 -173.901184082 237.537902832
A 73.016166687 -123.166137695 428.621032715
A 68.190551758 -90.074485779 165.118865967
A -2691.582275391 6192.716796875 6389.256347656
A 118.697456360 -220.951400757 149.702819824
A 386.935699463 -140.304992676 124.737922668
A 160.375015259 22.963413239 425.601470947
A 358.253417969 -226.957641602 435.185638428
A 227.613357544 -287.389892578 157.214630127
A 75.229133606 -94.971565247 142.247726440
A 222.854125977 -245.653991699 119.347335815
A 46.423118591 -197.683868408 240.766983032
A 367.484161377 -275.866271973 214.367065430
A 57.174629211 -23.250020981 209.759887695
A 296.913665771 -272.597869873 147.797668457
A 235.423873901 -330.264526367 255.771377563
A 408.584167480 -93.365470886 140.365921021
A 216.025344849 -54.818908691 76.369201660
A -1556.493530273 -84836.531250000 -20708.611328125
A 162.439254761 -276.535675049 172.889511108
A 285.273803711 -170.199478149 105.226310730
A 153.818267822 -14.497496605 112.013854980
A 239.582061768 -69.683898926 506.322875977
A 282.243835449 -238.411544800 146.811004639
A 84.315643311 -83.980178833 439.313262939
A -58176.257812500 -44969.253906250 -52063.835937500
A 440.383789062 -17.902557373 352.667053223
A 370.039520264 -285.807739258 243.693023682
A 355.116180420 -191.933242798 462.147460938
A 24.249540329 -101.519981384 305.894409180
A 49.855445862 -12.264104843 286.349426270
A 337.720977783 -82.418136597 489.409057617
A 224.635955811 -7.878897667 485.009399414
A 389.191864014 50.202030182 232.014282227
A 317.632751465 67.489181519 172.845581055
A 390.502716064 -86.773712158 122.577316284
A -854.084838867 -6053.070312500 2116.435791016
A 215.516403198 -202.787200928 88.414146423
A 199.234298706 -315.417938232 351.823333740
A 958.539306641 -771.418151855 110.711204529
A 300.544128418 94.544342041 344.779724121
A 180.446472168 65.764671326 166.578399658
A 115.124687195 -249.893157959 397.057189941
A 300.377227783 -81.842941284 73.444099426
A 270.580963135 -315.039062500 375.871856689
A 43.858165741 -27.091640472 317.565856934
A 30544.146484375 -10391.943359375 -44383.964843750
A 295.847625732 -165.699493408 498.515014648
A 272.361450195 -143.974273682 274.773651123
A -4145.529296875 -1234.528320312 1320.699218750
A 243.789596558 40.838535309 127.738136292
A 94.502540588 -220.454635620 261.676422119
A 83.478279114 -48.120811462 429.480377197
A 313.186004639 82.347610474 204.571563721
A 96.920097351 -264.260650635 261.219726562
A 157.097320557 31.335987091 438.910614014
A 68.050827026 11.514807701 233.302597046
A 407.651611328 -32.211818695 165.995635986
A 220.045288086 -106.334930420 65.258453369
A 397.873962402 -215.504486084 409.559143066
A 41.229438782 -131.377655029 372.759399414
A 75.067115784 -187.129272461 178.715164185
A 87.670166016 -26.138919830 173.066009521
A 259.807128906 109.832138062 243.593200684
A 288.651062012 59.477279663 424.035186768
A 140.217803955 67.511207581 211.119216919
A 86.119544983 -255.542648315 242.136306763
A 77.006416321 26.009866714 253.251861572
A 67.226524353 -233.746475220 317.162139893
A 100.871131897 54.403648376 265.410552979
A 375.990936279 -285.004364014 299.622314453
A 192.806838989 92.672904968 220.222198486
A 342.173675537 -280.000396729 186.702728271
A 33.662612915 -158.948852539 271.830078125
A 266.476013184 13.059195518 103.797172546
A 373.855468750 72.305885315 268.731903076
A 393.198028564 -183.436096191 145.140182495
A 390.134521484 4.059365749 411.069183350
A 327.297210693 -64.110908508 88.814453125
A 167.432632446 -307.174041748 352.274902344
A 178.032455444 98.085021973 280.612152100
A 302.413238525 -47.385128021 86.049301147
A 44.362594604 -135.082427979 199.188003540
A 448.698883057 -20.132461548 303.694488525
A 337.240386963 -222.799163818 455.020324707
A 200.592620850 85.618362427 378.420166016
A 185.862243652 -11.544686317 482.020263672
A 4250.598632812 9911.976562500 13564.474609375
A 267.297851562 109.677085876 271.810638428
A 94.816223145 -222.448257446 179.674911499
A 433.016387939 -224.645690918 288.481903076
A 197.912948608 -86.960853577 506.527252197
A 49.117473602 -19.786296844 249.763870239
A 387.926513672 -257.862335205 209.363494873
A 822.203308105 -1296.804321289 -61.601253510
A -30757.371093750 39158.984375000 31968.154296875
A 48.189682007 -199.068542480 335.601257324
A 328.657714844 -174.947891235 94.137687683
A 258.558563232 -272.510894775 139.198944092
A 81.702888489 35.634811401 308.229400635
A 42.537879944 -54.115653992 220.071746826
A 404.920043945 -190.166534424 420.561035156
A 251.145492554 -141.854995728 70.824203491
A 285.290679932 -226.974594116 102.325950623
A 151.920806885 -291.314788818 377.478088379
A 183.872070312 -193.950164795 96.941856384
A 127.931724548 73.794487000 298.614746094
A 175.937759399 -311.402526855 230.458114624
A 166.380111694 -216.809249878 464.840270996
A 300.153839111 -110.695823669 76.475250244
A 59.289714813 -225.805023193 249.755294800
A 288.395568848 -13.384933472 93.268882751
A 318.342376709 48.532188416 148.658523560
A 93.418426514 -109.873077393 126.563613892
A 172.899047852 -1397.606811523 -293.671539307
A 66.780197144 -162.884201050 408.845428467
A 409.369995117 42.528324127 266.242401123
A 268.840026855 -56.761646271 502.625946045
A 91.479461670 -138.014511108 137.840942383
A 281.567535400 -117.000816345 507.721954346
A 264.606658936 -35.385593414 78.167266846
A 347.669921875 -101.541580200 95.573074341
A 418.135131836 -18.388101578 278.600677490
A 203.756546021 -59.353267670 501.505462646
A 286.075836182 79.133941650 178.539794922
A 116.797378540 2.064177513 430.453735352
A 336.596740723 81.822242737 223.139923096
A 323.655212402 -309.297088623 265.483489990
A 246.482070923 -62.679420471 72.741226196
A 224.414169312 -312.435272217 286.902435303
A -7268.717285156 40633.050781250 -96478.789062500
A 57.979209900 -128.128799438 171.742767334
A 163.326400757 -170.265747070 483.249359131
A 171.250854492 -155.536087036 84.563941956
A 221.470016479 -150.106643677 71.208419800
A 217.889312744 109.049400330 292.480346680
A 258.533203125 101.087348938 220.649078369
A 447.333831787 -86.283874512 378.875732422
A 367.521911621 -162.909423828 111.655319214
A 420.475524902 -191.380096436 391.210357666
A 306.781677246 -290.345825195 397.778198242
A 83.511962891 15.416583061 208.238342285
A 396.403900146 -248.940917969 369.870941162
A 410.705078125 26.619510651 230.997329712
A 367.412719727 -124.494392395 105.362365723
A 435.057342529 -181.151672363 200.755401611
A 374.892028809 -46.521297455 119.956848145
A 54.223739624 -151.044982910 392.395538330
A 206.997787476 -267.391632080 438.727478027
A 274.202819824 34.254169464 454.130371094
A 434.157775879 -177.379180908 382.294311523
A 57258.152343750 26393.994140625 6867.202148438
A 727.922119141 -1719.760742188 -1144.230590820
A 440.211578369 -137.085052490 189.407302856
A 256.842254639 -328.671997070 281.388061523
A 193.230285645 83.276908875 191.530349731
A 339.981475830 -258.991271973 419.262420654
A 66.197486877 -34.910621643 398.503356934
A 178.324462891 -48.359691620 84.160865784
A 413.606903076 -69.038803101 427.470825195
A 375.009948730 -274.724792480 357.010406494
A 302.727600098 85.531608582 376.328521729
A 208.264480591 64.137153625 152.847137451
A 59.463451385 -101.893714905 408.037963867
A 415.557403564 23.744823456 341.857177734
A 36.213489532 -82.499763489 351.607299805
A 390.254455566 -43.910591125 445.347961426
A 316.519561768 -211.589401245 105.501411438
A 46.641098022 -207.005218506 301.989013672
A 329.363647461 62.227161407 402.336242676
A 387.841491699 -131.293731689 457.372283936
A 254.794815063 -20.405755997 493.589721680
A 333.892059326 90.887886047 318.426177979
A 333.177246094 78.218917847 365.388916016
A 376.814086914 -240.042800903 415.222930908
A 41.916584015 -195.273056030 279.326995850
A -3253.984619141 -16605.117187500 8717.931640625
A 346.384552002 -197.345291138 114.837226868
A 407.502563477 -1.752013326 182.067352295
A 133.396179199 -269.221527100 335.806152344
A 30.344209671 -141.242980957 327.459594727
A 1731.250854492 6746.559082031 4697.344238281
A 246.376937866 43.285259247 220.830535889
A 437.609283447 -30.102949142 208.776626587
A 163.636993408 -250.216583252 437.333435059
A 143.549133301 -31.306737900 472.832519531
A 430.630493164 -216.172866821 226.732788086
A 280.448547363 -152.738510132 75.578330994
A 135.190414429 -191.077911377 114.775970459
A 183.026580811 -150.937835693 497.663879395
A 38.722583771 -91.465286255 272.823059082
A 369.953369141 72.357406616 314.393432617
A 359.761108398 -297.516723633 275.080749512
A 398.776214600 13.038239479 390.501373291
A 259.745361328 -174.127761841 499.721618652
A 191.431442261 -106.526496887 199.349349976
A 390.744262695 55.595203400 298.151733398
A 187.781234741 35.333892822 131.758956909
A 286.077056885 54.358142853 144.036880493
A 152.075103760 -117.420700073 491.998992920
A 244.953765869 -229.724822998 472.867858887
A 449.719268799 -63.747894287 224.287170410
A 414.579589844 -246.206069946 251.394042969
A 450.815368652 -84.296890259 312.546020508
A 119.762535095 -70.848640442 468.301666260
A 432.966766357 -90.533546448 407.131958008
A 465.520507812 -120.179756165 285.266510010
A -28624.566406250 -42030.132812500 32475.238281250
A 203.168395996 -2.714621305 102.724533081
A 109.874008179 55.460968018 230.768371582
A 255.312683105 -296.014434814 404.419891357
A -1159.880615234 -3515.783203125 -2210.115234375
A 140.155059814 36.110458374 161.299682617
A 386.582611084 -155.941543579 450.585144043
A 417.090240479 5.966261387 207.989639282
A 37.185859680 -55.810474396 249.680084229
A 460.990264893 -111.275131226 247.502456665
A 32.283107758 -99.057929993 223.893630981
A 212.428039551 20.903869629 465.311645508
A 374.777496338 -63.720428467 463.477630615
A 123.230758667 -148.960632324 109.256507874
A 32.809169769 -61.325927734 324.698822021
A 306.775360107 103.433921814 265.933044434
A 181.942108154 -6.443747520 100.858985901
A 233.128005981 80.710845947 395.358673096
A 63.268039703 -77.628318787 410.073669434
A 304.423248291 100.974510193 302.511413574
A 354.214477539 -295.008819580 336.705444336
A 67.075721741 -219.844070435 358.189392090
A 259.752136230 -304.974914551 192.157302856
A 145.620162964 70.109603882 367.582733154
A 241.356994629 -11.578461647 86.030548096
A 64.853027344 -213.849700928 213.069107056
A 231.204177856 53.336540222 140.453201294
A 360.466247559 46.996082306 397.006896973
A 152.034057617 91.363113403 312.310668945
A 219.830429077 -111.913085938 507.873596191
A 329.274871826 -155.099670410 490.611419678
A 447.825073242 -129.589248657 373.454772949
A 455.896606445 -164.660018921 264.692932129
A 178.514617920 -267.299377441 152.435806274
A 117.904998779 46.797538757 382.276184082
A 368.500946045 57.211048126 216.674224854
A 423.154998779 -111.030189514 418.525329590
A 258.256439209 94.838348389 374.076477051
A -335.574249268 721.522705078 1786.011596680
A 273.090637207 -252.380325317 120.447731018
A -19454.414062500 54585.386718750 -4734.779785156
A 173.323242188 -46.744804382 486.688629150
A 447.870574951 -178.730484009 329.451538086
A 396.747985840 -264.630645752 304.661254883
A 64.471282959 7.163358212 319.545471191
A 237.915115356 -103.348205566 74.498207092
A 193.007003784 -245.904220581 454.578613281
A 426.097686768 -159.215347290 169.677093506
A 9095.826171875 3225.487548828 -5322.495605469
A 220.866104126 110.034919739 267.117553711
A 367.845825195 -90.497108459 475.354187012
A 149.705261230 -57.585834503 94.413238525
A 39.828914642 -170.490997314 334.615783691
A 121.973342896 -253.228195190 180.860015869
A 297.907928467 -315.159637451 233.260192871
A 299.986572266 -9.998072624 480.482543945
A 303.563110352 -289.626159668 184.894210815
A 273.958435059 75.021553040 400.976989746
A 247.995651245 67.630599976 418.380493164
A 248.134017944 47.972457886 444.489746094
A 432.789520264 7.398987293 325.257598877
A 224.038177490 -319.603271484 225.991622925
A 122.508674622 -291.942871094 260.033416748
A 168.052536011 12.173909187 459.295379639
A 366.080017090 -266.871520996 392.699707031
A 161.773086548 -312.989074707 323.676208496
A 150.626922607 88.170791626 263.686279297
A 375.093475342 21.599460602 166.926483154
A 310.131958008 -305.314361572 203.034088135
A 2050.279296875 -2302.353271484 1.786588311
A 125.526473999 70.867195129 253.593963623
A 386.458160400 -218.803985596 162.751098633
A 188.710083008 -118.227767944 76.152976990
A 227.550811768 -306.808532715 194.582290649
A 49.374511719 -30.579093933 351.171508789
A 183.122970581 -299.802185059 202.513381958
A 201.677139282 57.987747192 427.882110596
A -15644.498046875 12204.146484375 -17008.439453125
A 368.586883545 -82.067138672 105.757667542
A 177.613082886 -217.393295288 109.302330017
A 429.306121826 -51.723423004 181.831909180
A 243.437377930 -329.377075195 319.064270020
A 326.776153564 -307.923522949 350.275695801
A 199.343292236 -173.973968506 497.347442627
A -11375.951171875 5349.424316406 -9742.879882812
A 332.215332031 -313.035186768 285.687988281
A 389.100921631 52.031059265 339.626220703
A 332.104705811 -121.173217773 84.571449280
A 125.776191711 -31.213640213 119.992568970
A 451.138763428 -29.827848434 257.786163330
A 204.742736816 -327.048767090 293.864746094
A 63.862167358 -8.244601250 364.008972168
A 219.340179443 39.712184906 448.627288818
A 78.156196594 -4.970558167 181.214645386
A 111.606086731 -271.089324951 222.520095825
A 419.259674072 -119.928771973 151.908279419
A 155.723937988 -79.328239441 489.864135742
A 81.294487000 20.367113113 365.418273926
A 40348.410156250 -49026.773437500 62271.496093750
A 413.539764404 -227.568634033 364.426818848
A -7566.151367188 870.853027344 4790.419433594
A 1681.273803711 -3856.362060547 -609.429382324
A 154.724304199 -274.691284180 404.311279297
A 160.048294067 85.686088562 221.209289551
A 435.770446777 -2.891866684 238.834167480
A 322.168884277 -251.641235352 139.781631470
A 44.625209808 -169.852127075 218.374938965
A 375.147247314 5.368835449 147.143554688
A 302.392730713 99.102767944 229.571487427
A 382.124755859 -188.510726929 441.869537354
A 93.331428528 -176.968276978 141.675643921
A 149.871383667 -220.972167969 123.354736328
A -3672.887451172 2352.697753906 103.709762573
A 315.501922607 -251.206329346 443.362457275
A 187.106201172 -120.474006653 503.256591797
A 411.673706055 -198.109329224 173.267578125
A 171.293212891 84.473213196 352.206359863
A 241.580978394 -28.219451904 484.334014893
A 151.731002808 -309.516540527 262.387939453
A 119.272148132 -105.991218567 477.541229248
A 279.850433350 -324.704315186 258.972106934
A 270.033233643 -302.960388184 364.589141846
A 336.944274902 0.677115917 290.898529053
A 156.524978638 -112.962066650 82.849349976
A 386.035400391 -20.384666443 144.022613525
A 298.470764160 -233.012725830 467.139801025
A 30779.619140625 59805.816406250 28538.093750000
A 91.623207092 -159.268478394 439.298400879
A 307.939636230 21.089227676 460.696044922
A 279.237274170 -326.578338623 324.830810547
A 449.983459473 -108.202545166 211.895095825
A 97.809204102 -34.469142914 140.927703857
A 108.372459412 40.970314026 203.933044434
A 267.610565186 -281.845886230 422.680725098
A 354.327667236 79.017127991 247.613327026
A 44.456554413 -96.805694580 196.671386719
A 52.486076355 -51.281799316 372.727966309
A 262.079498291 -201.001739502 88.256057739
A 167.239364624 -25.910625458 455.346740723
A 116.553604126 -43.045597076 456.469360352
A 263.041748047 -207.152587891 487.190429688
A 432.829101562 -52.313362122 390.079986572
A 418.260070801 29.799137115 301.877197266
A 189.495071411 -319.836303711 258.449768066
A 306.340118408 -69.307205200 500.057830811
A 143.393661499 -293.232238770 221.838546753
A 187.131866455 69.796669006 403.404968262
A 87.905754089 -192.513320923 418.256835938
A 27.757617950 -146.911239624 294.139831543
A 211.363082886 -264.647857666 139.135055542
A 250.822937012 91.179801941 188.667404175
A 196.530746460 -36.671985626 325.153259277
A -5092.158691406 46796.222656250 -59799.144531250
A 375.127532959 38.611568451 188.194168091
A -524.425781250 -1414.377685547 197.436309814
A 89.806427002 -216.952819824 406.021301270
A 413.454040527 -227.788177490 207.643234253
A 101.225013733 -70.386779785 124.944450378
A 313.728546143 16.153633118 118.968933105
A 8749.032226562 -562.696899414 -1949.020141602
A 424.496765137 -9.077023506 373.587890625
A 273.334594727 -87.473991394 70.283805847
A 117.657424927 24.403955460 407.651428223
A 130.775878906 -299.892303467 305.313903809
A 10034.157226562 11454.729492188 21916.724609375
A 349.741455078 54.763214111 181.067260742
A 25.222785950 -114.863220215 250.285873413
A 107.210586548 -21.390602112 441.472167969
A 21.083082199 -81.771903992 281.536560059
A 357.259979248 -253.655502319 163.341018677
A 414.005187988 -249.571273804 290.109344482
A 114.633422852 9.612201691 359.031616211
A 97.833023071 -116.462196350 454.351654053
A 36.838836670 -44.642795563 288.517150879
A -3995.335693359 -1609.085815430 3932.667236328
A 195.303771973 101.835586548 249.024902344
A 239.084503174 -221.932495117 96.292236328
A 138.891510010 -109.753005981 448.020416260
A 84.887176514 -8.281327248 399.411102295
A 123.536224365 40.825317383 180.592498779
A -23918.562500000 7577.915039062 4913.643554688
A 93.897163391 -241.541534424 205.211975098
A 294.592987061 -99.943458557 506.946716309
A 122.111434937 -285.498565674 341.909423828
A 41.591701508 -101.278396606 377.047851562
A 363.465576172 23.586297989 379.281372070
A 355.710784912 75.066497803 342.381042480
A 206.744537354 103.162017822 320.893890381
A 436.784271240 8.203281403 275.697296143
A 461.393432617 -53.096591949 301.066070557
A 277.169464111 -290.873748779 166.959899902
A -3208.525146484 2982.341552734 -637.389099121
A 111.105438232 -149.508605957 460.132537842
A 284.293884277 -182.248092651 79.541664124
A 340.380432129 94.339027405 281.142242432
A 264.412780762 -249.772384644 460.857177734
A 103.537925720 6.556164742 162.213851929
A 433.272674561 -219.253555298 321.588378906
A 352.816467285 -7.284611225 125.829055786
A 297.974975586 -311.235748291 362.516662598
A 344.694122314 -121.622116089 493.886322021
A 178.638748169 -83.060249329 79.303947449
A 120.979393005 61.316146851 346.504089355
A 252.589950562 71.179641724 160.108657837
A 464.857025146 -78.382713318 273.300689697
A 309.673156738 -1.786557674 257.860778809
A 224.565887451 -283.713989258 421.768188477
A 138.984237671 -166.091476440 475.149566650
A 262.931884766 -319.173522949 223.936569214
A 278.063323975 33.524040222 120.283050537
A 181.834304810 -243.697158813 128.642929077
A 350.054107666 -39.738803864 471.869934082
A 85.653778076 -259.457366943 339.896789551
A 172.171188354 90.695007324 329.035278320
A 199.212188721 -294.665374756 182.030731201
A 394.284423828 -22.004678726 432.981201172
A 321.300262451 -147.463836670 83.133277893
A 212.807876587 -228.135192871 471.298461914
A 416.353179932 -146.238174438 425.800811768
A 229.581802368 -311.939514160 374.270385742
A 229.640136719 -186.553787231 493.131774902
A -13748.931640625 12618.110351562 2968.237060547
A 366.685516357 -208.952514648 133.238525391
A 398.042205811 -98.260009766 450.869659424
A 11714.939453125 5249.758789062 -27.579744339
A 322.348815918 39.013088226 414.018005371
A 33.665016174 -151.340225220 242.223968506
