533

W 26.915576935 -89.248146057 262.064392090
W 287.723571777 23.376321793 19.921649933
W 71.187561035 -16.720846176 -16.957183838
W 120.132865906 125.446502686 132.140228271
W -6.256207466 -97.393859863 91.184623718
W -15.787955284 -61.146343231 110.623420715
W 145.043167114 -27.488441467 131.276657104
W -1145.488769531 10.906909943 -2599.333496094
W 194.865173340 -3285.291503906 -31313.607421875
W -9.917764664 -5.207373619 152.026046753
W 264.973876953 -145.001007080 260.146514893
W 143.238876343 -56.622276306 112.751708984
W 89.448448181 108.833892822 178.843032837
W 23.714729309 -121.864250183 36.234516144
W 306.318847656 -96.781654358 243.808624268
W 4757.648437500 -1096.019042969 10672.409179688
W 136.706985474 -35.247982025 -45.445106506
W 202.203308105 109.729591370 57.276523590
W 178.486907959 -37.258705139 135.142501831
W 84.889961243 -160.769485474 260.474578857
W 163.095245361 -228.958786011 78.541877747
W -13.082587242 -16.582191467 116.702819824
W 175.819717407 -23.924388885 -46.716396332
W 9025.533203125 7072.426269531 -272.832061768
W 121.231361389 -136.973892212 44.962966919
W 96.103820801 116.331214905 114.047012329
W 63.317668915 -133.194519043 4.533852100
W 38.855735779 -66.031425476 105.771453857
W 64.825675964 3.515781879 159.709457397
W -260.131317139 400.792419434 -1494.273681641
W 177.817550659 -220.510482788 210.058883667
W -10.907267570 -55.660022736 86.406768799
W -2.743609905 -81.905311584 161.182617188
W 83.309814453 92.096763611 58.349960327
W 13.769796371 34.977504730 80.924385071
W 298.695220947 23.227987289 236.011337280
W 151.251174927 -103.570655823 27.242473602
W 284.833618164 -185.017898560 111.110160828
W -7.447680950 -19.135744095 185.146759033
W 238.277191162 -47.301761627 122.000198364
W 31.850381851 -7.272868156 250.959075928
W 259.707275391 -51.863853455 291.773162842
W 246.870635986 -150.656677246 266.621643066
W 125.404747009 81.544441223 15.296924591
W -7689.204589844 2644.833251953 149.581634521
W 108.871124268 -125.685653687 294.993499756
W -26827.408203125 35426.691406250 22512.480468750
W 192.981018066 -229.502685547 95.354270935
W 229.001983643 -157.367965698 66.098922729
W 4036.614746094 2058.302734375 -130.880676270
W 294.738830566 -146.879699707 138.995056152
W 321.323394775 -85.820182800 223.727523804
W 291.748321533 -6.906620502 261.080322266
W 262.376129150 41.438659668 9.212109566
W 154.740020752 -232.439041138 104.112091064
W 185.604339600 125.729591370 96.876296997
W 242.321884155 -182.204360962 241.066757202
W 291.952087402 79.478103638 123.283233643
W 295.337493896 37.718414307 59.044727325
W -37161.460937500 9157.052734375 -28646.890625000
W 264.959014893 -75.585952759 287.200256348
W 171.811462402 -54.189533234 -39.653480530
W 244.180282593 -3.824610710 30.209060669
W 219.827026367 91.267990112 34.307468414
W 299.530395508 71.371780396 148.176788330
W 84.598884583 62.904132843 253.009399414
W 149.753540039 -234.899322510 125.346305847
W 50.174423218 83.511787415 169.081665039
W 37.273120880 73.963882446 97.422698975
W -2.601592779 18.094879150 148.948028564
W -0.121764466 -62.165435791 199.347961426
W 129.598648071 -30.011007309 145.303558350
W 52.918716431 67.136009216 219.358352661
W 284.620727539 -178.329345703 87.443275452
W 279.903442383 76.536170959 71.721794128
W 313.087188721 10.038655281 226.259597778
W 84.889518738 -111.141456604 290.305999756
W 125.866073608 30.409887314 -23.567689896
W 84.230392456 -159.674774170 9.490581512
W 191.767990112 -141.810897827 294.242248535
W 3085.466064453 -9566.408203125 17951.593750000
W -934.199340820 -1287.195800781 -2311.315673828
W 246.147064209 34.392864227 240.099472046
W 47.553352356 -169.932434082 58.548912048
W 194.910018921 -2.321590900 308.320281982
W 323.958526611 4.574477673 65.865631104
W 9.324883461 -63.293613434 229.694091797
W 153.747680664 85.844543457 11.919431686
W 115.865684509 -105.622024536 -39.300800323
W 209.027923584 28.591566086 -24.102535248
W 258.673095703 55.680683136 39.544288635
W 236.437927246 117.509246826 130.471862793
W 23682.085937500 -8074.973632812 -25731.353515625
W 10.081781387 -20.492074966 44.054168701
W 255.769378662 87.076530457 214.496078491
W -4.048535347 -10.045423508 81.470481873
W -11127.566406250 -45553.042968750 5816.195312500
W 249.845001221 -14.321338654 292.555786133
W 101.140029907 14.867337227 -22.998821259
W -39.780582428 16.244890213 170.746688843
W 311.608123779 -37.470211029 28.224151611
W 1754.108886719 -243.444793701 1312.410156250
W -3683.342529297 8132.835449219 8109.521972656
W 276.960052490 41.837123871 248.650375366
W 48.322704315 -21.324113846 272.619689941
W 1051.280151367 -1344.777465820 -1347.821899414
W 78.994804382 38.420089722 29.587343216
W 170.698593140 91.968673706 248.769653320
W 304.226379395 -62.319107056 254.229446411
W 178.530090332 69.941886902 270.849914551
W 298.222412109 16.333929062 174.570571899
W 60.157005310 82.290267944 203.144287109
W 319.041870117 -116.672050476 206.994201660
W 138.435394287 46.986248016 218.044830322
W 175.342590332 129.024261475 161.690139771
W 38.958271027 -68.190895081 256.243133545
W 181.530899048 -89.668281555 312.604827881
W -854.533935547 -46624.464843750 -11401.291015625
W 235.678207397 90.135505676 227.258728027
W 155.054275513 -27.727811813 180.358810425
W 238.946273804 -130.813903809 284.256134033
W 157.174438477 -92.036705017 -44.776481628
W -114.190574646 1204.892211914 1571.746704102
W 300.551055908 -70.300918579 15.743736267
W -31807.242187500 -24577.720703125 -28462.519531250
W 6.079195976 -121.764724731 76.154945374
W 63.644714355 96.631378174 174.372192383
W 72.127868652 16.455341339 -6.374899864
W 344.978515625 -52.081485748 115.310897827
W 327.822387695 -129.283309937 131.069976807
W 96.331802368 -81.427589417 -32.408641815
W 163.070861816 -135.506744385 -29.417108536
W 47.457767487 -186.541625977 175.457138062
W 106.860885620 -197.401046753 231.942779541
W 36.062164307 -71.149734497 264.977111816
W -1721.448364258 -10090.605468750 3255.007812500
W 185.060363770 26.474927902 298.584014893
W 209.669250488 120.282485962 90.006729126
W 6021.940429688 -5365.187011719 -1271.698852539
W 119.363349915 -222.483016968 85.015190125
W 218.319702148 -192.905838013 241.597930908
W 277.172149658 65.416366577 46.515045166
W 124.697959900 -59.896949768 315.913848877
W 144.480300903 116.924453735 67.725349426
W 301.387939453 -104.823493958 118.426429749
W 18422.666015625 -6270.181640625 -26826.496093750
W 121.101379395 -9.866066933 -37.725818634
W 169.467559814 23.711574554 -1245.431518555
W -9160.250976562 -2517.139892578 2294.930664062
W 169.053054810 -175.283859253 263.384887695
W -5527.279296875 -4165.330078125 -918.554321289
W 297.457305908 -98.590171814 21.509471893
W 104.175964355 -212.935150146 198.679931641
W 924.720520020 664.274963379 268.316375732
W 231.988098145 -161.136413574 11.113737106
W 309.809631348 -151.415802002 180.873413086
W 31.524015427 -113.762367249 244.175949097
W 182.980529785 -52.042774200 318.005065918
W 31.081949234 28.904415131 37.720764160
W 332.064270020 -36.119235992 63.000202179
W 253.275283813 -8.254221916 194.179855347
W 217.464813232 -71.349235535 177.628158569
W 151.006362915 -230.683456421 169.998107910
W 123.492248535 -186.205856323 15.199069023
W 254.532470703 -199.311767578 198.139160156
W 299.877380371 70.805496216 164.054214478
W 308.155029297 -159.775970459 156.841873169
W 313.732330322 52.693180084 113.776168823
W 293.330841064 -179.170944214 149.374938965
W 58.352684021 97.051536560 136.486572266
W 210.352447510 -221.265304565 189.666473389
W 89.063423157 89.955444336 223.331954956
W 342.067810059 -9.346696854 149.157974243
W 154.437698364 -150.825744629 290.675079346
W 63.638206482 -195.983322144 151.919616699
W 35.616641998 16.759412766 245.212509155
W 93.073738098 -99.770050049 75.104644775
W 100.979248047 -88.443992615 303.886291504
W 232.627731323 113.708831787 92.657646179
W 220.461059570 -226.949752808 133.891693115
W 130.556488037 -86.871894836 261.691192627
W 329.342163086 -21.070930481 209.686996460
W -3.595163107 -119.854751587 124.359130859
W 78.553504944 46.281894684 5.608711720
W 206.373519897 -212.355377197 58.423492432
W 207.976074219 -134.266799927 -21.552625656
W 3833.358154297 9142.676757812 12377.647460938
W 150.456848145 -234.639785767 153.225494385
W -1055.114624023 -858.507202148 -648.198974609
W 5.767694950 35.718139648 145.585327148
W 198.101730347 -73.132614136 -43.342666626
W 329.461059570 -121.924392700 164.865280151
W -485.848663330 691.952392578 562.517578125
W 3610.705566406 -7220.214843750 -1963.124145508
W -18275.853515625 23235.222656250 18965.673828125
W 325.597137451 25.295042038 95.746116638
W 102.540092468 9.891603470 295.373443604
W 136.324737549 110.097770691 276.356140137
W 300.470703125 -170.716140747 121.955062866
W 331.981964111 -94.118896484 193.122360229
W 37.770359039 21.049119949 42.583492279
W 168.234893799 -25.466028214 304.030456543
W 139.957565308 51.879726410 283.011108398
W 243.478271484 100.206588745 68.727180481
W 213.383987427 22.858316422 294.087280273
W 263.424591064 -204.765197754 123.558662415
W 220.015304565 106.613853455 181.226074219
W 238.708282471 36.652503967 -8.080055237
W 126.014556885 -57.357437134 304.171447754
W 317.234222412 45.142368317 173.826095581
W 137.612350464 -126.209465027 302.132354736
W 109.580116272 -182.283554077 252.364257812
W 294.484771729 -41.184398651 264.442321777
W -355.619934082 -7561.416503906 -3283.270751953
W 315.118682861 -7.940498829 41.366535187
W 34.540237427 -178.074813843 153.685043335
W 141.627914429 -103.131408691 -24.260538101
W 240.661834717 -31.191982269 208.982452393
W 135.867477417 -48.696643829 -20.452795029
W 161.369232178 -109.523391724 310.394897461
W 78.606956482 -53.185821533 297.440643311
W 2485.367431641 1168.111694336 175.087997437
W 199.977722168 -92.285881042 -39.955154419
W 137.421920776 -209.344573975 226.694244385
W 268.151794434 -147.983917236 21.880214691
W 85.525291443 -209.018310547 187.684204102
W 116.749298096 47.971984863 146.503326416
W 169.455169678 -85.936630249 317.448730469
W 165.771697998 10.116084099 136.429031372
W -3882.542480469 21694.082031250 -51520.179687500
W 319.249786377 -35.986434937 232.650238037
W 234.689712524 -2.784440756 -27.518810272
W 226.236724854 -15.316178322 302.916961670
W 181.711273193 -21.761283875 315.574737549
W 183.314712524 -181.921173096 132.812606812
W 154.246505737 -228.164352417 189.287506104
W -1.054991364 -67.794311523 60.010982513
W 67.863922119 -0.547916710 281.034149170
W 55.476375580 -0.072478049 72.528297424
W 109.292434692 101.105918884 50.332542419
W 304.078460693 -149.090576172 201.998123169
W 33.802982330 59.910964966 73.087867737
W 25.959203720 -160.258193970 181.235137939
W 66.809738159 -39.128623962 283.875274658
W 7.732381344 15.900952339 198.286392212
W 51.794399261 -102.721023560 270.292114258
W 272.359161377 -26.249494553 78.989021301
W 199.796463013 86.239532471 19.173715591
W 147.329925537 -153.336608887 15.419316292
W 14.933744431 14.553158760 52.665523529
W 33485.757812500 15434.381835938 3994.235839844
W 2012.864624023 -6313.001953125 -5567.113769531
W 3.581749201 -20.623767853 213.122360229
W 155.550872803 130.831573486 140.685134888
W 208.011184692 -212.463058472 214.140823364
W 78.830024719 70.268371582 28.343297958
W 310.802246094 -109.046844482 46.030723572
W 217.638534546 -101.205261230 303.897918701
W 21.226079941 -83.303230286 26.505773544
W 59.901058197 87.256690979 87.605682373
W 115.814109802 -209.842956543 56.881935120
W 194.449295044 -192.807449341 250.998077393
W -3973.030029297 98.015541077 2816.376464844
W 25.560649872 -159.751892090 87.183448792
W 338.460540771 -62.632320404 82.517303467
W 62.269832611 -106.468109131 29.493436813
W 113.363159180 36.450244904 286.154785156
W 328.936584473 30.437097549 131.175476074
W 94.363334656 -187.534713745 32.756633759
W 46.627773285 -31.946237564 -2.634801388
W 151.656677246 -126.208198547 -26.391481400
W 89.426513672 -219.096557617 115.978645325
W 88.212051392 -205.157562256 70.530212402
W 52.698856354 53.110923767 35.056053162
W 328.514129639 27.301431656 143.515457153
W -2935.954345703 -14558.006835938 7557.511718750
W 83.320518494 26.186069489 279.073425293
W 30.859008789 -139.903625488 223.123382568
W 188.499816895 -11.696324348 129.587036133
W 342.033111572 -26.711540222 104.283195496
W 2240.986083984 9527.805664062 6298.489257812
W 161.548156738 -63.308273315 139.795623779
W 4.553431511 -110.989021301 199.030441284
W 240.386596680 67.345062256 15.639079094
W 251.168716431 -112.374984741 -13.626020432
W 13.175689697 38.196304321 183.156478882
W 148.054183960 -12.435928345 313.489746094
W 257.044616699 24.763732910 271.976470947
W 208.608001709 -21.912858963 5.936116219
W 2107.788330078 -193.423995972 175.522888184
W 64.097084045 -202.668457031 107.473754883
W 100.216201782 61.297668457 147.050903320
W 37.257911682 -145.349945068 41.869365692
W 156.025985718 2.947395325 -39.424400330
W 1192.049438477 -197.771331787 1021.218811035
W 45.186935425 -190.101165771 131.694976807
W 217.176177979 -166.365402222 269.987670898
W 132.888000488 -181.922668457 262.326568604
W 239.749908447 -44.624526978 -31.632186890
W 169.030273438 53.574703217 -14.979742050
W -8.706125259 -79.491806030 186.282440186
W 22.974008560 57.336463928 169.234451294
W 101.782722473 -55.540382385 124.449935913
W 267.875183105 -84.051628113 -10.963395119
W 62.786846161 -61.922328949 70.767456055
W -16.058660507 -34.746719360 141.958557129
W -16947.826171875 -24834.912109375 19183.576171875
W 182.728591919 -83.289054871 211.693664551
W 279.050598145 -185.409667969 183.934478760
W 156.221328735 107.337722778 43.645881653
W -2983.190429688 -7506.352539062 -5375.899414062
W 243.362167358 -150.295104980 225.361099243
W 92.303062439 -32.410213470 59.447757721
W 22.148958206 -143.989685059 201.395141602
W 339.737854004 -90.543655396 164.224624634
W -14.475210190 -45.371101379 168.840103149
W 339.329864502 -56.342430115 187.912979126
W 184.391555786 -156.434555054 -15.342422485
W 59.210346222 -93.780120850 -8.996141434
W 271.700836182 -16.782480240 280.089904785
W 340.098907471 -86.770271301 106.003852844
W 110.251182556 -227.862365723 141.509368896
W 214.504379272 -132.954727173 293.371704102
W 168.774444580 -211.580184937 45.754386902
W 320.052307129 -64.671104431 42.660522461
W 116.538368225 -208.934310913 129.692504883
W 69.729499817 100.387542725 99.804748535
W 310.053405762 40.919727325 73.224418640
W 145.745635986 100.539367676 221.569183350
W 250.453598022 -197.250961304 66.878135681
W 167.777099609 -123.916206360 298.621398926
W 305.332244873 30.545917511 196.663665771
W 175.281295776 -185.337051392 263.541107178
W 68.241615295 -176.427932739 41.915954590
W 234.873748779 -219.385787964 108.673080444
W 176.016113281 -52.735382080 -49.631416321
W 90.615425110 -14.291163445 -27.563499451
W -3.648967028 -32.908023834 67.494476318
W -127.176216125 45.034492493 178.158828735
W 216.050872803 81.738945007 250.061813354
W 266.346191406 -178.504623413 53.321304321
W 66.240760803 -195.433609009 191.375488281
W 16.009668350 -57.830326080 30.035287857
W 161.428558350 -221.945129395 69.591827393
W -2530.653564453 3755.048583984 7182.850097656
W 139.801025391 69.876693726 269.569183350
W -11598.705078125 32521.744140625 -2851.749755859
W 223.788665771 -107.523818970 -27.720825195
W -4.255605698 7.664360523 101.546844482
W 37.139972687 77.528335571 130.157058716
W 316.482910156 -142.910003662 119.130050659
W 172.952590942 -51.162311554 233.842132568
W 211.509490967 61.016952515 -1.690841556
W 14.095858574 -7.889622688 226.705947876
W 10491.755859375 3840.273193359 -6465.059082031
W 187.187591553 -234.336898804 142.200088501
W 68.450119019 -69.113777161 -19.352735519
W 242.608764648 -91.401763916 296.435546875
W 335.472930908 -2.527541399 94.659072876
W 272.887603760 69.203826904 222.729598999
W 117.717926025 117.738975525 184.617599487
W 123.286079407 -125.382057190 -29.078994751
W 838.823852539 -2187.325927734 -1063.199218750
W 146.332824707 -191.034454346 38.152576447
W 155.329132080 -200.805236816 25.910688400
W 164.997665405 -176.201889038 -2.070814133
W 10.297235489 -142.661514282 105.558486938
W 179.849639893 124.161338806 184.372940063
W 267.176483154 98.785865784 158.740142822
W 231.610260010 -160.986938477 3.298252344
W 69.195739746 81.811523438 53.155689240
W 224.275802612 83.756408691 110.676765442
W 244.245407104 -215.612548828 151.378204346
W 53.278327942 -153.603378296 241.136215210
W 114.779518127 103.618591309 218.004455566
W 5860.761718750 -6956.313476562 -690.497741699
W 264.450775146 -200.879867554 163.481033325
W 42.257564545 46.562957764 230.170379639
W -417.723236084 -48.013618469 -2241.286621094
W 175.304000854 111.997512817 216.731674194
W 328.511993408 -114.047035217 92.345069885
W 220.579696655 110.869590759 202.840209961
W 206.086151123 -183.243927002 22.307569504
W -11908.966796875 9265.958007812 -12990.603515625
W 62.221435547 -67.553405762 286.855346680
W 222.954315186 40.909839630 282.024383545
W 9.826811790 -90.703613281 222.474746704
W 169.024734497 129.226882935 112.186622620
W 103.317596436 113.879447937 89.187080383
W 210.459167480 -1.856129289 -35.622158051
W -10810.974609375 5045.782226562 -9337.899414062
W 91.667495728 115.576049805 144.930725098
W 48.213005066 -184.183929443 88.749702454
W 100.857170105 -42.973243713 307.210418701
W 270.530181885 -109.722282410 274.379425049
W -8.252135277 -104.540496826 157.048477173
W 199.171188354 128.088256836 132.857833862
W 314.753723145 -131.177398682 74.749786377
W 177.554656982 -165.174011230 3.940938473
W 301.928863525 -132.190826416 227.092147827
W 282.823181152 80.829933167 184.129272461
W 21.434179306 -41.709590912 247.200332642
W 245.879302979 -73.948554993 -26.692298889
W 294.571350098 -158.113739014 69.160552979
W 22117.972656250 -26870.919921875 34130.390625000
W 1411.552001953 -934.971008301 717.061462402
W -10175.486328125 1184.944213867 6107.081542969
W 3487.954589844 -8836.476562500 -1934.588012695
W 245.945327759 86.419136047 44.398609161
W 236.548858643 -211.402908325 190.210372925
W 8.322911263 -136.305404663 172.139678955
W 109.839698792 75.989616394 253.798828125
W 329.237701416 9.333993912 191.753112793
W 57.907424927 -136.133682251 246.264434814
W 119.471168518 -222.847137451 184.018371582
W 47.305408478 13.309582710 10.638256073
W 290.892425537 4.412467480 248.353103638
W 249.800811768 42.032489777 268.575347900
W -8178.690429688 5142.639648438 -284.419738770
W 105.396133423 70.363487244 12.173262596
W 219.130416870 -38.230064392 -39.439525604
W 36.606632233 35.702518463 227.928497314
W 235.246200562 -211.607788086 80.855117798
W 158.017028809 -82.027809143 70.462509155
W 241.340225220 113.706703186 155.295837402
W 270.803924561 -53.970291138 -13.100112915
W 132.781158447 126.297393799 161.651962280
W 121.160369873 311.757781982 34.460628510
W 1216.062377930 1382.603637695 403.749511719
W 228.884231567 -44.804347992 306.365539551
W 74.854515076 -109.599891663 229.010330200
W 121.161170959 50.071331024 -10.855548859
W 17480.601562500 33970.148437500 16193.208984375
W 292.103729248 -1.711495519 12.741949081
W 112.446510315 -157.231079102 -6.952422142
W 143.104629517 127.936935425 110.897193909
W 45.987922668 -48.853862762 176.004104614
W 279.907958984 -99.660316467 242.112182617
W 275.934844971 -175.244598389 213.830200195
W 153.152175903 79.014854431 36.270484924
W 536.462951660 588.064392090 14.188301086
W 329.135284424 -59.179546356 214.607223511
W 325.655700684 -90.934013367 63.179595947
W 155.004867554 7.372706890 242.051834106
W -851.218322754 1067.857666016 2255.155273438
W 262.515472412 -105.837936401 1.922212124
W 151.462142944 28.335468292 -29.077789307
W 15.951434135 -105.038909912 42.648197174
W 19.589883804 -160.983291626 121.029388428
W 216.425643921 122.609169006 163.002441406
W 115.904037476 -97.658859253 -35.934886932
W 246.928421021 96.506278992 193.031158447
W 214.856781006 -194.121551514 30.450160980
W 278.066345215 14.776292801 39.028739929
W 344.474639893 -21.317880630 129.312286377
W 180.101333618 50.095439911 235.463470459
W 162.935226440 -207.479003906 211.287246704
W 164.995513916 -53.140186310 133.235671997
W -2867.796630859 26352.716796875 -33669.714843750
W 59.883396149 -172.446228027 225.481109619
W -4114.918457031 -7190.958984375 -331.199890137
W 296.425201416 38.030838013 42.240634918
W 65.946739197 16.835880280 174.998535156
W 287.511383057 -84.802406311 268.235626221
W 108.297241211 -150.758804321 280.323333740
W 11586.766601562 -709.585937500 -2859.535400391
W 32.125968933 -121.275001526 61.129489899
W 146.604934692 -67.602958679 317.264373779
W 266.031616211 -166.983093262 39.170822144
W 257.394958496 105.141426086 115.977455139
W 7592.279785156 8704.873046875 16600.880859375
W 75.542549133 -188.569717407 218.281021118
W 344.270751953 -48.815254211 165.371429443
W 272.786895752 -122.925117493 7.383900166
W 345.537445068 -66.266387939 144.653564453
W 82.678482056 51.856033325 212.790145874
W 26.302291870 66.813285828 141.200271606
W -1015.482604980 1028.424316406 851.748352051
W 281.988250732 -39.924835205 -3.557007074
W 337.269561768 -105.727256775 130.125137329
W -7448.640136719 -2819.470458984 6714.930175781
W 207.664505005 -227.633605957 164.257064819
W 160.552047729 39.911048889 292.451049805
W -1290.386840820 120.451774597 2292.831054688
W 293.830383301 -138.929626465 44.333755493
W 264.931915283 -169.004577637 229.785491943
W -18431.345703125 5803.797363281 3699.712402344
W 300.230957031 49.242412567 209.654327393
W 123.408683777 -61.597072601 -44.302478790
W 269.191406250 94.062179565 98.091575623
W 323.282745361 -49.889141083 69.398597717
W 135.655181885 -72.164657593 111.250404358
W 72.357322693 -202.530746460 95.322639465
W 197.166183472 -218.748291016 104.282402039
W 5.630725384 -139.041595459 144.037841797
W -12.842438698 -92.019485474 127.214813232
W 135.701797485 94.860969543 241.678558350
W -7035.082031250 6407.197265625 -1877.379028320
W 280.675018311 -18.194322586 -2.939158201
W 138.662994385 14.484661102 302.819824219
W 88.777648926 -216.577911377 140.721374512
W 151.137985229 71.148475647 0.838453054
W 283.312805176 -144.607711792 242.120437622
W 7.949258804 37.917915344 111.301910400
W 69.681587219 -131.937149048 270.587768555
W 125.332244873 117.201538086 76.683624268
W 82.278182983 -44.878124237 -28.210523605
W 214.632141113 -67.955375671 310.311492920
W 233.621627808 -143.824783325 97.149421692
W 162.876281738 -206.530548096 236.749511719
W -15.564537048 -80.773780823 151.534790039
W 4012.264160156 6215.394042969 -1752.607421875
W 178.288955688 93.596389771 23.305095673
W 256.981475830 1.823599219 -15.133015633
W 147.577804565 119.655380249 197.563552856
W 149.629180908 -168.635635376 277.217834473
W 213.671661377 64.860847473 267.637329102
W 87.114151001 -118.934036255 -17.432239532
W 292.261596680 74.127685547 97.363647461
W 202.366348267 -149.638244629 113.879112244
W 198.028137207 105.172592163 224.228546143
W 42.120677948 -124.817085266 19.469255447
W 106.783081055 -16.066974640 304.856170654
W 193.389221191 47.650611877 -15.682181358
W 25.786252975 -19.999530792 21.104688644
W 172.640701294 118.396553040 67.426116943
W 183.559417725 7.340057373 -37.629146576
W -12081.625976562 11049.497070312 2484.077392578
W 68.163452148 38.964366913 261.221984863
W 38.121097565 -55.917346954 3.746876478
W 12536.625976562 5709.024902344 -188.956481934
W 1151.464477539 1734.328735352 1740.369873047
W 338.084045410 -5.569148540 173.351547241
