533

W 2790.253906250 718.991271973 -2371.587402344
W 287.309814453 -52.583122253 -13.849584579
W 81.679519653 -96.979789734 -49.300998688
W 123.501029968 44.857120514 96.027275085
W 0.907885730 -173.610473633 57.747478485
X -10.160341263 -140.898513794 75.259391785
W -2507.735839844 2043.426269531 19.785961151
W -2795.888183594 131.432876587 -6038.093261719
W 184.491943359 -3316.914306641 -31647.320312500
W -4.602664948 -84.680976868 112.554420471
W 262.442443848 -221.673355103 220.644424438
W 881.784423828 -725.784118652 -172.763671875
W 86.439727783 32.064323425 140.944488525
W 2207.904785156 936.038818359 1520.795166016
W 306.369873047 -167.022964478 203.232894897
W 5898.853027344 -1373.848999023 13283.457031250
W 141.732696533 -120.182746887 -78.610641479
W 204.299163818 35.918102264 19.622381210
W 300.927398682 -719.299011230 -2302.510986328
W 83.528144836 -229.055679321 221.148330688
W 246.221282959 2494.864990234 894.166687012
W -9.259139061 -92.727027893 81.050712585
W 174.241043091 -106.976188660 -80.530334473
W 11267.852539062 8894.372070312 -396.019531250
W 156.827911377 -148.818206787 66.318450928
W 96.021179199 42.701019287 77.215934753
W 67.438583374 -205.167877197 -24.745714188
W 3623.142578125 377.659027100 944.297485352
W -3306.524902344 1861.260864258 903.897216797
W -1193.449340820 1490.811645508 -5130.431640625
W 175.563659668 -291.333648682 172.342376709
W -3.568614483 -131.676086426 48.689868927
W -2046.053710938 -570.624023438 434.400207520
W 85.209388733 -0.889417291 25.283575058
W 15.877470970 -42.631015778 39.159843445
W -407.148284912 -431.670379639 -337.577819824
W 559.244750977 1097.614379883 2354.126464844
W 288.147827148 -256.916351318 67.321754456
W -6.058535576 -98.020439148 146.982879639
W 2584.428710938 -276.124542236 -313.529266357
W 37.683364868 -87.011871338 201.316024780
W 259.121582031 -123.209831238 251.294921875
W 240.982818604 -213.211563110 209.050186157
W 127.625503540 2.642168045 -25.378408432
W -10759.598632812 3681.657714844 122.595771790
W 109.186042786 -195.706741333 255.445877075
W -25722.679687500 33958.210937500 21575.863281250
W 183.810913086 -290.644256592 49.398002625
W -485.388946533 1370.623413086 1053.657226562
W 7241.154296875 3812.083007812 -383.884857178
W -2779.002929688 2222.689697266 -50.937862396
W 319.666748047 -160.652496338 186.361419678
W 288.474029541 -71.365814209 216.375854492
W 268.429534912 -34.154609680 -23.758016586
W 158.155822754 -298.934753418 60.733352661
W 186.581542969 52.587215424 63.052131653
W 243.895629883 -251.785400391 205.862213135
W 292.961334229 3.386558056 85.571701050
W 2517.058349609 1626.245483398 -1391.250244141
W -35758.246093750 8806.983398438 -27562.810546875
W 263.780883789 -147.734252930 247.655075073
W 189.871505737 -188.633178711 -1006.716064453
W 938.985473633 251.624755859 -1024.695678711
W 223.244400024 15.363863945 -4.521287441
W 300.491668701 -2.948822021 116.150756836
W 84.099784851 -11.957194328 211.449127197
W 153.069625854 -302.368896484 78.665168762
W 76.166069031 -18.975311279 121.371925354
W 40.068061829 1.936509967 59.549522400
W -1.142707467 -52.877986908 112.055160522
W 48.890048981 -136.723327637 141.550369263
W -3047.943847656 2148.417236328 817.263549805
W 52.738582611 -7.742667198 178.724075317
W 283.790466309 -251.174377441 47.850074768
W 282.444824219 2.085268736 34.751514435
W 303.965454102 -58.055713654 189.401809692
W 85.749557495 -182.426284790 251.440444946
W 128.084014893 -44.825222015 -58.324127197
W 92.362304688 -227.760696411 -23.644334793
W 188.976089478 -210.792526245 258.210418701
W 3335.406982422 -10392.331054688 19491.662109375
W -2360.182373047 -2865.990234375 -5480.424316406
W -722.510009766 -927.827209473 -909.817077637
W 53.647300720 -236.973556519 21.869840622
W 194.610137939 -78.006187439 267.912811279
W 323.431854248 -67.767837524 25.585424423
W 12.611647606 -139.629287720 192.031524658
W 152.747085571 8.610945702 -27.243387222
W -928.779907227 -1146.636962891 -3727.360107422
W 210.493804932 -46.220561981 -60.790176392
W 215.515686035 -74.071395874 51.318614960
W 241.899047852 42.671314240 100.863349915
W 23532.357421875 -8022.215332031 -25570.994140625
W 24.266515732 -99.650352478 14.176474571
W 253.677612305 13.893043518 175.801254272
W -1.254994392 -90.021697998 42.361339569
W -10727.895507812 -43886.277343750 5601.636230469
W 251.719955444 -85.771400452 249.995925903
W 100.596069336 -64.809753418 -58.773448944
W -3760.473876953 1128.193725586 756.674804688
W 312.013977051 -110.993850708 -9.219191551
W 4845.786621094 -644.569519043 3623.759277344
W -4576.217285156 10042.197265625 9961.225585938
W 279.798248291 -39.428184509 206.197448730
W 46.623809814 -101.355957031 233.764617920
W 2654.691650391 -3624.347900391 -4026.764892578
W -60.143810272 62.482082367 -165.557769775
W 172.613494873 19.369247437 203.993423462
W 302.187652588 -132.623001099 214.153503418
W 179.141983032 -4.245844841 228.874298096
W 211.448684692 -96.347389221 114.730567932
W 58.697704315 4.509591579 164.386169434
W 318.632812500 -192.782745361 169.923324585
W -66.286888123 858.115844727 1077.009887695
Q 179.138687134 53.329532623 130.320175171
W -1479.163940430 -423.432922363 1666.901245117
W 169.272903442 -165.364654541 271.291534424
W -823.042602539 -44847.023437500 -10976.839843750
W 237.889266968 11.360032082 178.245071411
W 135.507736206 614.786132812 1345.654174805
W 238.077484131 -207.612945557 244.308456421
W 155.178314209 -172.242599487 -73.917709351
W -648.941528320 3722.785888672 4441.523925781
W 297.673706055 -147.638671875 -25.119459152
W -30519.443359375 -23576.355468750 -27308.417968750
W 17.043384552 -197.637573242 39.162876129
W 62.238567352 18.803827286 136.840805054
W 71.849342346 -61.115184784 -41.514533997
W 345.986083984 -121.373855591 73.227569580
W 329.693328857 -205.422775269 88.445037842
W 105.259498596 -162.479705811 -64.360130310
W 163.827331543 -211.061538696 -57.335494995
W 50.420452118 -258.074554443 128.735946655
W 107.934646606 -268.694183350 193.383468628
W 38.709308624 -144.058837891 225.744003296
W -2246.809082031 -12875.864257812 4129.661132812
W 189.614059448 -50.177806854 258.021301270
W 213.689254761 47.026626587 56.000141144
W 8429.194335938 -7514.668457031 -1845.693603516
W 125.455375671 -287.973937988 42.100700378
W 215.771423340 -263.924743652 207.174453735
W 280.381500244 -11.919067383 8.997337341
W 124.279411316 -135.656585693 274.712524414
W 144.121124268 41.668205261 30.410467148
W 203.875793457 -139.329635620 88.098800659
W 18480.128906250 -6288.551757812 -26938.314453125
W 122.324165344 -88.358299255 -71.953491211
W 221.429306030 302.167785645 -5169.129882812
W -12058.158203125 -3308.708251953 2948.562744141
W 167.614074707 -215.427413940 189.604400635
W -8243.193359375 -6125.092773438 -1434.919799805
W 294.326660156 -178.302490234 -17.735755920
W 102.017707825 -283.510284424 150.421829224
W 3730.860107422 3347.603271484 720.247253418
W 204.615737915 -200.090774536 12.497738838
W 310.049987793 -228.884780884 142.723846436
W 34.538196564 -185.854095459 205.839996338
W 177.449325562 -128.923019409 277.573913574
W 32.460723877 -49.031352997 3.012828350
W 332.609802246 -113.065536499 24.927696228
W 182.917938232 -114.409019470 107.711387634
W -1354.857788086 1081.850708008 -1523.983520508
W 150.496994019 -288.748535156 120.361053467
W 136.209655762 -253.370788574 -18.255331039
W 257.095916748 -273.562530518 153.484924316
W -1110.930053711 -1238.176879883 -113.158927917
W 306.149658203 -239.095169067 112.331573486
W 313.843963623 -18.413740158 80.858291626
X 296.685699463 -250.035720825 102.705062866
W 52.346923828 18.424423218 100.968444824
W 211.480239868 -293.107727051 147.824401855
W 91.678230286 14.942671776 183.308547974
W 341.719635010 -80.043548584 110.600746155
W 152.006515503 -225.167251587 251.473175049
W 104.273544312 -218.108581543 101.362892151
W 32.809574127 -60.761505127 204.436508179
W 1737.263061523 1189.612426758 1646.491699219
W 107.596633911 -153.780044556 246.192779541
W 237.455413818 39.441856384 58.027366638
W 218.709609985 -296.981842041 89.907646179
W 160.112884521 -130.797470093 125.509834290
W 324.151275635 -86.900466919 174.036865234
W 5.132278442 -192.798416138 89.633468628
W 75.152023315 -26.962020874 -24.896121979
W 199.459350586 -278.884796143 15.315817833
W 202.934982300 -214.264816284 -52.113788605
W 4385.548828125 10514.222656250 14206.888671875
W 150.254104614 -305.121978760 113.467689514
W -3936.838378906 -2751.736083984 -2479.490722656
W 12.837841034 -46.823181152 110.145713806
W 191.546463013 -155.057128906 -60.285190582
W 329.793701172 -199.235260010 121.237907410
W -2815.298339844 3431.851074219 2068.305419922
W 4977.666015625 -10052.975585938 -2794.951660156
W -18215.035156250 23145.083984375 18892.220703125
W 327.373352051 -49.237529755 57.039646149
W 102.597206116 -67.451179504 254.595077515
W -332.341827393 3077.540527344 2790.927734375
W 295.218750000 -248.854614258 79.170051575
W 332.104614258 -169.844268799 155.566253662
W 98.044975281 -86.395423889 44.313919067
W 160.818069458 -218.361343384 -740.907348633
W 142.824249268 -27.295032501 238.558303833
W 249.384613037 25.050579071 32.834712982
W 215.882110596 -48.097621918 250.939880371
W 263.843750000 -272.372344971 78.645965576
W -142.218017578 -852.956481934 -157.577682495
W 242.750427246 -38.496658325 -43.203586578
W 141.901702881 -129.886169434 196.732223511
W 314.238159180 -28.138824463 137.561370850
W 140.344741821 -196.917022705 263.533996582
W 113.972175598 -255.499618530 213.272171021
W 295.304534912 -109.518920898 222.026550293
W -575.543273926 -10516.822265625 -4636.076660156
W 314.677825928 -78.244354248 2.764088154
W 45.097209930 -251.100662231 112.131561279
W 157.724395752 -153.530151367 32.223308563
W -1623.723022461 -528.788879395 -1646.245239258
W -189.528167725 -173.996994019 -1972.378540039
W 161.671905518 -177.641586304 273.384429932
W 82.410827637 -130.635055542 248.739547729
W 5858.932617188 2947.519287109 200.517089844
W 196.174362183 -167.797561646 -74.358024597
W 143.959487915 -281.351379395 188.605300903
W 263.934997559 -227.276550293 -12.718465805
W 84.520942688 -279.040435791 147.152343750
W 1463.882812500 -2296.774658203 -21.741079330
W 138.174575806 -668.837219238 2249.753662109
W 5.746456623 -2576.881347656 570.873168945
W -3682.417480469 20570.615234375 -48857.824218750
W 317.632171631 -104.141342163 192.189575195
W 236.542861938 -80.375541687 -63.075180054
W 227.907882690 -90.658363342 260.929901123
W 180.337615967 -97.327171326 274.124816895
W 15.973296165 1426.626342773 126.627258301
W 151.007110596 -301.487976074 140.045745850
W 5.588598728 -142.500000000 24.038032532
W 67.160453796 -80.062950134 242.602737427
W -160.237670898 -26.443233490 -175.290084839
W 103.885040283 26.057373047 13.996882439
W 300.585083008 -221.606628418 158.861877441
W 35.171512604 -14.701433182 35.235332489
W 25.968559265 -227.477615356 141.676651001
W 95.359474182 -122.685760498 206.165222168
W 8.339369774 -60.903133392 160.472747803
W 52.003837585 -173.825866699 230.936462402
W 3650.647705078 827.482971191 -1812.298461914
W 199.761810303 13.035939217 -17.109104156
W 461.083007812 1622.069824219 2050.203369141
W 22.325298309 -60.414165497 12.663978577
W 33147.703125000 15278.649414062 3944.010986328
W 2697.169189453 -8614.145507812 -7712.045410156
W 6.700295448 -94.041099548 181.679260254
W 157.209411621 57.224800110 104.002052307
W 204.773757935 -287.671173096 171.063751221
W 74.240493774 -5.427615643 -7.164406776
W 308.017333984 -187.952819824 5.880617619
W 213.075759888 -174.794876099 266.029418945
W 26.519231796 -164.126831055 -4.801543713
W 81.304428101 -15.921396255 57.733028412
W 124.944030762 -276.751312256 23.664266586
W 188.222320557 -265.584320068 215.211990356
W -6985.160156250 172.887878418 4774.554199219
W 31.103761673 -227.367477417 51.991630554
W 339.882781982 -133.369766235 44.510746002
W 137.327453613 -148.825225830 58.756111145
W 116.178215027 -43.080215454 249.887512207
W 328.541290283 -40.804866791 99.841079712
W 102.197914124 -255.016250610 -2.336970806
W 48.871452332 -111.461036682 -36.033332825
W 343.147338867 661.799194336 1697.541015625
W 88.619079590 -282.439819336 75.067901611
W 96.230941772 -274.520782471 35.856311798
W 57.711124420 -24.134893417 -0.950453877
W 309.664031982 -52.615386963 105.431076050
W -3360.392333984 -16525.453125000 8567.769531250
W 84.404647827 -52.539703369 241.751434326
W 32.303718567 -210.570602417 183.262100220
W -595.732604980 -1518.623168945 -1058.225585938
W 331.124572754 -102.076622009 69.602653503
W 2761.685791016 11905.183593750 7797.283691406
W 458.069976807 964.652832031 2330.862792969
W 6.127861023 -179.888412476 158.475418091
W 244.553482056 -8.597847939 -18.547801971
W 249.330780029 -188.711303711 -47.995231628
W 12.958763123 -35.339027405 139.148818970
W 149.306640625 -90.674301147 273.326660156
W 241.583572388 -64.886337280 191.980743408
W 176.437210083 -123.009513855 61.269931793
W 5972.025878906 -489.340820312 231.787017822
W 72.302627563 -272.128814697 69.143150330
W 1676.378417969 -2534.669677734 -150.149185181
W 43.072753906 -211.242996216 4.158775330
W 160.087066650 -74.458511353 -75.007438660
W 4105.626464844 -651.400146484 3592.749023438
W 51.333793640 -260.299316406 92.929168701
W 219.660614014 -240.333663940 230.778121948
W 138.981597900 -252.733764648 227.940979004
W 235.081329346 -127.319648743 -60.645668030
W 169.652191162 -19.368551254 -51.528347015
X -5.620766640 -153.393615723 142.879135132
W 21.684080124 -19.628805161 127.002357483
W -2716.162841797 -334.611236572 -778.462280273
W 251.248153687 -162.143890381 -36.536354065
W 3128.925292969 328.281066895 2083.965820312
W -12.988905907 -112.334159851 108.811355591
W -16868.179687500 -24690.980468750 19075.062500000
W 835.140441895 -968.373229980 2322.975341797
W 277.921661377 -261.432250977 144.289703369
W 158.048553467 33.326805115 5.824280739
W -3992.327636719 -9845.740234375 -7133.459472656
W -86.181823730 261.988739014 -212.470306396
W 2728.445068359 -787.590393066 2879.431640625
W 25.357295990 -213.290161133 160.284057617
W 340.156524658 -167.288406372 122.657562256
W -11.151000023 -125.131500244 129.095733643
W 339.656005859 -127.737442017 148.701599121
W 181.300933838 -225.117965698 -36.330665588
W 67.869117737 -171.059127808 -42.309753418
X 272.877014160 -84.089859009 235.285552979
W 340.511047363 -162.959930420 65.859680176
W 111.181854248 -294.992706299 96.628974915
W 211.566925049 -205.016571045 255.031250000
W 169.880386353 -267.026641846 13.828474998
W 321.108795166 -137.429580688 5.009958744
W 145.619644165 -193.182342529 86.172424316
W 64.775505066 23.014312744 60.581409454
W 309.821960449 -32.909694672 31.340404510
W 161.107986450 -40.893402100 144.713973999
W 247.166366577 -265.626403809 22.751029968
W 179.152755737 622.574401855 -1386.874877930
W 232.337173462 -81.508262634 130.736999512
W 170.198959351 -244.914627075 211.595504761
W 72.096504211 -242.705825806 9.848935127
W 231.024230957 -288.664093018 63.287048340
W 175.790130615 -136.337127686 -80.787170410
W 86.251396179 -94.613609314 -61.411693573
W 0.512630045 -108.513458252 31.102712631
W -3870.759521484 1198.437011719 614.754150391
W 219.511093140 8.837897301 206.142456055
W -762.131774902 1054.402587891 844.016784668
W 74.818710327 -265.971923828 145.928268433
W 22.019063950 -137.869338989 -4.542966366
W 166.122573853 -288.668426514 27.891244888
W -3551.303222656 5189.632324219 9880.956054688
W 142.099334717 -7.690076828 232.119277954
W -11573.829101562 32452.062500000 -2863.940429688
W 222.126068115 -188.386947632 -60.088520050
W -3.075161695 -72.354690552 64.027503967
W 44.634441376 -5.355725288 99.352203369
W 276.390014648 -194.596115112 83.827758789
W 191.504074097 -320.373779297 2120.939697266
W 213.493606567 -15.452202797 -41.306686401
W 15.205697060 -88.521705627 188.713653564
W 12655.184570312 4667.183105469 -7885.553222656
W 182.344314575 -303.637939453 97.248703003
W 76.514945984 -148.826995850 -53.485584259
W 241.359497070 -166.278808594 257.618133545
X 338.270538330 -78.047416687 56.797954559
W 273.082244873 -6.302434921 180.683532715
X 120.935417175 43.331668854 148.046020508
W 130.911041260 -196.333358765 -60.331951141
W 1850.439819336 -5407.252929688 -2864.946533203
W 447.811981201 2070.928222656 1579.094848633
W 162.551605225 -267.753631592 -6.959783077
W 171.852798462 -242.647857666 -35.494167328
W 32.812915802 -208.809570312 69.780754089
W 183.779617310 48.654552460 147.680145264
W 267.318115234 24.240804672 123.646987915
W 225.420883179 -235.826049805 -28.801773071
W 70.976272583 7.900955200 14.024754524
W 364.265594482 246.872329712 73.972396851
W 244.261108398 -287.729553223 109.120559692
W 53.832653046 -220.142654419 198.431442261
W 119.345298767 29.010337830 179.105056763
W 7882.110839844 -9389.264648438 -964.651672363
W 248.764282227 -250.250289917 118.898391724
W 41.116622925 -31.710800171 191.434509277
W -1318.974487305 5.310180664 -5998.949218750
W 181.239242554 37.132900238 177.568435669
W 328.385559082 -191.841217041 53.959445953
W 224.132034302 33.892883301 166.531250000
W 424.511230469 -1080.583862305 -738.307373047
W -12991.166015625 10108.437500000 -14194.381835938
W 64.072692871 -138.864608765 249.394561768
W 226.423553467 -35.831558228 239.703018188
W 11.210593224 -161.820434570 182.787597656
W 170.367416382 57.358184814 77.200958252
W 102.715156555 40.565631866 52.217067719
W 211.414749146 -77.619148254 -71.051170349
W -12524.195312500 5834.682617188 -10844.075195312
W 91.434547424 41.193237305 107.550003052
W 54.998107910 -253.776412964 53.190319061
W 100.134803772 -123.637687683 268.285430908
W 268.836975098 -184.292251587 235.204254150
W -2837.281738281 -1059.418457031 538.710083008
W 201.590545654 53.780113220 99.553283691
W 312.501495361 -208.675994873 33.887805939
W 187.307525635 -362.528686523 -174.261993408
W 301.158874512 -210.889251709 185.603088379
W 283.345855713 3.725107193 146.456939697
W 22.198909760 -119.466613770 208.576141357
W 246.924819946 -154.804550171 -61.869625092
W 286.925903320 -236.943389893 24.796390533
W 21246.826171875 -25812.333984375 32784.695312500
W 4358.774414062 -3073.185058594 2119.961669922
W -12609.318359375 1457.203613281 7513.074707031
W 4554.826660156 -11678.475585938 -2596.912841797
W 250.266189575 9.516699791 5.961259365
W 238.325332642 -284.458557129 148.561325073
W 11.511637688 -207.205322266 131.240600586
W 112.758987427 3.386727571 211.538162231
W 324.839477539 -60.658748627 154.625244141
W -42.973953247 -284.895111084 309.757354736
W 119.479698181 -293.963714600 140.483642578
W 47.174854279 -60.064868927 -21.380575180
W 247.126037598 -79.796447754 165.739486694
W 254.723617554 -36.006477356 224.969589233
W -10776.943359375 6766.835449219 -446.533966064
W 106.364089966 -4.445253849 -25.007593155
W 223.696319580 -119.163238525 -74.468582153
W 55.932376862 -51.368755341 178.600875854
W 231.935226440 -279.307128906 35.877109528
W 528.666259766 765.741821289 2457.850097656
W 235.505706787 22.192430496 117.988777161
W 271.339874268 -130.116928101 -51.208637238
W 135.348327637 52.359127045 124.727340698
W -315.462158203 4075.307128906 -1104.383666992
W 3449.933837891 4503.981933594 940.020324707
W 226.854721069 -116.543693542 266.729003906
W 1086.891357422 616.363403320 -943.713317871
W 122.881156921 -24.396558762 -47.404453278
W 17075.964843750 33187.605468750 15809.566406250
W 291.437652588 -72.082969666 -24.134384155
W 122.341194153 -225.536621094 -39.716640472
W 148.778854370 50.864875793 78.258438110
W -2986.277343750 -72.722824097 1200.338867188
W 1775.757568359 -899.362426758 1608.291381836
W 277.171813965 -247.673660278 174.753738403
W 205.176589966 -552.706298828 464.669158936
W 2421.442871094 3965.890625000 -713.789550781
W 327.876464844 -130.207977295 176.767303467
W 324.920104980 -167.157333374 22.697847366
W -113.132728577 1785.575927734 3730.368164062
W -2322.967041016 2675.954589844 5369.413085938
W 331.120208740 -260.628936768 -169.992950439
W 150.046813965 -50.699314117 -66.937973022
W 28.645307541 -183.708007812 3.876827002
X 24.793846130 -227.929641724 77.008750916
W 223.552764893 45.284664154 128.561279297
W 132.894485474 -166.732147217 -32.252883911
W 216.491744995 -38.944847107 133.491210938
W 209.309509277 -260.544708252 -8.196628571
W 1744.449951172 843.271911621 -1343.931396484
W 346.078765869 -94.367759705 86.864433289
W 48.192623138 -1187.948730469 -1002.956726074
W 90.134170532 -2204.417236328 1095.193115234
W -714.067138672 -1723.133178711 -3353.234619141
W -2790.111083984 25642.490234375 -32757.933593750
W 58.969406128 -240.549224854 187.122161865
W -5789.756347656 -9966.646484375 -510.127075195
W 289.528594971 -41.121044159 4.918725491
W 1377.018920898 -872.890686035 -461.577941895
W 287.152313232 -158.308166504 227.620971680
W 109.586303711 -220.939743042 243.848358154
W 14326.234375000 -872.769165039 -3590.761474609
W 117.147361755 -158.042633057 59.169418335
W 144.178100586 -143.697891235 276.890350342
W 263.181304932 -239.666244507 -0.244601473
W 261.761230469 31.306724548 78.871360779
W 8270.371093750 9486.220703125 18090.189453125
W 73.877853394 -260.242065430 172.902282715
W 344.963531494 -121.764900208 124.636947632
W 264.616088867 -200.734680176 -32.947330475
W 347.560211182 -137.611465454 105.197311401
W 149.378723145 -97.283691406 117.372138977
W 29.931894302 -1.646198750 105.993331909
W -3619.245605469 3433.319824219 2406.413818359
W 274.624023438 -117.626556396 -40.338977814
W 335.887512207 -184.651535034 87.661651611
W -9628.102539062 -3641.401855469 8612.028320312
W 206.958633423 -299.919403076 119.979156494
W 156.823379517 -34.057743073 251.806198120
W -3395.288574219 308.826446533 5457.692382812
W 274.306304932 -213.471588135 11.295268059
W 238.691268921 -209.582138062 165.590454102
W -20192.769531250 6341.334960938 4023.054443359
W 297.655883789 -29.248306274 173.725769043
W 128.564453125 -145.671020508 -75.097503662
W 262.016235352 3.336611986 66.514099121
W 253.208648682 -123.619712830 59.720695496
W 2551.655273438 817.604492188 1606.876708984
W 1081.739379883 1360.809326172 392.335052490
W 175.841934204 -202.500991821 73.467002869
W 8.567360878 -206.773437500 102.373115540
W -7.258968830 -166.352966309 95.309219360
W 136.471878052 19.565176010 199.186904907
W -9243.121093750 8422.937500000 -2546.968505859
W 281.440124512 -93.817924500 -40.019260406
W 137.518707275 -60.032100677 262.678375244
W 429.660339355 444.985565186 88.357086182
W 152.547744751 -17.974945068 -15.104547501
X 280.171539307 -221.877609253 202.295715332
W 6.940990448 -39.521507263 75.213531494
W 67.097061157 -199.694656372 230.677658081
W 123.818420410 43.058364868 38.944648743
W 84.638916016 -122.971908569 -60.799510956
W 208.419372559 -142.534698486 272.474151611
W 1232.292846680 -2059.458496094 -792.668395996
W 161.465377808 -278.199096680 197.565948486
W -6.919951916 -157.331466675 114.608444214
W 5672.317871094 8969.913085938 -2619.607910156
W 177.425033569 17.821956635 -15.583091736
W 258.816375732 -77.516761780 -49.316864014
W 150.490524292 43.960075378 160.271865845
W 150.712661743 -239.722702026 234.742477417
W 219.201324463 -10.756484032 224.671386719
W 97.737724304 -191.650772095 -49.846176147
W 292.868743896 4.262973309 62.609184265
W -519.735839844 2287.398925781 713.794555664
W 200.289611816 22.569875717 175.965667725
W 52.313056946 -196.817443848 -1.765602469
W 105.089355469 -99.035377502 266.585845947
W 195.035415649 -36.049316406 -41.330593109
W 26.902534485 -96.985267639 -12.462583542
W 171.002838135 45.043800354 28.794305801
W 182.573440552 -73.744400024 -74.093086243
W -13728.556640625 12551.103515625 2782.579833984
W 66.892982483 -36.338634491 220.290267944
W 41.508487701 -131.016799927 -29.104953766
W 14910.501953125 6812.659179688 -262.986419678
W 2611.518554688 4360.022460938 4088.626464844
W 335.657958984 -72.306289673 134.824356079
