533

A 402.478576660 -57.541446686 146.264617920
A 109.843528748 -200.416366577 432.822143555
A 354.134948730 -153.632797241 470.455139160
A 289.573577881 -319.215087891 293.371459961
A 445.221252441 -45.251071930 342.229583740
A 462.282775879 -106.042167664 307.792572021
A 333.044677734 -232.882553101 330.712219238
A 327.626983643 -117.197158813 469.892333984
A 352.540466309 -5289.927734375 -50460.882812500
A 457.674285889 -148.774658203 280.144012451
A 125.317497253 1.366652369 133.889648438
A 336.581390381 -83.862434387 419.112396240
A 329.837158203 -296.181671143 231.054840088
A 414.429138184 -29.977642059 401.110839844
A 73.556114197 -51.868106842 160.755996704
A 3471.166503906 -798.114074707 7659.839843750
A 270.989166260 -141.357360840 498.509490967
A 197.083084106 -295.089721680 386.138519287
A 103.542953491 -183.821228027 298.772430420
A 334.320068359 24.397659302 138.502563477
A 244.555145264 102.450347900 347.900695801
A 454.860412598 -145.430725098 317.892730713
A 231.379638672 -145.145614624 502.090362549
A 6319.684570312 4767.850097656 4.545511246
A 316.018218994 35.872241974 432.945098877
A 324.016571045 -311.161346436 320.431823730
A 359.224182129 -8.568223953 442.197082520
A 453.904083252 -73.947212219 338.634948730
A 431.915496826 -206.079208374 250.000823975
A 202.657913208 -56.205371857 103.994934082
A 222.868057251 93.354713440 199.950592041
A 450.949157715 -108.721794128 347.175231934
A 455.391113281 -62.905879974 246.670166016
A 337.234710693 -281.471252441 379.604278564
A 428.832183838 -205.039413452 347.168884277
A 90.976455688 -198.233200073 159.995620728
A 266.859771729 -3.344236612 478.239379883
A 105.088058472 59.527763367 306.632843018
A 450.199645996 -139.006256104 223.244125366
A 34.587642670 -111.108551025 333.081604004
A 400.583160400 -151.460464478 141.775695801
A 130.959915161 -106.755554199 96.811698914
A 153.281402588 16.336141586 127.275947571
A 297.128479004 -267.104003906 426.316650391
A -1179.776123047 397.474334717 298.789245605
A 315.378051758 -15.764884949 101.335289001
A -48617.863281250 64236.035156250 40827.839843750
A 216.406829834 97.977821350 342.409027100
A 153.949188232 57.606891632 397.124694824
A 148.622436523 -165.189743042 295.639709473
A 68.154983521 22.690168381 277.274200439
A 53.730941772 -63.220123291 188.364669800
A 95.267257690 -156.521652222 129.209793091
A 135.794189453 -220.638000488 438.641021729
A 265.281372070 105.290435791 323.600402832
A 219.772277832 -320.605926514 334.446441650
A 155.515777588 53.822822571 165.133590698
A 98.137123108 -269.697021484 301.836730957
A 81.407608032 -223.304733276 377.639678955
A -66845.445312500 16485.626953125 -51543.281250000
A 125.138015747 -76.015823364 104.868202209
A 243.660675049 -101.934188843 505.777557373
A 128.359298706 -184.031311035 454.073760986
A 182.533523560 -275.984771729 409.435577393
A 77.524673462 -252.014022827 281.452972412
A 342.777496338 -230.253295898 135.160202026
A 263.326049805 112.049705505 295.206848145
A 389.724670410 -268.071044922 249.536773682
A 396.803863525 -252.923568726 331.472015381
A 444.493194580 -191.887298584 286.857513428
A 442.645782471 -86.392753601 194.280960083
A 397.912261963 -177.213211060 227.481796265
A 377.991973877 -241.135482788 179.512557983
A 93.695388794 40.962917328 338.730133057
A 107.299896240 -263.298309326 367.869903564
A 60.256366730 -164.757354736 178.651229858
A 341.380737305 -39.354736328 105.298431396
A 289.141448975 -205.282546997 476.776397705
A 346.460327148 19.557996750 430.696258545
A 217.847122192 14.989005089 104.653030396
A 4118.432128906 -12608.415039062 23705.576171875
A 324.797454834 -14.522403717 464.971069336
A 140.712493896 -238.105606079 144.782806396
A 379.523254395 41.220230103 365.611022949
A 203.288177490 -167.088867188 79.709106445
A 51.708236694 -179.322723389 369.836120605
A 427.374359131 -88.235206604 167.188415527
A 251.189346313 -262.281219482 437.761108398
A 305.756713867 -45.022560120 486.647003174
A 191.408004761 -206.719345093 474.845306396
A 131.147079468 -243.045227051 415.060485840
A 166.416381836 -309.356811523 288.691009521
A 39720.625000000 -13540.319335938 -43147.671875000
A 428.254180908 -143.154846191 396.822723389
A 139.957489014 -272.629028320 190.939514160
A 444.408721924 -156.908508301 349.383056641
A -19941.337890625 -81737.984375000 10446.676757812
A 142.416992188 -154.217758179 95.920005798
A 316.614837646 -192.255630493 476.294494629
A 446.446563721 -171.776763916 235.033065796
A 72.114059448 -121.876937866 423.910430908
A 67.395416260 -88.776092529 163.251159668
A -2663.014404297 6127.106445312 6321.657714844
A 117.203201294 -218.744659424 148.298065186
A 383.188690186 -138.952529907 123.335327148
A 158.801361084 22.691314697 421.098663330
A 354.680328369 -224.332580566 430.631805420
A 225.266357422 -284.326934814 155.574981689
A 74.516921997 -93.947921753 140.593734741
A 220.426055908 -242.936172485 117.928291321
A 45.721210480 -195.390670776 238.383819580
A 363.595947266 -273.051208496 212.295166016
A 56.617092133 -23.177097321 207.522857666
A 293.746612549 -269.806671143 146.418563843
A 233.055130005 -326.941040039 252.782730103
A 404.397888184 -92.181266785 139.056915283
A 213.723968506 -54.311477661 75.227233887
A -1540.072631836 -83940.015625000 -20489.939453125
A 160.608993530 -273.766265869 170.762298584
A 282.160736084 -168.294357300 104.348800659
A 152.262634277 -14.322541237 110.619438171
A 237.011962891 -68.790931702 501.098815918
A 279.029296875 -235.764114380 145.106582642
A 83.415466309 -83.020843506 434.551849365
A -57561.449218750 -44494.171875000 -51513.578125000
A 435.705017090 -17.806003571 348.939117432
A 366.094726562 -282.755493164 241.135208130
A 351.372039795 -189.762130737 457.366424561
A 23.751016617 -100.471717834 302.595092773
A 49.480304718 -11.930068016 283.437561035
A 334.084533691 -81.586814880 484.084686279
A 222.266540527 -7.855108261 479.842254639
A 384.804870605 49.757652283 229.856277466
A 314.215667725 66.848083496 170.780212402
A 386.391418457 -85.713394165 121.272468567
A -845.228271484 -5989.116699219 2094.197998047
A 213.255645752 -200.724639893 87.511398315
A 197.053405762 -312.200439453 348.051177979
A 948.469665527 -763.348205566 109.422828674
A 297.525451660 93.491577148 341.077636719
A 178.505493164 65.011108398 164.881393433
A 113.916397095 -247.187316895 392.778991699
A 297.367919922 -81.067771912 72.645675659
A 267.793365479 -311.549530029 372.033599854
A 43.544792175 -26.870923996 314.233856201
A 30221.267578125 -10282.259765625 -43914.996093750
A 292.825500488 -163.786071777 493.280029297
A 269.641601562 -142.321121216 271.593536377
A -4101.626953125 -1221.433837891 1306.744750977
A 241.048706055 40.304409027 126.564651489
A 93.524345398 -218.219085693 258.749481201
A 82.515663147 -47.694629669 424.825225830
A 309.961883545 81.741973877 202.437347412
A 95.963142395 -261.786560059 258.534576416
A 155.524246216 31.220806122 434.163818359
A 67.397216797 11.620316505 230.872055054
A 403.562255859 -31.662189484 164.143432617
A 217.478332520 -105.363250732 64.402420044
A 393.869323730 -213.052505493 405.159637451
A 41.129852295 -129.650848389 368.844909668
A 74.613693237 -185.048278809 176.699737549
A 86.785102844 -25.699201584 171.235382080
A 256.907440186 108.652351379 241.134414673
A 285.901428223 59.011940002 419.826354980
A 138.722290039 66.773330688 209.074890137
A 85.430419922 -252.695022583 239.452438354
A 76.077758789 25.435600281 250.626434326
A 66.496330261 -231.371963501 313.869201660
A 99.925903320 54.005519867 262.612213135
A 372.146057129 -281.845733643 296.467498779
A 190.708129883 91.825775146 218.163665771
A 338.572937012 -276.972534180 184.629974365
A 33.348987579 -157.394638062 268.919555664
A 263.429901123 13.217930794 102.694694519
A 369.575103760 71.167137146 265.994598389
A 389.114471436 -181.531036377 143.579467773
A 386.196868896 3.866069555 406.711395264
A 323.967041016 -63.395969391 87.877151489
A 165.589294434 -303.829742432 348.285858154
A 176.188369751 97.224372864 277.768707275
A 299.276977539 -46.540771484 85.217773438
A 43.902172089 -133.866363525 196.903488159
A 444.037658691 -19.793804169 300.468963623
A 333.728393555 -220.399795532 450.292572021
A 198.488830566 84.685127258 374.417358398
A 184.079727173 -11.524738312 476.869537354
A 4205.552246094 9807.137695312 13421.209960938
A 264.373535156 108.289184570 268.901824951
A 93.748092651 -220.224822998 177.835403442
A 428.616973877 -222.319137573 285.324920654
A 195.774551392 -86.240455627 501.216613770
A 48.583835602 -19.584108353 247.128051758
A 383.805389404 -255.035736084 207.236785889
A 813.607055664 -1283.028564453 -60.988101959
A -30432.529296875 38745.371093750 31630.460937500
A 47.690006256 -196.969894409 331.992919922
A 325.430572510 -172.978240967 93.332214355
A 255.875106812 -269.646331787 137.790390015
A 80.901542664 35.179195404 304.919006348
A 41.931369781 -53.545219421 217.748703003
A 400.829589844 -187.995712280 415.954162598
A 248.650573730 -140.215316772 70.385612488
A 282.403869629 -224.593765259 101.487716675
A 150.401855469 -288.659912109 373.390533447
A 182.053436279 -191.883346558 95.861190796
A 126.505752563 73.058876038 295.247650146
A 174.066436768 -308.217132568 228.123840332
A 164.435684204 -214.416351318 459.892486572
A 297.099182129 -109.520729065 75.525634766
A 58.564540863 -223.233108521 246.990921021
A 285.458923340 -13.066794395 92.280975342
A 314.847259521 48.018508911 146.917633057
A 92.362403870 -108.580383301 125.119194031
A 171.281860352 -1382.918579102 -290.363067627
A 66.101142883 -161.378982544 404.699554443
A 405.137237549 42.276050568 263.472961426
A 266.013977051 -55.961284637 497.472991943
A 90.632766724 -136.435409546 136.263931274
A 278.387237549 -115.689201355 502.219787598
A 261.894775391 -34.895606995 77.534156799
A 343.779693604 -100.573112488 94.496635437
A 413.586486816 -18.081527710 275.673400879
A 201.529998779 -58.677753448 496.287414551
A 283.071197510 78.477027893 176.543807983
A 115.644989014 2.039337158 425.905487061
A 332.961486816 81.173767090 220.890625000
A 320.160034180 -305.933135986 262.735290527
A 243.750808716 -61.823040009 71.807533264
A 221.990203857 -309.134674072 283.913665771
A -7191.767089844 40203.613281250 -95459.375000000
A 57.411186218 -126.878562927 170.044891357
A 161.418533325 -168.360900879 478.449462891
A 169.644699097 -153.829223633 83.740020752
A 218.925003052 -148.450057983 70.218315125
A 215.747680664 108.138336182 289.285614014
A 255.886016846 100.095130920 218.054992676
A 442.812866211 -85.367004395 375.139556885
A 363.545623779 -161.221817017 110.667198181
A 415.919982910 -189.302993774 387.064636230
A 303.387878418 -287.267150879 393.749267578
A 82.662300110 15.308535576 205.860397339
A 392.117462158 -246.238708496 366.189697266
A 406.237884521 26.288185120 228.543090820
A 363.559020996 -123.140647888 104.276618958
A 430.323455811 -179.189682007 198.782409668
A 370.902252197 -46.232620239 118.670799255
A 53.576457977 -149.534011841 388.221496582
A 204.788757324 -264.642883301 434.236572266
A 271.134948730 33.827796936 449.512878418
A 429.628356934 -175.574539185 378.008178711
A 56653.210937500 26114.994140625 6794.760742188
A 720.056030273 -1701.638793945 -1132.097412109
A 435.562530518 -135.613784790 187.621780396
A 254.167327881 -325.263732910 278.451629639
A 191.187057495 82.285095215 189.487167358
A 336.293884277 -256.030120850 414.812500000
A 65.677627563 -34.471874237 394.311553955
A 176.483489990 -47.945739746 83.319862366
A 409.065216064 -68.501213074 423.159637451
A 371.062469482 -271.954223633 353.200561523
A 299.262023926 84.536552429 372.318389893
A 206.150970459 63.580738068 151.022735596
A 58.926799774 -100.929130554 403.612060547
A 410.768890381 23.358570099 338.254119873
A 35.896644592 -81.533416748 348.004211426
A 386.013702393 -43.405010223 440.397705078
A 313.233123779 -209.305389404 104.381484985
A 46.041057587 -204.662811279 298.863037109
A 325.930694580 61.620883942 398.122375488
A 383.618469238 -129.941177368 452.589263916
A 252.016616821 -20.206029892 488.270782471
A 330.238677979 90.088317871 315.108306885
A 329.721160889 77.237625122 361.623962402
A 372.837097168 -237.384613037 410.512359619
A 41.485546112 -193.137985229 276.442382812
A -3219.652099609 -16429.712890625 8625.858398438
A 342.689910889 -195.305740356 113.639549255
A 403.247711182 -1.949361563 180.044403076
A 131.862747192 -266.379425049 332.356506348
A 29.789882660 -139.765655518 323.972839355
A 1712.654785156 6675.087402344 4647.749023438
A 243.814834595 42.548435211 218.611557007
A 432.862915039 -29.869945526 206.667083740
A 162.025573730 -247.425598145 432.673034668
A 141.922149658 -30.839305878 467.880432129
A 426.053375244 -213.837600708 224.299011230
A 277.415588379 -151.059051514 74.708633423
A 133.796783447 -189.013977051 113.898269653
A 181.001663208 -149.332717896 492.370727539
A 38.327880859 -90.200164795 270.003936768
A 365.901184082 71.721588135 311.112396240
A 355.908538818 -294.110931396 272.279815674
A 394.494812012 12.812168121 386.477569580
A 256.759643555 -172.511810303 494.310546875
A 189.681350708 -105.465301514 197.292572021
A 386.715087891 55.059837341 295.165374756
A 185.836654663 34.814414978 130.337692261
A 283.242187500 53.837890625 142.586318970
A 150.402130127 -116.127532959 486.931243896
A 242.177032471 -227.265167236 467.891448975
A 444.741668701 -62.974655151 221.787384033
A 410.065216064 -243.724121094 248.719238281
A 446.318328857 -83.357337952 309.363067627
A 118.328208923 -70.060554504 463.364929199
A 428.228393555 -89.717948914 402.840606689
A 460.614105225 -119.072982788 282.308898926
A -28322.019531250 -41586.136718750 32131.976562500
A 200.971252441 -2.654505491 101.555564880
A 108.599983215 54.754989624 228.301834106
A 252.811431885 -292.788482666 400.162200928
A -1147.450439453 -3478.606201172 -2186.711669922
A 138.594039917 35.520256042 159.487472534
A 382.780395508 -154.032791138 445.754913330
A 412.559143066 6.046797752 206.108932495
A 36.843814850 -55.442745209 246.975646973
A 455.960754395 -109.986595154 244.894958496
A 32.059051514 -97.992721558 221.497116089
A 210.125701904 20.629543304 460.242095947
A 370.871368408 -62.852375031 458.320404053
A 122.061286926 -147.543441772 108.063972473
A 32.279560089 -60.670417786 321.206939697
A 303.387329102 102.078643799 263.265136719
A 180.047256470 -6.177594185 99.626083374
A 230.687988281 80.110908508 391.197296143
A 62.694637299 -77.112312317 405.744995117
A 301.254547119 100.009185791 299.268127441
A 350.539154053 -292.065826416 333.235534668
A 66.577239990 -217.485946655 354.346588135
A 257.085083008 -301.884826660 190.164489746
A 144.034515381 69.343994141 363.697875977
A 238.728668213 -11.188975334 85.028205872
A 64.052757263 -211.638168335 210.727340698
A 228.738082886 52.618392944 139.154312134
A 356.829467773 46.129554749 392.758514404
A 150.351028442 90.479110718 308.874145508
A 217.357788086 -110.685249329 502.565490723
A 325.698333740 -153.556579590 485.380798340
A 443.149414062 -128.270736694 369.512878418
A 450.952087402 -162.876998901 261.635467529
A 176.533203125 -264.549957275 150.809692383
A 116.610366821 46.035236359 378.423583984
A 364.485168457 56.692344666 214.372253418
A 418.787506104 -109.856353760 414.088073730
A 255.380050659 94.031639099 370.114501953
A -332.095672607 713.954833984 1767.297729492
A 270.107208252 -249.520126343 119.224212646
A -19248.953125000 54008.500000000 -4684.676269531
A 171.380661011 -46.329341888 481.740386963
A 443.236419678 -177.043457031 325.793182373
A 392.633026123 -261.728302002 301.433135986
A 63.766914368 7.004866600 316.151062012
A 235.332153320 -102.081161499 73.666305542
A 190.900497437 -243.204330444 449.797790527
A 421.692779541 -157.230407715 168.080337524
A 8999.749023438 3191.342285156 -5266.203125000
A 218.699996948 108.872558594 264.544250488
A 363.935485840 -89.648246765 470.488616943
A 148.194442749 -57.059997559 93.234756470
A 39.313053131 -168.707336426 331.092498779
A 120.776916504 -250.396636963 179.099792480
A 294.693115234 -311.663299561 230.942825317
A 296.814117432 -10.009142876 475.411193848
A 300.366424561 -286.763916016 183.262115479
A 271.192047119 74.545074463 396.549011230
A 245.621231079 67.037895203 413.858123779
A 245.565841675 47.423645020 439.810485840
A 427.979888916 7.361137390 321.797119141
A 221.909698486 -316.024230957 223.524230957
A 120.928962708 -288.778747559 257.372558594
A 166.246627808 11.970884323 454.630950928
A 362.501037598 -264.107635498 388.470520020
A 160.094314575 -309.655944824 320.051086426
A 148.939895630 87.201774597 261.153137207
A 371.107513428 21.348003387 165.022537231
A 306.777252197 -302.189025879 200.779846191
A 2028.744384766 -2278.061767578 1.774924278
A 124.339591980 69.856742859 250.917846680
A 382.538879395 -216.656326294 161.065841675
A 186.610748291 -116.773284912 75.363357544
A 225.253524780 -303.521911621 192.606460571
A 48.964664459 -30.291757584 347.426391602
A 181.069686890 -296.536621094 200.304580688
A 199.531509399 57.394306183 423.235565186
A -15479.305664062 12075.116210938 -16828.712890625
A 364.812103271 -80.953445435 104.454063416
A 175.645401001 -215.106109619 107.997474670
A 424.668884277 -51.460189819 179.774780273
A 240.813064575 -325.959655762 315.439788818
A 323.235046387 -304.860290527 346.703643799
A 197.261169434 -172.120681763 492.078979492
A -11255.834960938 5292.711425781 -9640.165039062
A 328.647003174 -309.730682373 282.731170654
A 385.025512695 51.378982544 335.903594971
A 328.586517334 -120.020942688 83.667228699
A 124.432296753 -30.862178802 118.590927124
A 446.497009277 -29.438255310 255.229919434
A 202.588211060 -323.489532471 290.754882812
A 63.274475098 -7.968984127 360.269165039
A 217.238677979 39.271537781 443.921112061
A 77.062988281 -4.970883846 179.317459106
A 110.610076904 -268.260131836 220.297103882
A 414.732543945 -118.580734253 150.306640625
A 153.949234009 -78.505424500 484.840454102
A 80.618705750 20.069881439 361.655639648
A 39922.085937500 -48508.792968750 61613.355468750
A 409.106781006 -224.994216919 360.716918945
A -7486.379394531 861.567749023 4739.733398438
A 1663.612670898 -3815.837646484 -602.888916016
A 153.175796509 -271.771636963 400.019989014
A 158.613525391 84.428756714 218.996627808
A 431.181060791 -2.972649097 236.207641602
A 318.638092041 -249.072845459 138.432113647
A 44.024826050 -167.962631226 216.269439697
A 371.163146973 5.342885971 145.493026733
A 299.124328613 98.062393188 227.190979004
A 377.984619141 -186.311462402 437.428375244
A 92.177497864 -175.136734009 140.147491455
A 148.246093750 -218.807418823 122.066741943
A -3634.081054688 2327.647460938 102.628005981
A 312.089660645 -248.565490723 438.789978027
A 185.255493164 -119.329421997 497.925903320
A 407.200836182 -196.057220459 171.340240479
A 169.357086182 83.583053589 348.736968994
A 239.218963623 -28.019105911 479.076843262
A 149.929840088 -306.432250977 259.621612549
A 118.072235107 -104.882339478 472.523406982
A 277.040679932 -321.511383057 256.050415039
A 267.246124268 -299.634918213 360.781829834
A 333.340881348 0.690965176 287.919891357
A 154.877319336 -112.126174927 81.947471619
A 382.145477295 -20.179594040 142.499710083
A 295.297393799 -230.730804443 462.040466309
A 30454.394531250 59173.972656250 28236.556640625
A 90.478027344 -157.561309814 434.699523926
A 304.780609131 20.562345505 455.875274658
A 276.328491211 -323.245635986 321.245330811
A 445.294738770 -106.991348267 209.632431030
A 96.633369446 -34.104969025 139.420394897
A 107.148078918 40.456607819 201.763076782
A 264.714080811 -279.014801025 418.282409668
A 350.558349609 78.144897461 244.965942383
A 43.848663330 -96.016349792 194.605529785
A 51.835689545 -50.730152130 368.455963135
A 259.358734131 -198.904083252 87.493331909
A 165.672668457 -25.697038651 450.507629395
A 115.348861694 -42.613162994 451.634979248
A 260.140319824 -205.272781372 481.708496094
A 428.361938477 -51.628269196 386.208892822
A 413.956512451 29.534156799 299.076202393
A 187.557296753 -316.496673584 255.861953735
A 303.304992676 -68.542282104 494.592590332
A 141.958129883 -290.027954102 219.527267456
A 185.092514038 69.425086975 398.992889404
A 87.151405334 -190.745468140 413.907409668
A 27.517282486 -145.618652344 291.236663818
A 209.196990967 -261.791137695 137.701705933
A 248.411865234 90.161659241 186.435333252
A 194.598495483 -36.430141449 321.871582031
A -5038.448242188 46301.597656250 -59167.195312500
A 371.101348877 38.239803314 186.146026611
A -519.079101562 -1399.745239258 195.317932129
A 89.002174377 -214.764785767 401.690979004
A 408.866027832 -225.347717285 205.525131226
A 100.446151733 -69.917404175 123.550514221
A 310.506408691 15.972124100 117.757698059
A 8656.624023438 -556.753906250 -1928.530151367
A 420.266052246 -8.917325974 369.653320312
A 270.190307617 -86.186401367 69.471603394
A 116.669212341 23.888290405 403.206542969
A 129.279159546 -296.780029297 302.102325439
A 9928.133789062 11333.666015625 21685.011718750
A 346.045776367 54.211269379 179.377288818
A 25.027463913 -113.948028564 247.627624512
A 105.973075867 -21.301553726 436.817382812
A 20.856540680 -80.964469910 278.555908203
A 353.635620117 -251.070205688 161.647598267
A 409.781707764 -247.114135742 286.993682861
A 113.515159607 9.559482574 355.172973633
A 96.679962158 -115.221763611 449.796997070
A 36.171695709 -44.042694092 285.259216309
A -3953.353515625 -1592.182006836 3891.104736328
A 193.132186890 100.784461975 246.614898682
A 236.527038574 -219.549667358 95.399925232
A 137.478179932 -108.440689087 443.230285645
A 84.176353455 -8.297801971 395.271697998
A 122.240097046 40.634857178 178.599029541
A -23665.556640625 7497.981933594 4861.314941406
A 93.195014954 -238.909729004 202.973327637
A 291.776885986 -98.839080811 501.802581787
A 120.836898804 -282.431304932 338.244659424
A 40.788055420 -100.193214417 372.974182129
A 359.566589355 23.420782089 375.002929688
A 352.064422607 74.117431641 338.659851074
A 204.381210327 102.092979431 317.748016357
A 431.992797852 8.059901237 272.815795898
A 456.632965088 -52.480789185 297.615936279
A 273.902038574 -287.940490723 165.012207031
A -3174.647949219 2950.835693359 -630.559387207
A 109.963394165 -147.886108398 455.161987305
A 281.448059082 -180.141998291 78.631217957
A 336.824554443 93.279418945 278.164062500
A 261.461883545 -246.993469238 455.940582275
A 102.682250977 6.482416153 160.563476562
A 428.678161621 -216.765823364 318.249542236
A 348.978637695 -7.151289940 124.366714478
A 294.788299561 -308.170837402 358.533477783
A 340.954559326 -120.335700989 488.725677490
A 176.858261108 -82.026016235 78.606842041
A 119.688842773 60.409454346 343.046112061
A 249.778259277 70.649543762 158.347167969
A 459.893463135 -77.566764832 270.565063477
A 306.481658936 -1.844923854 254.869430542
A 222.202529907 -280.563140869 417.418945312
A 137.691879272 -164.001296997 470.208648682
A 260.249877930 -315.748077393 221.742889404
A 275.213867188 33.088863373 118.853263855
A 179.973205566 -241.123687744 127.178451538
A 346.121246338 -39.021446228 466.732818604
A 84.561935425 -256.610107422 336.239013672
A 170.240188599 89.602005005 325.283752441
A 196.973495483 -291.423736572 179.987640381
A 389.824310303 -21.878648758 428.415161133
A 317.666168213 -146.086074829 82.262680054
A 210.426361084 -225.637847900 466.476898193
A 411.916809082 -144.619567871 421.330841064
A 227.016235352 -308.748077393 370.300872803
A 226.921096802 -184.580245972 487.892456055
A -13603.371093750 12484.816406250 2936.783447266
A 362.735565186 -206.661926270 131.683380127
A 393.949005127 -97.464874268 446.205841064
A 11591.179687500 5194.180175781 -27.047052383
A 318.809112549 38.528160095 410.033111572
A 33.546104431 -149.867614746 239.821121216
