533

A 404.444152832 -57.829521179 146.903411865
A 110.243629456 -201.460662842 434.850219727
A 355.770568848 -154.507019043 472.876403809
A 291.059173584 -320.739959717 294.780883789
A 447.503540039 -45.372123718 343.789672852
A 464.554168701 -106.468162537 309.559204102
A 334.794250488 -233.955200195 332.241851807
A 329.300292969 -117.817787170 472.041290283
A 354.255950928 -5315.737792969 -50707.355468750
A 459.821319580 -149.377136230 281.512725830
A 126.060615540 1.400028586 134.465148926
A 338.213684082 -84.322326660 421.265625000
A 331.135986328 -297.681945801 232.124923706
A 416.479095459 -30.246601105 403.157379150
A 73.743705750 -52.237598419 161.611907959
A 3487.973876953 -801.975830078 7697.196777344
A 272.290771484 -142.026977539 500.912872314
A 198.001296997 -296.471374512 388.036560059
A 104.205162048 -184.681976318 300.229949951
A 336.076110840 24.565698624 139.054992676
A 245.718475342 102.861618042 349.498321533
A 457.205352783 -146.061584473 319.629119873
A 232.611907959 -146.030181885 504.438720703
A 6350.310058594 4791.105957031 4.555674553
A 317.494689941 35.899002075 435.001525879
A 325.470794678 -312.796447754 321.951049805
A 360.903808594 -8.655046463 444.410888672
A 456.314270020 -74.408920288 340.416259766
A 434.041107178 -207.237991333 251.103713989
A 203.364273071 -56.494071960 104.628944397
A 224.047317505 93.712966919 200.923507690
A 453.261047363 -109.239547729 348.923583984
A 457.692291260 -63.171783447 247.808334351
A 338.928741455 -282.848602295 381.514221191
A 431.005706787 -206.102539062 349.001586914
A 91.249794006 -199.213317871 160.819992065
A 268.001739502 -3.359819889 480.643493652
A 105.616378784 59.901683807 308.206695557
A 452.439117432 -139.604202271 224.380447388
A 34.773124695 -111.636917114 334.601013184
A 402.574462891 -152.191467285 142.470870972
A 131.618270874 -107.214866638 97.337074280
A 153.995300293 16.364227295 127.844978333
A 298.635589600 -268.406585693 428.680084229
A -1185.618408203 399.429687500 300.390228271
A 316.869110107 -15.880463600 101.799041748
A -48855.089843750 64549.609375000 41027.250000000
A 217.452850342 98.411834717 344.219085693
A 154.867630005 57.827308655 399.146392822
A 149.392135620 -166.066970825 297.040771484
A 68.368003845 22.929750443 278.534576416
A 53.907943726 -63.435764313 189.396575928
A 95.926353455 -157.445968628 129.796875000
A 136.303009033 -221.805755615 440.982727051
A 266.408325195 105.826629639 325.287414551
A 220.847366333 -322.166168213 336.027008057
A 156.265518188 54.130153656 165.994369507
A 98.638237000 -271.011016846 303.223602295
A 81.727127075 -224.560775757 379.445343018
A -67171.843750000 16566.208984375 -51794.875000000
A 125.713768005 -76.421249390 105.433662415
A 244.912612915 -102.448280334 508.289642334
A 129.028564453 -184.984710693 456.292755127
A 183.398559570 -277.433197021 411.451232910
A 78.052467346 -253.239395142 282.877868652
A 344.308929443 -231.498779297 135.686019897
A 264.745178223 112.746101379 296.703704834
A 391.618103027 -269.269683838 250.924224854
A 398.769927979 -254.114974976 333.022979736
A 446.582092285 -192.820083618 288.428100586
A 444.803894043 -86.890045166 195.183273315
A 399.748382568 -178.105056763 228.450149536
A 379.838165283 -242.258285522 180.189346313
A 94.042839050 41.261917114 340.282806396
A 107.870948792 -264.646087646 369.712463379
A 60.554687500 -165.505889893 179.466522217
A 343.116943359 -39.594062805 105.742889404
A 290.532775879 -206.220123291 478.780517578
A 348.253326416 19.686042786 432.978973389
A 218.936080933 15.016982079 105.258819580
A 4138.635253906 -12670.164062500 23821.287109375
A 326.311492920 -14.535012245 467.384521484
A 141.270584106 -239.255126953 145.510009766
A 381.323791504 41.616348267 367.441619873
A 204.327743530 -167.950515747 80.071357727
A 51.980987549 -180.195938110 371.407012939
A 429.658935547 -88.780235291 167.981262207
A 252.526962280 -263.568023682 439.997497559
A 307.249542236 -45.355731964 488.884002686
A 192.323379517 -207.716064453 477.182067871
A 131.888916016 -244.231719971 417.135681152
A 167.195449829 -310.857208252 290.154327393
A 39914.613281250 -13606.369140625 -43358.335937500
A 430.399841309 -143.819320679 398.688568115
A 140.706848145 -273.943481445 191.813247681
A 446.584747314 -157.722732544 351.120452881
A -20038.634765625 -82137.125000000 10497.613281250
A 143.016784668 -154.944030762 96.428596497
A 318.278198242 -193.205459595 478.712677002
A 448.389465332 -172.763717651 236.169860840
A 72.556510925 -122.509567261 426.099182129
A 67.717674255 -89.281188965 164.039901733
A -2676.000244141 6156.911621094 6352.569335938
A 117.907623291 -219.798538208 148.953277588
A 385.062988281 -139.656478882 123.872657776
A 159.459915161 22.867635727 423.187622070
A 356.388732910 -225.366455078 432.683837891
A 226.514678955 -285.816589355 156.251403809
A 74.752296448 -94.424072266 141.372268677
A 221.483657837 -244.230606079 118.581443787
A 46.020027161 -196.326812744 239.480957031
A 365.412139893 -274.288208008 213.335876465
A 56.763576508 -23.205940247 208.611450195
A 295.106323242 -270.995422363 147.034484863
A 234.138824463 -328.478393555 254.182266235
A 406.365539551 -92.773101807 139.687225342
A 214.788208008 -54.547443390 75.754440308
A -1547.605712891 -84349.804687500 -20589.837890625
A 161.440734863 -275.029357910 171.832153320
A 283.555023193 -169.226318359 104.643409729
A 153.099594116 -14.487141609 111.222320557
A 238.235626221 -69.219947815 503.521789551
A 280.579437256 -237.003387451 145.970382690
A 83.873779297 -83.500930786 436.732666016
A -57842.503906250 -44711.328125000 -51765.058593750
A 437.875610352 -18.041652679 350.688323975
A 367.863830566 -283.981719971 242.354934692
A 353.083465576 -190.646255493 459.613037109
A 24.001983643 -101.037605286 304.088104248
A 49.593235016 -12.096617699 284.749023438
A 335.779083252 -81.895103455 486.463104248
A 223.326126099 -7.946007729 482.214263916
A 386.833435059 50.007530212 230.764205933
A 315.775787354 67.234924316 171.812988281
A 388.398437500 -86.262107849 121.864059448
A -849.376586914 -6018.370605469 2104.312744141
A 214.379806519 -201.611785889 88.046531677
A 198.073135376 -313.726287842 349.751647949
A 952.937194824 -766.998046875 110.061500549
A 298.938385010 93.959266663 342.908142090
A 179.480484009 65.330253601 165.660980225
A 114.392601013 -248.551712036 394.878753662
A 298.811279297 -81.422752380 73.063316345
A 269.033416748 -313.093658447 373.897735596
A 43.650356293 -27.013675690 315.722442627
A 30368.958984375 -10332.362304688 -44129.433593750
A 294.235260010 -164.652847290 495.594726562
A 270.942138672 -143.129791260 273.054077148
A -4121.679687500 -1227.424316406 1313.144042969
A 242.311019897 40.620498657 127.112373352
A 93.925224304 -219.290130615 260.096405029
A 82.914062500 -47.865684509 426.950012207
A 311.461212158 82.093788147 203.466476440
A 96.396629333 -263.040771484 259.797851562
A 156.131622314 31.341894150 436.336669922
A 67.706687927 11.529994011 231.965286255
A 405.403198242 -31.921354294 165.097747803
A 218.591567993 -105.775680542 64.739952087
A 395.718811035 -214.165191650 407.083099365
A 41.233417511 -130.384460449 370.722900391
A 74.861221313 -186.069885254 177.640029907
A 87.176673889 -25.842557907 172.118301392
A 258.136260986 109.219451904 242.215927124
A 287.130065918 59.280090332 421.733886719
A 139.415191650 67.066383362 210.064987183
A 85.600234985 -253.950195312 240.651092529
A 76.525856018 25.679779053 251.791976929
A 66.807502747 -232.389205933 315.339782715
A 100.295997620 54.309341431 263.766113281
A 373.980316162 -283.208251953 297.890594482
A 191.600814819 92.272468567 218.996047974
A 340.221313477 -278.322814941 185.577804565
A 33.542514801 -158.122100830 270.242919922
A 264.821777344 13.194318771 103.244827271
A 371.577117920 71.803192139 267.187713623
A 391.031921387 -182.349197388 144.282608032
A 388.006164551 4.072953224 408.709197998
A 325.356536865 -63.739589691 88.408477783
A 166.485092163 -305.406738281 350.242034912
A 176.971939087 97.586418152 279.051513672
A 300.657531738 -46.906585693 85.619697571
A 44.115509033 -134.363388062 198.082687378
A 446.149261475 -19.951354980 301.994445801
A 335.291290283 -221.556198120 452.450927734
A 199.461196899 85.012161255 376.239013672
A 184.758041382 -11.590728760 479.105224609
A 4226.193847656 9855.032226562 13486.752929688
A 265.739837646 108.903739929 270.165863037
A 94.297706604 -221.194686890 178.714874268
A 430.556304932 -223.438323975 286.796325684
A 196.708374023 -86.530845642 503.691284180
A 48.768970490 -19.834934235 248.305175781
A 385.656219482 -256.343719482 208.266052246
A 817.509277344 -1289.277954102 -61.179290771
A -30581.076171875 38934.503906250 31784.787109375
A 48.018127441 -197.886184692 333.652526855
A 326.846313477 -173.819869995 93.590621948
A 257.033264160 -270.924987793 138.354583740
A 81.275352478 35.529201508 306.468048096
A 42.210906982 -53.804168701 218.758422852
A 402.650970459 -188.933670044 418.118347168
A 249.803833008 -140.980331421 70.673103333
A 283.653442383 -225.602340698 101.749931335
A 151.164154053 -289.837402344 375.214569092
A 182.903961182 -192.783386230 96.328437805
A 127.086341858 73.374359131 296.769073486
A 174.881134033 -309.710784912 229.222808838
A 165.289855957 -215.529159546 462.235687256
A 298.517425537 -109.993698120 76.022460938
A 58.942886353 -224.401016235 248.217803955
A 286.738525391 -13.204347610 92.794906616
A 316.505340576 48.267436981 147.689788818
A 92.913200378 -109.144111633 125.740669250
A 172.057495117 -1389.584716797 -291.946197510
A 66.343139648 -162.132690430 406.558868408
A 406.955718994 42.377731323 264.662170410
A 267.285858154 -56.258003235 499.858886719
A 91.017974854 -137.222686768 136.990417480
A 279.765411377 -116.288589478 504.649658203
A 263.113922119 -35.183773041 77.762329102
A 345.376770020 -101.033607483 95.000427246
A 415.668975830 -18.205259323 276.836395264
A 202.516601562 -59.051261902 498.612121582
A 284.417938232 78.773544312 177.336257935
A 116.105384827 2.197218657 427.998657227
A 334.532745361 81.543838501 222.032989502
A 321.750274658 -307.468994141 264.069000244
A 245.066040039 -62.284980774 72.182426453
A 222.971908569 -310.555328369 285.230682373
A -7226.944335938 40400.027343750 -95925.398437500
A 57.747291565 -127.457885742 170.818344116
A 162.379898071 -169.217926025 480.584350586
A 170.217590332 -154.647735596 84.043190002
A 220.215820312 -149.260711670 70.674674988
A 216.764251709 108.489624023 290.728546143
A 257.088500977 100.579292297 219.218246460
A 444.901519775 -85.843841553 376.904785156
A 365.287841797 -161.973632812 111.130821228
A 417.896911621 -190.245971680 388.915069580
A 305.039428711 -288.712249756 395.532135010
A 83.013999939 15.410103798 206.983367920
A 394.196319580 -247.577423096 367.880340576
A 408.312438965 26.398309708 229.639541626
A 365.308959961 -123.819046021 104.774124146
A 432.590362549 -180.027664185 199.676757812
A 372.653472900 -46.471988678 119.133491516
A 53.930397034 -150.177673340 390.171569824
A 205.807922363 -265.895172119 436.165130615
A 272.397155762 34.074729919 451.612915039
A 431.625946045 -176.494873047 379.991302490
A 56929.757812500 26242.533203125 6827.809570312
A 723.496215820 -1709.886352539 -1137.714843750
A 437.664123535 -136.284240723 188.439193726
A 255.469589233 -326.764404297 279.736053467
A 192.143371582 82.779678345 190.376541138
A 338.080627441 -257.385650635 416.890472412
A 66.025939941 -34.608745575 396.075836182
A 177.251953125 -48.277702332 83.719276428
A 411.149536133 -68.822135925 425.104614258
A 372.905700684 -273.413757324 354.916137695
A 300.883728027 85.020637512 374.158111572
A 207.222915649 63.968460083 151.869262695
A 59.154636383 -101.393844604 405.696929932
A 413.011260986 23.466251373 339.942749023
A 35.997550964 -82.094383240 349.512237549
A 387.924621582 -43.444961548 442.634582520
A 314.570129395 -210.279434204 104.838081360
A 46.320220947 -205.667739868 300.352722168
A 327.535125732 61.926750183 400.046417236
A 385.495666504 -130.605270386 454.749847412
A 253.362960815 -20.370304108 490.661651611
A 331.974090576 90.567115784 316.693176270
A 331.312866211 77.710456848 363.380462646
A 374.643218994 -238.632568359 412.611755371
A 41.659549713 -194.185195923 277.802368164
A -3235.384277344 -16509.921875000 8667.930664062
A 344.334564209 -196.212600708 114.174957275
A 405.156005859 -1.958488584 180.986312866
A 132.611373901 -267.694732666 334.037261963
A 30.035968781 -140.394577026 325.436767578
A 1721.043334961 6707.683105469 4670.450683594
A 244.960632324 43.009002686 219.630294800
A 434.977233887 -30.001258850 207.631179810
A 162.619400024 -248.637512207 434.770446777
A 142.748245239 -31.172435760 470.104522705
A 428.095520020 -214.911956787 225.431121826
A 278.756469727 -151.749252319 75.263351440
A 134.386291504 -190.031738281 114.382369995
A 181.931472778 -150.062301636 494.855865479
A 38.563529968 -90.840614319 271.343933105
A 367.714050293 71.959121704 312.627471924
A 357.673370361 -295.700714111 273.525573730
A 396.478729248 12.872380257 388.237731934
A 258.084564209 -173.307525635 496.790466309
A 190.531372070 -105.822608948 198.247421265
A 388.614746094 55.382392883 296.575225830
A 186.833129883 34.991821289 130.921722412
A 284.505828857 54.022136688 143.336380005
A 151.169616699 -116.722450256 489.209411621
A 243.449645996 -228.443023682 470.205993652
A 447.004180908 -63.404510498 222.927947998
A 412.136596680 -244.861190796 250.025436401
A 448.362030029 -83.758903503 310.778381348
A 118.974624634 -70.382972717 465.618255615
A 430.376678467 -90.150726318 404.842620850
A 462.936828613 -119.549209595 283.649993896
A -28460.375000000 -41789.171875000 32288.847656250
A 202.053405762 -2.607259512 102.132125854
A 109.174232483 55.171188354 229.378524780
A 253.934356689 -294.062591553 402.294738770
A -1153.145141602 -3495.553222656 -2197.409179688
A 139.245285034 35.762599945 160.313018799
A 384.545715332 -154.950973511 448.029846191
A 414.638397217 5.816239834 206.965576172
A 36.992443085 -55.605026245 248.169418335
A 458.318969727 -110.620353699 246.120147705
A 32.158802032 -98.395492554 222.649520874
A 211.111267090 20.796060562 462.436492920
A 372.610076904 -63.226306915 460.695831299
A 122.584442139 -148.174118042 108.533088684
A 32.526206970 -60.930515289 322.735778809
A 304.869628906 102.625823975 264.601043701
A 180.878997803 -6.309285641 100.232345581
A 231.830352783 80.385452271 393.101928711
A 63.086051941 -77.407760620 407.880859375
A 302.664672852 100.380096436 300.661315918
A 352.144805908 -293.476867676 334.790893555
A 66.729171753 -218.446151733 355.971984863
A 258.268310547 -303.311492920 191.118286133
A 144.742324829 69.736389160 365.475219727
A 239.910797119 -11.405169487 85.538536072
A 64.389717102 -212.597335815 211.886825562
A 229.857574463 53.009277344 139.738128662
A 358.502960205 46.555175781 394.659912109
A 151.075897217 90.829582214 310.578155518
A 218.431030273 -111.204383850 504.984191895
A 327.268096924 -154.313156128 487.711853027
A 445.311553955 -128.824325562 371.305084229
A 453.259460449 -163.689056396 262.922821045
A 177.532073975 -265.906982422 151.608810425
A 117.224128723 46.351322174 380.139434814
A 366.318267822 56.768115997 215.532028198
A 420.785980225 -110.423400879 416.120117188
A 256.710601807 94.351837158 371.984008789
A -333.709564209 717.479553223 1775.738403320
A 271.417541504 -250.902969360 119.707824707
A -19342.794921875 54272.257812500 -4707.640136719
A 172.132202148 -46.503284454 484.084472656
A 445.397857666 -177.707015991 327.482666016
A 394.558044434 -263.135742188 302.905212402
A 64.008651733 7.050771713 317.594146729
A 236.492202759 -102.742721558 74.134231567
A 191.879043579 -244.364257812 451.904144287
A 423.760131836 -158.089645386 168.874572754
A 9043.640625000 3206.980957031 -5291.899414062
A 219.656326294 109.503662109 265.549468994
A 365.820007324 -89.951248169 472.661956787
A 148.902862549 -57.327037811 93.801712036
A 39.568416595 -169.692230225 332.730285645
A 121.320129395 -251.616394043 179.808654785
A 296.200134277 -313.375152588 232.025619507
A 298.344207764 -10.105287552 477.766357422
A 301.779418945 -288.151519775 184.017013550
A 272.379943848 74.687484741 398.501556396
A 246.617172241 67.339698792 415.955627441
A 246.648284912 47.723457336 441.986328125
A 430.129119873 7.347424030 323.464843750
A 222.996688843 -317.699249268 224.601303101
A 121.597976685 -290.265777588 258.704162598
A 167.157104492 12.026047707 456.691741943
A 364.130737305 -265.291381836 390.501770020
A 160.872528076 -311.171386719 321.704498291
A 149.726440430 87.768920898 262.266662598
A 373.059417725 21.369564056 166.078735352
A 308.385009766 -303.748504639 201.817749023
A 2038.622680664 -2289.156982422 1.736261725
A 124.889228821 70.326393127 252.160430908
A 384.323425293 -217.700866699 161.881515503
A 187.449768066 -117.368431091 75.669036865
A 226.181884766 -304.902282715 193.512893677
A 49.142097473 -30.548088074 349.130310059
A 182.115753174 -297.988372803 201.222503662
A 200.519592285 57.559768677 425.370452881
A -15554.895507812 12134.109375000 -16910.724609375
A 366.565826416 -81.444274902 105.114707947
A 176.685867310 -216.083602905 108.682815552
A 426.892547607 -51.491165161 180.751998901
A 241.977294922 -327.530914307 317.027130127
A 324.862854004 -306.147735596 348.353393555
A 198.229156494 -172.862167358 494.413604736
A -11310.732421875 5318.690429688 -9687.185546875
A 330.380035400 -311.308685303 284.104827881
A 386.900634766 51.744251251 337.470855713
A 330.282775879 -120.580299377 84.045425415
A 125.237007141 -31.056583405 119.350715637
A 448.667022705 -29.646804810 256.349609375
A 203.498443604 -325.122436523 292.183776855
A 63.657012939 -8.021489143 361.983428955
A 218.159439087 39.529106140 446.182861328
A 77.678398132 -4.795887947 180.170059204
A 111.021026611 -269.603790283 221.302490234
A 416.832305908 -119.253868103 150.921508789
A 154.723098755 -78.943458557 487.131744385
A 80.856277466 20.239160538 363.454437256
A 40116.886718750 -48745.539062500 61914.125000000
A 411.260345459 -226.034927368 362.333618164
A -7522.845214844 865.870117188 4762.885742188
A 1671.789794922 -3834.416259766 -605.908081055
A 153.845489502 -273.208282471 401.992858887
A 159.158035278 85.044807434 220.013641357
A 433.243865967 -2.961068153 237.481079102
A 320.326446533 -250.134048462 139.053451538
A 44.285179138 -168.844635010 217.270996094
A 373.063385010 5.482114315 146.163940430
A 300.626922607 98.614715576 228.114761353
A 379.830444336 -187.334823608 439.452453613
A 92.822662354 -176.093490601 140.723602295
A 149.012908936 -219.747100830 122.595497131
A -3651.839111328 2339.057617188 103.108863831
A 313.594512939 -249.717453003 440.886230469
A 186.164062500 -119.773780823 500.406890869
A 409.259826660 -196.954391479 172.252975464
A 170.272766113 83.848297119 350.385559082
A 240.284942627 -28.067663193 481.421539307
A 150.796966553 -307.789215088 260.880340576
A 118.707138062 -105.439201355 474.706695557
A 278.233612061 -322.994781494 257.307952881
A 268.485565186 -301.162628174 362.519592285
A 334.888305664 0.552612007 289.354736328
A 155.647964478 -112.500007629 82.338249207
A 383.920043945 -20.176542282 143.232376099
A 296.681640625 -231.891433716 464.312194824
A 30603.056640625 59462.867187500 28374.406250000
A 90.995147705 -158.418960571 436.774627686
A 306.256164551 20.671529770 458.195831299
A 277.611267090 -324.645538330 322.923034668
A 447.429779053 -107.529220581 210.721252441
A 97.089790344 -34.331680298 140.115432739
A 107.688568115 40.759704590 202.866775513
A 266.039825439 -280.376739502 420.215087891
A 352.366455078 78.574325562 246.280532837
A 44.089984894 -96.359558105 195.607452393
A 52.106414795 -50.985515594 370.441345215
A 260.642089844 -199.775894165 87.727157593
A 166.250289917 -25.840284348 452.696105957
A 116.016113281 -42.803756714 453.859924316
A 261.526916504 -206.105056763 484.132598877
A 430.352416992 -51.867752075 388.055877686
A 416.034332275 29.723419189 300.279327393
A 188.486022949 -318.129272461 257.091461182
A 304.689514160 -68.774124146 497.098724365
A 142.573669434 -291.570678711 220.483474731
A 186.153656006 69.626686096 401.029083252
A 87.515785217 -191.611404419 415.910491943
A 27.780023575 -146.085876465 292.510498047
A 210.254867554 -263.127746582 138.387161255
A 249.493362427 90.627487183 187.447998047
A 195.542816162 -36.545597076 323.429687500
A -5062.980957031 46527.714843750 -59456.105468750
A 372.902832031 38.381305695 187.079238892
A -521.471740723 -1406.430908203 196.302612305
A 89.424003601 -215.755844116 403.755004883
A 410.872924805 -226.578796387 206.477615356
A 100.800392151 -70.050102234 123.982055664
A 311.922119141 16.023683548 118.271209717
A 8698.730468750 -559.486328125 -1937.862548828
A 422.345703125 -9.019821167 371.470245361
A 271.728118896 -86.757392883 69.947166443
A 117.188117981 24.133955002 405.225158691
A 130.093231201 -298.214294434 303.713226318
A 9976.538085938 11389.073242188 21790.953125000
A 347.759338379 54.501445770 180.247207642
A 25.184171677 -114.423149109 248.888168335
A 106.594909668 -21.368062973 438.870727539
A 20.955457687 -81.239730835 279.844055176
A 355.304779053 -252.179962158 162.399993896
A 411.631042480 -248.289154053 288.384063721
A 114.153251648 9.571689606 356.898010254
A 97.191307068 -115.742492676 451.906738281
A 36.550281525 -44.312328339 286.852294922
A -3972.631835938 -1599.968261719 3910.067871094
A 194.161148071 101.246582031 247.767364502
A 237.653823853 -220.580337524 95.829864502
A 138.195175171 -108.938423157 445.356384277
A 84.467323303 -8.408712387 397.069061279
A 122.940399170 40.798500061 179.570816040
A -23781.150390625 7534.543945312 4885.164062500
A 93.491386414 -240.085998535 204.000457764
A 293.016204834 -99.324531555 504.119537354
A 121.478164673 -283.913574219 340.038635254
A 41.254375458 -100.613990784 374.723785400
A 361.229858398 23.441257477 376.947814941
A 353.712646484 74.492546082 340.302917480
A 205.379852295 102.580802917 319.178283691
A 434.186523438 8.185310364 274.143463135
A 458.880920410 -52.766254425 299.188568115
A 275.425781250 -289.300506592 165.982772827
A -3190.122314453 2965.243652344 -633.696289062
A 110.511688232 -148.464965820 457.498382568
A 282.700531006 -181.048599243 78.952095032
A 338.404449463 93.706359863 279.531921387
A 262.802581787 -248.310653687 458.092224121
A 103.045104980 6.522202492 161.156936646
A 430.741027832 -217.964538574 319.805175781
A 350.783416748 -7.194270134 125.042640686
A 296.171661377 -309.577331543 360.345428467
A 342.646575928 -120.890586853 491.064910889
A 177.619628906 -82.565635681 78.894317627
A 120.253593445 60.905281067 344.585144043
A 251.082351685 70.822120667 159.303939819
A 462.110992432 -77.977119446 271.720001221
A 307.940551758 -1.719949245 256.178710938
A 223.402374268 -281.855926514 419.424591064
A 138.273178101 -164.950134277 472.469421387
A 261.377105713 -317.319824219 222.850830078
A 276.521209717 33.147689819 119.554550171
A 180.773773193 -242.285171509 127.898857117
A 347.908721924 -39.352020264 469.102172852
A 85.008728027 -257.971557617 337.882263184
A 171.010314941 90.155021667 327.130462646
A 197.961975098 -292.921997070 180.967697144
A 391.902954102 -22.010698318 430.540191650
A 319.274200439 -146.826644897 82.676002502
A 211.534774780 -226.751480103 468.617584229
A 413.888519287 -145.448455811 423.337982178
A 228.281585693 -310.059265137 372.082946777
A 227.985229492 -185.406738281 490.182922363
A -13669.940429688 12545.708007812 2951.173828125
A 364.508575439 -207.765838623 132.446090698
A 395.725860596 -97.823303223 448.287353516
A 11647.791992188 5219.685058594 -27.262203217
A 320.402374268 38.676067352 411.871643066
A 33.633213043 -150.476089478 240.843917847
