533

A 364.358428955 -52.054500580 131.839080811
A 99.482116699 -181.479553223 392.930725098
A 321.251770020 -139.303329468 426.983612061
A 262.883911133 -289.614562988 266.826965332
A 403.279815674 -41.205650330 310.724670410
A 419.268127441 -95.637680054 278.524932861
A 301.673370361 -211.144760132 300.260314941
A 296.597717285 -106.060295105 426.177246094
A 319.192199707 -4795.383789062 -45738.085937500
A 415.431304932 -134.343673706 254.664230347
A 113.439758301 0.877605081 121.116035461
A 305.203247070 -76.078636169 379.304779053
A 299.333648682 -268.815124512 208.960784912
A 375.398223877 -28.075134277 363.025421143
A 66.941986084 -46.645004272 145.484100342
A 3146.480957031 -723.899780273 6942.688964844
A 245.669265747 -128.140640259 451.981353760
A 178.769470215 -267.226928711 350.229217529
A 93.527229309 -166.117782593 271.453277588
A 303.239227295 22.319385529 125.978683472
A 222.132049561 92.282302856 315.016143799
A 412.255767822 -131.574279785 288.054595947
A 209.554840088 -131.675735474 455.536682129
A 5728.365722656 4321.747558594 4.160122395
A 287.070434570 32.818340302 392.278686523
A 293.553466797 -281.906402588 290.000885010
A 325.652862549 -7.291040897 401.245025635
A 411.533813477 -66.616790771 307.108245850
A 391.743591309 -185.994293213 226.485015869
A 183.650863647 -50.906898499 94.380058289
A 201.578659058 84.973289490 181.392181396
A 409.384002686 -99.042343140 314.802734375
A 412.708831787 -56.413806915 223.545181274
A 305.000762939 -254.926879883 343.857513428
A 388.036132812 -185.500686646 313.943267822
A 82.907295227 -179.583709717 144.103347778
A 241.452346802 -3.176643372 433.198425293
A 95.526252747 53.863445282 277.782196045
A 407.937042236 -125.797332764 201.682693481
A 31.251092911 -100.499298096 301.316284180
A 363.451446533 -136.924514771 128.342849731
A 117.876884460 -96.592811584 88.531616211
A 138.974685669 14.278765678 115.451362610
A 269.686096191 -241.992782593 386.850646973
A -1069.809570312 360.475036621 270.027465820
A 285.579803467 -14.479132652 91.884971619
A -44068.179687500 58224.628906250 37007.277343750
A 196.169891357 88.728096008 310.362457275
A 139.974822998 51.520339966 360.311950684
A 134.699874878 -149.337371826 267.242950439
A 61.730892181 19.768856049 251.732879639
A 47.923725128 -57.531875610 170.742568970
A 86.809089661 -141.916275024 116.297630310
A 122.957748413 -199.956512451 397.733581543
A 240.510833740 95.469100952 292.734985352
A 199.058242798 -290.677764893 303.692871094
A 140.947875977 48.105567932 150.025985718
A 88.496170044 -244.558868408 272.729583740
A 73.785507202 -202.584823608 341.469085693
A -60590.933593750 14942.480468750 -46719.894531250
A 112.696502686 -68.193870544 94.832489014
A 220.839935303 -92.270385742 458.362365723
A 116.318534851 -166.793487549 411.519500732
A 165.099639893 -250.908523560 370.814208984
A 69.944831848 -229.081726074 255.719757080
A 310.376922607 -209.059768677 122.300178528
A 238.480117798 101.587036133 267.915252686
A 352.663940430 -242.579238892 226.127334595
A 359.610931396 -229.344863892 300.238952637
A 403.181884766 -173.554306030 259.619842529
A 401.385406494 -78.394233704 176.049880981
A 361.305999756 -160.411392212 206.073318481
A 343.145294189 -218.830688477 162.921661377
A 84.594131470 38.167293549 306.807739258
A 97.494224548 -238.224639893 333.060272217
A 53.969409943 -148.982116699 161.892913818
A 310.321044922 -35.529724121 95.644668579
A 261.196075439 -185.141296387 432.293457031
A 314.433135986 17.968879700 390.705139160
A 196.817306519 13.845825195 94.560287476
A 3732.755859375 -11428.382812500 21487.093750000
A 294.405426025 -11.457116127 421.787963867
A 127.324768066 -215.692733765 131.115280151
A 345.032043457 37.157043457 332.018188477
A 184.524749756 -151.342544556 72.011383057
A 46.431472778 -161.839752197 335.473785400
A 387.162078857 -81.062698364 151.580505371
A 227.840133667 -237.327606201 397.720825195
A 277.391571045 -41.185321808 442.002716064
A 173.309661865 -186.630264282 430.181823730
A 119.143562317 -221.036270142 376.556091309
A 150.400482178 -280.401397705 261.736572266
A 36004.015625000 -12273.282226562 -39110.242187500
A 389.354309082 -128.986114502 359.981994629
A 126.490386963 -246.661941528 172.761734009
A 403.264648438 -141.507965088 315.757354736
A -18075.289062500 -74088.921875000 9469.137695312
A 129.925323486 -139.994338989 87.170265198
A 287.478820801 -174.089294434 431.642181396
A 404.301055908 -155.451538086 212.518753052
A 65.497962952 -110.417610168 384.739776611
A 60.648281097 -81.272605896 148.440429688
A -2413.752197266 5553.445800781 5730.288085938
A 105.755104065 -198.183944702 134.180908203
A 347.756103516 -126.812026978 111.698516846
A 144.922454834 21.198213577 381.443145752
A 321.560302734 -203.115707397 390.457977295
A 204.023544312 -257.092559814 140.877410889
A 67.114303589 -85.052391052 127.232307434
A 200.065643311 -219.656036377 107.133789062
A 41.708229065 -177.276046753 215.650085449
A 329.960205078 -247.330596924 192.069015503
A 51.127887726 -21.263189316 187.501831055
A 266.547302246 -244.294677734 133.385437012
A 210.688644409 -296.406250000 230.062728882
A 366.296081543 -84.106987000 125.813789368
A 193.779251099 -49.077087402 67.776824951
A -1395.519165039 -76085.304687500 -18572.916015625
A 145.633453369 -248.209075928 155.201477051
A 255.294631958 -152.197082520 94.575370789
A 138.644058228 -12.937541962 99.934013367
A 214.900985718 -62.189754486 454.495208740
A 252.174896240 -213.575042725 131.993469238
A 75.491828918 -75.027206421 393.543945312
A -52174.218750000 -40330.839843750 -46693.464843750
A 394.694305420 -16.502626419 315.949798584
A 331.346191406 -256.224395752 218.849182129
A 318.644317627 -172.903594971 414.026580811
A 22.100301743 -91.292160034 274.547210693
A 44.517887115 -10.657217979 256.183288574
A 302.537353516 -73.914993286 438.859008789
A 201.679641724 -7.623178959 434.789520264
A 348.827850342 44.990955353 209.716888428
A 284.866271973 60.248664856 154.744705200
A 349.788421631 -78.058013916 110.089675903
A -765.705871582 -5428.544921875 1899.469116211
A 193.672164917 -181.367248535 79.384521484
A 178.401351929 -283.112274170 316.229156494
A 859.150695801 -692.040344238 99.024078369
A 269.326568604 85.471122742 308.954437256
A 161.611297607 58.322650909 149.532562256
A 103.471145630 -224.459426880 355.408630371
A 268.922332764 -74.242469788 65.755767822
A 242.046051025 -281.880828857 337.278076172
A 40.464954376 -24.202667236 284.872863770
A 27392.705078125 -9320.316406250 -39805.726562500
A 265.316864014 -148.607681274 446.824401855
A 243.521255493 -129.413208008 246.090103149
A -3717.839355469 -1107.254394531 1184.141601562
A 218.107742310 36.091030121 114.632064819
A 84.237785339 -197.848236084 234.411773682
A 74.265922546 -43.908874512 385.998199463
A 280.522521973 73.784233093 183.258529663
A 87.204635620 -237.648132324 234.151672363
A 141.532302856 27.454675674 393.795623779
A 60.673358917 10.212910652 209.235473633
A 365.988464355 -28.703626633 148.635391235
A 197.421386719 -95.298988342 58.315883636
A 357.104461670 -193.329833984 367.551940918
A 38.201385498 -118.805221558 335.113311768
A 67.328285217 -167.670364380 160.049880981
A 77.905349731 -23.770860672 155.558471680
A 232.616180420 97.965141296 218.390380859
A 259.356323242 53.503604889 380.710601807
A 126.308433533 60.738620758 189.624588013
A 77.630187988 -229.525817871 216.565307617
A 68.939910889 23.146244049 227.467315674
A 59.830627441 -209.810958862 285.199218750
A 90.605285645 49.298702240 237.874450684
A 337.436523438 -255.294235229 269.205413818
A 172.843002319 83.481864929 198.073822021
A 307.160247803 -251.846145630 167.033599854
A 29.910139084 -142.065170288 243.986740112
A 238.639984131 12.014209747 93.313331604
A 334.938171387 64.847000122 242.003784180
A 353.290832520 -164.676635742 131.027893066
A 350.008605957 2.602815866 368.795349121
A 293.998046875 -57.520133972 79.928268433
A 150.203506470 -275.897583008 315.355590820
A 159.418731689 88.242767334 251.748168945
A 270.964721680 -41.415153503 78.299385071
A 40.044914246 -121.172241211 178.892807007
A 402.341369629 -18.077466965 271.966949463
A 302.408966064 -200.222808838 407.960296631
A 179.844863892 77.045768738 339.585479736
A 167.461898804 -10.584939003 432.441589355
A 3812.077636719 8888.682617188 12165.266601562
A 240.183746338 98.055816650 243.145095825
A 84.664505005 -200.317031860 161.294113159
A 389.288299561 -201.299285889 259.342803955
A 177.550720215 -77.853050232 454.183715820
A 43.635208130 -17.935411453 223.611541748
A 347.672607422 -231.037994385 187.619018555
A 737.449157715 -1162.767333984 -55.315177917
A -27584.175781250 35120.214843750 28671.074218750
A 43.610584259 -177.748123169 300.641082764
A 295.675445557 -156.799530029 84.526870728
A 231.392608643 -244.249176025 124.605400085
A 73.072860718 31.720493317 276.863708496
A 38.601619720 -49.025123596 196.818664551
A 363.288452148 -170.204528809 377.664489746
A 225.149505615 -127.149467468 63.680103302
A 255.942535400 -203.132858276 92.122566223
A 136.060607910 -260.723571777 338.427795410
A 164.576965332 -174.040115356 87.417129517
A 114.890121460 66.201591492 267.118133545
A 157.787612915 -279.151123047 206.787277222
A 148.962814331 -194.148895264 416.948944092
A 268.803192139 -99.333320618 69.237342834
A 53.506908417 -202.527832031 223.947326660
A 258.777587891 -12.479651451 84.231452942
A 285.566894531 42.642162323 133.281906128
A 83.094970703 -99.056533813 113.638679504
A 154.900115967 -1253.643066406 -263.572845459
A 60.039417267 -146.521591187 366.700683594
A 367.311553955 37.847473145 239.180511475
A 240.432083130 -50.952808380 451.459899902
A 82.133956909 -123.624168396 123.459358215
A 252.404983521 -104.952049255 454.701019287
A 236.896347046 -30.869157791 70.504585266
A 311.508758545 -91.357543945 85.446594238
A 374.831512451 -16.403800964 250.511016846
A 182.307556152 -52.963012695 449.502227783
A 256.786743164 71.154205322 160.473098755
A 104.966964722 1.869108915 386.165008545
A 302.786895752 72.807037354 199.819671631
A 289.974578857 -276.596069336 237.464950562
A 220.989440918 -55.847049713 64.697471619
A 201.027954102 -280.412963867 257.784362793
A -6518.483886719 36441.324218750 -86526.195312500
A 52.156993866 -114.897926331 153.704238892
A 146.084274292 -153.125350952 434.023193359
A 153.355651855 -139.454879761 76.307014465
A 198.590591431 -134.287322998 63.976779938
A 195.707870483 97.721488953 262.476104736
A 232.364425659 90.401237488 197.156600952
A 400.772949219 -77.319076538 340.058990479
A 328.413574219 -145.782409668 100.916366577
A 377.436279297 -172.091491699 350.742553711
A 275.047637939 -259.852386475 357.664062500
A 74.099136353 14.076580048 186.195770264
A 355.823516846 -223.095214844 331.925140381
A 367.602996826 23.751869202 206.589630127
A 329.400360107 -111.322319031 94.460510254
A 390.148681641 -162.587417603 180.044891357
A 336.550720215 -42.001010895 108.291282654
A 48.413814545 -135.005249023 351.671539307
A 185.493499756 -240.003616333 393.341430664
A 245.797363281 30.068910599 407.338714600
A 389.687255859 -158.710998535 343.103515625
A 51351.695312500 23671.419921875 6159.174316406
A 653.092529297 -1543.572875977 -1026.818725586
A 395.332183838 -122.972084045 169.798049927
A 230.261383057 -295.015106201 252.881027222
A 173.705749512 74.501464844 172.319381714
A 305.080596924 -232.293304443 376.020568848
A 59.624847412 -31.723083496 357.143798828
A 160.499191284 -42.963691711 75.571937561
A 371.085510254 -62.061134338 383.533325195
A 336.413665771 -247.262405396 319.638946533
A 270.908111572 76.705070496 337.352416992
A 186.575210571 57.928115845 137.087142944
A 53.251461029 -91.690521240 365.671783447
A 372.550964355 20.676771164 307.242614746
A 31.717832565 -74.050323486 315.291046143
A 349.596832275 -39.334613800 399.097320557
A 283.484802246 -189.508178711 95.357139587
A 41.769126892 -186.123031616 270.606018066
A 295.908294678 56.225715637 360.077850342
A 347.652954102 -117.616470337 409.679718018
A 227.927459717 -18.269325256 442.419586182
A 299.283050537 82.004745483 285.682220459
A 299.272399902 70.664489746 328.319091797
A 338.195983887 -215.412521362 371.851440430
A 37.208370209 -174.818969727 250.220718384
A -2917.466552734 -14892.026367188 7818.139160156
A 310.653076172 -176.622756958 102.805839539
A 365.947235107 -2.170279503 162.713973999
A 119.658523560 -241.773025513 301.588684082
A 26.813083649 -127.017974854 293.257202148
A 1551.760986328 6050.718750000 4213.237792969
A 221.180450439 37.726104736 198.428161621
A 392.356140137 -27.468685150 187.401016235
A 147.198883057 -224.326263428 392.193328857
A 128.531829834 -28.029750824 424.193328857
A 385.872253418 -192.868637085 203.262588501
A 251.227844238 -136.791152954 67.110946655
A 121.601661682 -170.398208618 103.782669067
A 163.993469238 -134.931518555 446.348510742
A 34.941795349 -81.464157104 245.022354126
A 332.303710938 65.426872253 281.509368896
A 322.780395508 -266.363677979 246.697692871
A 357.731842041 11.822657585 350.518157959
A 232.674499512 -156.180267334 447.940887451
A 171.895874023 -95.619071960 178.486709595
A 350.598083496 50.044193268 267.639648438
A 168.500549316 31.165040970 118.216438293
A 256.516510010 48.377536774 129.649536133
A 136.602615356 -105.218070984 441.001037598
A 218.937576294 -206.379409790 424.423492432
A 403.145904541 -57.660530090 201.012756348
A 371.069335938 -220.822433472 225.227355957
A 404.657165527 -74.806442261 280.701080322
A 107.990455627 -63.288337708 419.339202881
A 388.223571777 -81.153678894 364.386840820
A 417.646179199 -107.091331482 255.732284546
A -25670.728515625 -37694.761718750 29125.263671875
A 182.162796021 -2.733413219 92.480461121
A 98.661788940 49.135112762 206.787841797
A 229.177230835 -265.675262451 362.631927490
A -1040.113891602 -3153.426757812 -1981.824218750
A 126.293106079 32.645469666 144.759857178
A 347.580596924 -139.627471924 404.234527588
A 374.438385010 5.508187294 186.851928711
A 32.796623230 -49.446182251 224.367126465
A 413.786560059 -99.944473267 221.951553345
A 29.240858078 -88.598472595 201.576583862
A 190.601318359 18.597064972 417.434448242
A 337.196807861 -56.369457245 415.499176025
A 110.664344788 -133.642089844 98.042167664
A 29.325487137 -55.118770599 291.196350098
A 275.782470703 92.248420715 239.122283936
A 163.086883545 -5.906239510 90.131591797
A 209.126449585 72.992324829 354.915924072
A 56.450080872 -69.096221924 367.492919922
A 273.038482666 91.292762756 270.734710693
A 318.571075439 -264.989776611 301.796661377
A 60.257858276 -196.998474121 321.397094727
A 232.521987915 -273.086547852 171.751937866
A 130.325698853 63.277633667 329.364105225
A 215.492523193 -9.618393898 77.191299438
A 58.735107422 -191.521453857 191.051864624
A 207.114440918 47.887035370 126.320671082
A 323.782531738 41.918689728 356.367706299
A 136.567413330 81.606163025 279.533111572
A 196.683166504 -100.225097656 455.443054199
A 294.993499756 -139.384368896 439.782928467
A 402.161834717 -116.781143188 334.829803467
A 409.045318604 -147.790267944 237.714279175
A 159.671859741 -239.923507690 137.105590820
A 105.949867249 41.689144135 343.466888428
A 330.009613037 51.192466736 193.759857178
A 379.785766602 -99.294372559 375.624725342
A 231.305786133 85.538406372 335.020996094
A -300.193328857 647.786804199 1601.430786133
A 244.650283813 -226.614929199 107.706527710
A -17447.550781250 48954.503906250 -4246.313476562
A 155.014709473 -41.964363098 436.454650879
A 402.162811279 -160.475051880 294.906616211
A 356.657257080 -237.444290161 273.334808350
A 57.296882629 6.676576138 286.567474365
A 213.133163452 -93.168762207 66.865524292
A 172.820678711 -220.647201538 408.469482422
A 382.778045654 -142.330703735 152.168395996
A 8157.927246094 2893.144531250 -4773.971191406
A 198.270401001 99.180938721 240.286712646
A 330.559783936 -81.489494324 426.683288574
A 134.345184326 -52.245513916 85.070953369
A 35.162483215 -152.039093018 299.792144775
A 109.400695801 -226.845077515 162.204956055
A 266.644165039 -282.705657959 209.273574829
A 268.446716309 -9.131927490 430.476287842
A 273.237457275 -260.284118652 166.615936279
A 246.139099121 67.866798401 359.672515869
A 222.885925293 60.571544647 374.177307129
A 222.697296143 43.106956482 397.540039062
A 388.216217041 6.321005344 291.353881836
A 201.018630981 -286.877899170 202.753860474
A 110.845687866 -261.479248047 233.700866699
A 150.597991943 10.470971107 412.422515869
A 328.092926025 -238.782302856 351.704437256
A 145.439285278 -280.057342529 290.000427246
A 135.034072876 79.136222839 237.061172485
A 336.748840332 19.231613159 150.321533203
A 278.497802734 -273.103424072 181.810150146
A 1838.135375977 -2065.318359375 0.871598423
A 112.728836060 63.366813660 227.541671753
A 347.091949463 -195.640777588 145.905136108
A 169.355010986 -106.129615784 67.774185181
A 203.823272705 -275.020233154 173.802429199
A 44.679203033 -27.403367996 314.971252441
A 163.527450562 -269.132080078 181.861236572
A 180.943389893 51.572578430 383.642761230
A -14031.412109375 10945.074218750 -15254.392578125
A 330.506408691 -73.588233948 94.521339417
A 158.774673462 -194.431304932 98.757164001
A 384.711029053 -46.700893402 162.573394775
A 218.022232056 -295.142822266 285.955657959
A 293.209442139 -276.237792969 314.192108154
A 178.361373901 -156.270584106 445.541290283
A -10202.987304688 4797.177734375 -8738.455078125
A 297.349700928 -280.815063477 255.458267212
A 349.436065674 46.179893494 304.441162109
A 298.013854980 -108.801780701 76.030929565
A 112.103431702 -27.742830276 107.571502686
A 405.070587158 -27.038820267 231.141128540
A 183.144744873 -293.222442627 263.424102783
A 57.435424805 -6.959706306 326.631958008
A 196.551300049 35.675151825 402.248229980
A 69.692718506 -4.262557030 163.094940186
A 99.506462097 -243.501449585 199.811187744
A 376.254730225 -107.281127930 136.437683105
A 139.571990967 -70.927955627 439.269348145
A 73.211204529 18.162187576 327.724670410
A 36185.832031250 -43969.660156250 55847.316406250
A 370.762329102 -204.408615112 327.764892578
A -6785.811523438 780.870239258 4296.242187500
A 1508.208862305 -3458.866210938 -546.862792969
A 139.196380615 -246.360351562 362.217346191
A 143.665069580 76.392799377 198.794525146
A 390.589172363 -2.813080788 214.547882080
A 288.946502686 -225.758132935 125.249137878
A 39.607074738 -151.767898560 196.193115234
A 336.797821045 4.934260368 132.625167847
A 271.266540527 88.049972534 206.368209839
A 343.800781250 -168.269195557 397.466491699
A 84.328521729 -159.067352295 127.222091675
A 134.315429688 -197.873046875 110.641418457
A -3293.897949219 2110.255859375 93.508117676
A 282.485595703 -225.986221313 397.431030273
A 167.063720703 -108.118392944 450.876770020
A 368.355560303 -177.469192505 154.996017456
A 153.763977051 76.466171265 316.514709473
A 216.637298584 -25.384239197 433.714752197
A 136.483016968 -277.338806152 235.513961792
A 107.702819824 -95.158912659 427.812469482
A 251.027755737 -291.634460449 231.823013306
A 242.068832397 -271.275238037 326.892242432
A 302.459167480 1.328796148 260.897033691
A 140.453933716 -101.569122314 74.666564941
A 346.278839111 -18.435554504 129.762542725
A 267.641571045 -208.755981445 418.581848145
A 27605.419921875 53636.031250000 25594.152343750
A 82.104255676 -143.247604370 394.306823730
A 276.499420166 18.115755081 413.245178223
A 250.418182373 -292.438507080 291.659057617
A 403.604949951 -96.841575623 190.374664307
A 88.065788269 -30.639945984 126.469932556
A 96.792335510 36.004005432 183.491409302
A 240.134750366 -252.742996216 379.114166260
A 317.703796387 71.260971069 221.538742065
A 39.457927704 -87.050788879 176.164978027
A 46.693298340 -46.315834045 334.283233643
A 235.275833130 -180.476547241 79.350036621
A 150.181365967 -23.387544632 408.617553711
A 104.875183105 -38.649040222 409.566253662
A 235.649703979 -185.893936157 436.477508545
A 388.198730469 -46.123962402 349.819244385
A 375.534210205 26.811010361 270.569427490
A 169.762084961 -286.826782227 232.088272095
A 274.788391113 -62.487915039 447.348083496
A 128.812866211 -262.854675293 198.808212280
A 167.246688843 63.119026184 361.345336914
A 79.185729980 -172.557983398 375.631256104
A 25.205307007 -131.441909790 264.253356934
A 189.689071655 -237.241851807 124.793975830
A 224.908691406 81.455329895 169.310165405
A 176.687957764 -32.573066711 291.212585449
A -4566.543457031 41967.937500000 -53630.707031250
A 336.155212402 35.031841278 168.694976807
A -470.440917969 -1269.102661133 177.126556396
A 80.964134216 -194.861587524 364.194335938
A 370.130157471 -203.876892090 185.955230713
A 90.666099548 -62.484104156 111.553634644
A 281.667449951 14.322052002 107.154937744
A 7846.004394531 -505.039123535 -1747.784423828
A 381.247131348 -8.018069267 335.169189453
A 244.320648193 -78.676803589 62.084720612
A 105.695426941 22.048135757 365.391143799
A 117.502449036 -268.876037598 273.075164795
A 8999.263671875 10273.097656250 19656.472656250
A 313.163146973 48.641979218 162.387344360
A 22.965089798 -103.140106201 224.000656128
A 96.204986572 -19.892925262 395.229095459
A 19.410724640 -72.717483521 252.175781250
A 319.758483887 -227.234786987 146.280059814
A 371.655242920 -224.005966187 260.254943848
A 103.037803650 8.422608376 321.924133301
A 88.041740417 -104.997238159 407.022399902
A 32.033939362 -40.270977020 258.838134766
A -3583.879882812 -1442.861083984 3526.996582031
A 174.001113892 90.793960571 223.734115601
A 213.652572632 -199.139297485 86.617111206
A 124.287536621 -97.019935608 402.717742920
A 76.623313904 -7.628949642 358.095245361
A 111.078956604 36.806060791 161.516387939
A -21450.470703125 6795.929199219 4406.494140625
A 84.036460876 -216.997131348 183.599105835
A 263.430236816 -89.087333679 454.668975830
A 109.242988586 -256.571289062 306.747711182
A 37.556552887 -91.240859985 337.530639648
A 326.111724854 20.821580887 340.178436279
A 318.932800293 67.404869080 306.626007080
A 184.752929688 92.402236938 287.619659424
A 391.857177734 7.283199310 247.058349609
A 414.212341309 -47.936393738 269.216308594
A 247.583099365 -260.860992432 148.938354492
A -2877.164550781 2674.808837891 -570.871215820
A 99.812591553 -133.876739502 412.856750488
A 254.887161255 -162.900283813 71.320571899
A 304.344604492 84.085250854 252.372634888
A 237.320419312 -223.068557739 412.606994629
A 92.471328735 5.183226585 144.789276123
A 388.930053711 -196.236938477 288.522216797
A 316.120239258 -6.802251339 111.908996582
A 267.518341064 -279.258270264 325.198669434
A 308.563140869 -108.994468689 443.047271729
A 160.216094971 -74.717666626 70.316413879
A 107.996978760 55.418624878 311.651245117
A 226.189880371 64.711517334 143.439071655
A 417.161071777 -70.930236816 245.352966309
A 277.789123535 -1.823977470 231.496795654
A 200.909561157 -254.797317505 378.511474609
A 125.387687683 -149.009597778 426.241821289
A 235.625656128 -285.558563232 201.105957031
A 248.956863403 29.746730804 107.625816345
A 163.279739380 -219.593826294 115.311492920
A 313.315368652 -35.275600433 422.801177979
A 76.938697815 -232.386657715 305.275726318
A 154.599548340 81.428314209 294.152465820
A 179.238220215 -264.605438232 163.033309937
A 352.840301514 -19.826915741 388.312500000
A 288.066741943 -132.735778809 75.056610107
A 190.909484863 -205.197708130 422.680786133
A 373.783142090 -131.330963135 382.177886963
A 205.741943359 -279.180694580 336.104675293
A 205.439590454 -167.487823486 442.313720703
A -12330.421875000 11316.142578125 2662.314941406
A 329.121490479 -186.950210571 119.764640808
A 357.535461426 -88.293418884 404.580200195
A 10505.974609375 4708.155273438 -24.686101913
A 289.338104248 34.941715240 371.378601074
A 30.151294708 -135.750915527 217.536621094
