533

W 36.672878265 -84.837852478 258.172882080
W 284.664703369 24.517333984 25.611013412
W 75.345138550 -11.753787041 -9.476354599
W 124.078041077 125.858734131 134.492065430
W 0.835387886 -92.236389160 95.710098267
W -9.310361862 -56.879604340 114.268455505
W 142.451370239 -12.736497879 130.708328247
W -744.528015137 -12.071558952 -1759.708984375
W 197.697647095 -3274.492919922 -31206.285156250
W -5.034576893 -3.104142666 153.556610107
W 262.802032471 -135.335083008 258.099914551
W 141.006774902 -57.480911255 104.167938232
W 94.000114441 111.141479492 180.283981323
W 31.555339813 -115.162078857 43.745132446
W 303.475494385 -90.744316101 241.874176025
W 4471.522949219 -1028.135131836 10019.986328125
W 140.103790283 -28.294591904 -36.023414612
W 203.177490234 109.050514221 62.720687866
W 195.388778687 -29.285264969 137.494293213
W 91.797782898 -153.914779663 258.632141113
W 164.952285767 -215.314773560 86.317916870
W -7.339166164 -13.332816124 118.215110779
W 178.557983398 -18.590263367 -35.683799744
W 8463.839843750 6618.244628906 -243.017227173
W 118.768196106 -144.969894409 40.601497650
W 100.094268799 117.396789551 116.261566162
W 70.526199341 -126.922035217 12.260205269
W 24.087419510 -65.706222534 106.236801147
W 50.696125031 16.307588577 166.105209351
W -32.206691742 154.294799805 -614.011413574
W 180.684783936 -208.324203491 209.196685791
W -4.832388878 -51.020217896 89.999458313
W -0.831369579 -79.695831299 165.966659546
W 88.762138367 94.533874512 63.163188934
W 19.414903641 38.726108551 84.715324402
W 295.613464355 25.089778900 236.114883423
W 155.324295044 -106.245910645 16.056407928
W 281.983398438 -176.887664795 115.212333679
W -1.582586884 -16.930492401 189.688629150
W 262.384368896 -44.388435364 120.786804199
W 37.667446136 -4.508615971 254.018035889
W 258.174774170 -47.467880249 289.395782471
W 244.387100220 -142.468948364 265.225341797
W 128.024017334 82.576614380 22.370914459
W -6928.534179688 2386.201171875 154.475616455
W 112.985992432 -119.320114136 292.825469971
W -27080.363281250 35762.503906250 22726.775390625
W 194.726119995 -217.199600220 100.372657776
W 236.640563965 -160.224746704 63.190387726
W 3247.215087891 1629.381958008 -71.535293579
W 298.384185791 -144.354858398 143.172775269
W 317.729248047 -80.201568604 222.050140381
W 288.962646484 -7.000432491 260.598236084
W 258.837677002 42.920551300 15.964995384
W 156.464965820 -219.989791870 109.921226501
W 187.168899536 124.994010925 100.364387512
W 239.794387817 -173.442657471 239.248397827
W 288.937713623 78.886695862 127.908020020
W 296.144256592 41.106342316 65.804290771
W -37479.925781250 9236.456054688 -28893.189453125
W 262.768005371 -70.302352905 284.376831055
W 175.000610352 -48.700191498 -33.191303253
W 250.568817139 2.845485687 24.894699097
W 219.125381470 91.252037048 40.982059479
W 296.522766113 70.951972961 150.036514282
W 88.005493164 63.579723358 254.904846191
W 152.562210083 -221.945907593 130.249328613
W 53.106445312 86.956352234 170.813430786
W 42.707118988 75.948471069 100.221374512
W 2.555575132 21.993429184 150.698852539
W 3.788461208 -58.977737427 204.277359009
W 117.923072815 -20.154388428 156.046539307
W 57.454994202 69.256561279 221.382812500
W 282.646850586 -169.428619385 92.095977783
W 277.000274658 76.676971436 78.168487549
W 310.388397217 9.677109718 225.200942993
W 90.029373169 -105.155372620 288.519622803
W 128.981399536 32.714565277 -15.173179626
W 89.550804138 -152.222869873 18.778989792
W 193.004058838 -134.640472412 290.331298828
W 3020.538818359 -9354.542968750 17556.353515625
W -589.064697266 -899.929077148 -1540.310668945
W 251.425308228 42.758068085 247.306457520
W 55.072689056 -162.250213623 66.566818237
W 197.388351440 -0.033448808 306.413421631
W 321.278839111 6.072357655 72.877609253
W 15.507102013 -59.178359985 231.114379883
W 156.934402466 85.681465149 19.160560608
W 120.209510803 -98.405670166 -26.193193436
W 209.404052734 30.806482315 -14.958318710
W 257.979736328 60.828231812 42.551048279
W 235.781875610 116.837066650 133.418792725
W 23700.609375000 -8081.563964844 -25751.382812500
W 15.876348495 -16.484035492 48.390121460
W 255.786270142 85.689956665 214.314117432
W 2.021461964 -5.510918617 84.573890686
W -11218.390625000 -45930.445312500 5865.224609375
W 249.005752563 -11.957996368 290.766204834
W 105.546028137 18.463960648 -14.594234467
W -4.086769104 9.794910431 168.983627319
W 308.122192383 -35.509971619 34.941905975
W 1003.664428711 -148.856048584 756.982055664
W -3459.560546875 7655.138183594 7645.640136719
W 274.300506592 43.422863007 247.268890381
W 54.124195099 -17.709045410 273.228302002
W 666.572631836 -787.735839844 -702.689147949
W 80.447708130 45.818786621 28.955125809
W 175.477325439 92.194183350 248.341339111
W 301.537963867 -57.434242249 251.887268066
W 182.798217773 69.861534119 271.590423584
W 306.751403809 21.960769653 177.233062744
W 64.547195435 85.077346802 204.284820557
W 315.710510254 -109.454994202 206.504837036
W 138.360610962 61.901611328 230.578201294
W 177.992874146 128.273773193 162.808486938
W 43.332019806 -62.510143280 258.038635254
W 186.167770386 -84.716651917 309.802154541
W -861.973327637 -47028.308593750 -11497.468750000
W 235.642608643 88.855262756 228.055419922
W 156.559295654 -18.465015411 203.125762939
W 237.716629028 -122.510559082 281.520111084
W 163.504806519 -84.732650757 -34.628917694
W 19.394432068 596.468078613 877.889526367
W 297.006774902 -66.458045959 23.748899460
W -32101.789062500 -24806.367187500 -28726.707031250
W 12.985320091 -116.478889465 83.234146118
W 68.911933899 99.164428711 175.851852417
W 78.003906250 19.515512466 -0.562639534
W 340.690612793 -48.759319305 120.231651306
W 325.487426758 -121.702323914 134.855346680
W 99.094436646 -72.435852051 -23.035642624
W 169.429641724 -128.168792725 -19.015916824
W 54.770011902 -175.337341309 178.478225708
W 111.617591858 -186.570800781 230.501083374
W 42.642189026 -65.646453857 266.812469482
W -1590.634765625 -9393.560546875 3038.198730469
W 187.216949463 27.761079788 298.438201904
W 209.878189087 119.350746155 93.740188599
W 5425.454589844 -4831.742187500 -1128.396118164
W 123.169441223 -210.249511719 91.739982605
W 218.051513672 -182.412460327 239.648849487
W 274.351989746 66.700920105 53.845603943
W 127.701080322 -56.348712921 313.714141846
W 147.177337646 116.929031372 72.725784302
W 310.692260742 -102.447494507 120.522018433
W 18394.419921875 -6260.657714844 -26778.443359375
W 124.565399170 -5.056196690 -28.513729095
W 164.295120239 -26.791473389 -306.767761230
W -8437.711914062 -2322.512939453 2131.849365234
W 170.541183472 -167.221237183 263.592224121
W -4855.518554688 -3680.869140625 -789.973754883
W 294.386322021 -92.795127869 29.825847626
W 110.078369141 -201.207305908 200.265899658
W 253.719650269 35.324771881 155.554397583
W 233.625762939 -152.264846802 19.489496231
W 306.921905518 -143.155502319 182.535110474
W 37.483291626 -109.154129028 243.461837769
W 186.032745361 -47.986888885 314.808105469
W 37.093955994 33.883655548 42.592853546
W 328.394805908 -32.585617065 69.204528809
W 270.251464844 2.164315701 205.189086914
W 237.022796631 -77.002410889 191.800582886
W 153.850952148 -218.526779175 172.641616821
W 125.720016479 -176.606857300 24.964269638
W 251.855316162 -188.623275757 199.126556396
W 295.755279541 70.160949707 166.677825928
W 305.952392578 -152.554336548 160.501388550
W 309.921325684 53.078536987 118.108573914
W 289.361511230 -171.739715576 152.920913696
W 63.819530487 99.950828552 136.915817261
W 210.505340576 -209.560379028 190.513687134
W 92.562889099 92.075874329 223.698501587
W 337.514312744 -7.657474041 151.971298218
W 156.480270386 -142.866775513 287.131805420
W 69.557197571 -187.970855713 155.966079712
W 42.000469208 17.950489044 248.311767578
W 83.116828918 -109.016693115 68.516624451
W 104.773025513 -83.819343567 302.094757080
W 232.374664307 113.061813354 96.371200562
W 221.234298706 -215.351715088 138.348968506
W 129.275970459 -88.434623718 276.408447266
W 325.802612305 -19.554372787 209.279159546
W 4.526305676 -115.506500244 128.041702271
W 85.199455261 48.050544739 10.261034012
W 207.833877563 -200.779602051 64.986465454
W 210.859695435 -125.355781555 -11.675731659
W 3693.698974609 8795.863281250 11916.246093750
W 153.712005615 -221.671264648 155.324234009
W -365.820220947 -401.174468994 -205.238723755
W 11.677947044 41.218498230 146.172653198
W 201.916625977 -67.815620422 -32.315277100
W 325.968841553 -114.515083313 167.897796631
W 76.805595398 53.336898804 199.084609985
W 3271.354980469 -6517.897460938 -1755.405761719
W -18276.242187500 23239.781250000 18969.527343750
W 322.443878174 26.445686340 101.855194092
W 106.174850464 10.862588882 295.217224121
W 144.057998657 88.415557861 257.485443115
W 298.369415283 -162.455032349 124.744834900
W 328.480377197 -87.737800598 193.362213135
W 40.186306000 26.035627365 44.045372009
W 170.354232788 -21.621416092 307.984802246
W 142.635879517 51.124355316 284.735748291
W 241.870803833 99.828155518 73.511154175
W 215.018005371 23.427162170 293.439788818
W 261.709350586 -194.270462036 127.489303589
W 221.626342773 110.361694336 182.720352173
W 236.923690796 37.751407623 0.029830892
W 127.969802856 -52.416835785 306.295410156
W 313.906463623 45.743019104 173.773544312
W 139.542465210 -119.898674011 298.621093750
W 113.462760925 -172.600784302 250.635192871
W 291.635925293 -38.030609131 262.544494629
W -302.632263184 -6828.938964844 -2946.251464844
W 312.462432861 -6.341093063 48.118251801
W 41.799770355 -168.287994385 156.714035034
W 146.632415771 -97.612312317 -21.844812393
W 257.498046875 -26.592607498 225.706130981
W 137.401489258 -41.299541473 -22.112457275
W 163.033645630 -103.648376465 306.683258057
W 84.068237305 -49.295688629 296.518218994
W 1661.313598633 736.565307617 166.227310181
W 202.891845703 -86.961914062 -28.435081482
W 139.585525513 -197.613922119 225.849533081
W 266.522949219 -138.449096680 29.401319504
W 91.455589294 -197.234039307 188.529815674
W 114.325241089 72.429405212 149.105651855
W 170.981124878 -79.864418030 313.480041504
W 173.748016357 37.589923859 138.456192017
W -3929.011230469 21955.718750000 -52140.031250000
W 315.789123535 -33.621208191 231.631942749
W 234.347122192 -0.293893635 -18.581205368
W 226.982147217 -12.774437904 301.232788086
W 184.858230591 -19.038661957 313.578552246
W 187.018325806 -189.843170166 138.671798706
W 157.272277832 -215.067840576 191.480209351
W 5.054569721 -63.263080597 64.750938416
W 72.880928040 2.088350296 281.413970947
W 46.118980408 11.662019730 67.807037354
W 114.178749084 101.371170044 55.429389954
W 300.443237305 -140.844345093 202.410781860
W 39.824287415 62.515956879 77.077400208
W 34.669734955 -152.965698242 183.657104492
W 70.574737549 -34.226978302 285.532501221
W 13.023489952 18.479522705 202.733520508
W 59.212570190 -97.905601501 270.954498291
W 287.397460938 -20.930158615 76.228118896
W 200.664321899 85.707077026 25.638362885
W 149.495849609 -154.117294312 14.932006836
W 19.800951004 17.420484543 57.834495544
W 33543.792968750 15460.945312500 4003.827880859
W 1842.894287109 -5740.871582031 -5035.490234375
W 8.659171104 -18.457590103 216.799652100
W 158.484344482 130.365280151 142.638610840
W 208.670745850 -200.512084961 214.148559570
W 85.186325073 72.661796570 33.824172974
W 307.268432617 -102.947578430 51.822212219
W 218.296798706 -95.159629822 300.777740479
W 27.560846329 -76.704673767 30.992841721
W 63.948406219 89.570487976 89.580932617
W 119.633621216 -199.010284424 64.613250732
W 195.917800903 -182.464660645 248.363128662
W -3230.858398438 74.370552063 2337.094238281
W 33.820842743 -152.961914062 93.391792297
W 334.520416260 -59.855518341 88.212646484
W 60.618572235 -104.412986755 26.228477478
W 116.064620972 37.266948700 286.800354004
W 324.701965332 30.828773499 133.639938354
W 98.928268433 -178.077270508 41.514442444
W 52.631103516 -26.826383591 3.771859884
W 156.994659424 -120.907783508 -19.294879913
W 95.893951416 -206.767593384 119.482460022
W 94.358596802 -193.885116577 76.575790405
W 58.226020813 56.691455841 40.858016968
W 325.539764404 27.285524368 147.249847412
W -2828.894775391 -14058.494140625 7302.479492188
W 87.546752930 26.878587723 279.770446777
W 38.138805389 -133.702041626 222.868453979
W 207.123794556 8.332186699 127.596435547
W 338.470947266 -24.319770813 109.209724426
W 2111.041015625 8934.683593750 5922.661132812
W 166.715927124 -74.482627869 148.962631226
W 12.676886559 -107.738662720 201.201904297
W 237.284973145 67.652717590 22.955133438
W 248.744979858 -105.992126465 -4.017869473
W 18.194612503 41.738735199 187.480102539
W 150.107406616 -9.933397293 311.866485596
W 256.732879639 24.346492767 272.884246826
W 214.000808716 -15.784088135 -0.313085556
W 1173.548706055 -122.061798096 161.278961182
W 71.106941223 -191.029647827 113.625717163
W 94.449607849 82.980209351 149.553237915
W 45.239109039 -140.785934448 49.564147949
W 158.468597412 6.996697426 -29.862541199
W 489.445800781 -92.342193604 414.802429199
W 52.288288116 -179.012786865 135.445388794
W 216.236755371 -157.150253296 267.573394775
W 135.568496704 -172.238464355 259.446624756
W 239.445953369 -41.118854523 -21.408639908
W 170.619567871 53.997497559 -6.859851360
W -1.244488120 -76.359901428 189.989227295
W 28.025213242 61.626194000 171.908538818
W 83.468963623 -56.939182281 126.179061890
W 266.266540527 -78.234710693 -1.629878402
W 49.663429260 -59.657360077 62.293121338
W -10.837247849 -32.273544312 143.562347412
W -16954.824218750 -24850.761718750 19195.826171875
W 189.971664429 -92.333267212 232.550491333
W 276.730865479 -175.713973999 185.057983398
W 158.781265259 107.692611694 49.980106354
W -2733.462890625 -6923.357910156 -4937.755371094
W 246.870651245 -149.350601196 230.634048462
W 84.592918396 -22.326332092 44.554485321
W 29.983661652 -138.051971436 202.434860229
W 335.774749756 -84.159515381 166.867706299
W -8.926257133 -41.934532166 172.413665771
W 335.050292969 -52.335906982 188.587585449
W 189.611938477 -146.404953003 -5.354644299
W 64.561721802 -87.089996338 -1.188879132
W 269.427093506 -15.059655190 278.539581299
W 336.723358154 -80.748893738 110.731155396
W 116.107131958 -215.379852295 146.132003784
W 215.185775757 -125.007164001 289.780059814
W 171.949401855 -200.790359497 53.644760132
W 316.150756836 -61.755439758 48.928459167
W 119.572319031 -205.029693604 133.753417969
W 74.970191956 102.258354187 102.985466003
W 308.098602295 41.856014252 81.105369568
W 148.939575195 106.047073364 221.716888428
W 249.972869873 -187.650115967 73.249313354
W 171.010665894 -119.912979126 297.155456543
W 307.248413086 34.165985107 199.278594971
W 177.723999023 -175.633987427 260.215454102
W 74.770217896 -168.573852539 50.201812744
W 235.383422852 -207.702407837 113.698104858
W 179.902557373 -46.875450134 -39.258846283
W 96.575401306 -9.522813797 -19.690721512
W 2.107983112 -28.886940002 71.306343079
W 32.778652191 -3.287707806 156.700378418
W 217.977416992 81.354774475 249.382705688
W 265.335845947 -169.207077026 60.629772186
W 72.504211426 -184.233886719 193.242950439
W 21.949811935 -51.915954590 34.570549011
W 162.756942749 -209.709991455 75.241111755
W -2277.585449219 3396.712158203 6514.615234375
W 142.977523804 69.596641541 270.458496094
W -11595.003906250 32513.361328125 -2847.215332031
W 224.223175049 -100.597778320 -17.065116882
W 1.976916552 12.114634514 104.379669189
W 42.178905487 80.787590027 130.809600830
W 315.142852783 -136.484329224 120.795082092
W 177.681686401 -49.469814301 257.887542725
W 211.213211060 61.816547394 6.364834309
W 20.224641800 -4.811872959 230.861953735
W 9947.677734375 3633.712402344 -6109.937988281
W 188.851379395 -222.137145996 146.497817993
W 72.984832764 -62.250438690 -11.440090179
W 241.895980835 -85.649360657 293.244354248
W 331.605957031 -0.751272917 100.585884094
W 270.659240723 69.192024231 222.274124146
W 121.510536194 118.982986450 185.202484131
W 126.454261780 -120.868171692 -17.872022629
W 592.655273438 -1405.731201172 -624.018859863
W 147.865936279 -187.309768677 44.363891602
W 159.086639404 -190.408538818 34.720504761
W 167.699569702 -167.717926025 7.982966900
W 18.296714783 -136.302169800 110.409851074
W 182.254974365 123.646690369 185.266906738
W 265.618072510 97.312255859 160.709045410
W 231.630844116 -148.774215698 11.163466454
W 74.149566650 82.867538452 58.601215363
W 229.169357300 95.321723938 112.578590393
W 243.510299683 -204.438079834 154.604324341
W 60.135269165 -147.874435425 239.807983398
W 117.916976929 105.455253601 217.131607056
W 5357.677246094 -6351.440917969 -619.980834961
W 262.553741455 -191.237274170 165.687957764
W 48.024528503 48.913539886 233.179626465
W -197.852996826 -51.797576904 -1329.963989258
W 178.323959351 112.120964050 216.093750000
W 325.125762939 -108.006248474 96.023017883
W 221.114181519 109.365600586 203.532424927
W 207.635589600 -175.125686646 28.840471268
W -11631.458007812 9051.129882812 -12683.059570312
W 68.981666565 -63.914970398 286.425506592
W 223.559844971 41.412857056 281.072753906
W 16.334672928 -87.437782288 223.438568115
W 171.067916870 128.604171753 115.505165100
W 107.074668884 114.375953674 92.521408081
W 210.748443604 0.782678068 -25.702394485
W -10378.629882812 4846.779296875 -8958.521484375
W 95.796195984 117.465347290 146.902633667
W 55.314891815 -174.628067017 94.821479797
W 104.730171204 -37.759754181 305.144256592
W 268.212524414 -102.785438538 272.547027588
W 0.169962659 -102.847862244 160.725799561
W 200.425491333 126.984542847 135.490722656
W 311.637359619 -124.108963013 79.542381287
W 183.379730225 -159.714721680 10.193486214
W 299.283386230 -123.880958557 225.928482056
W 279.965087891 80.256652832 185.306381226
W 27.414733887 -37.211456299 248.909835815
W 244.444580078 -69.421707153 -16.654434204
W 293.188262939 -148.684494019 74.966072083
W 22316.123046875 -27111.865234375 34436.652343750
W 698.960083008 -423.010559082 385.022857666
W -9566.153320312 1115.297363281 5756.476074219
W 3220.857421875 -8129.518066406 -1767.099853516
W 243.662933350 86.755500793 51.198566437
W 235.183319092 -200.032714844 191.009811401
W 16.389560699 -131.222015381 175.305892944
W 112.154403687 75.950851440 255.240188599
W 325.717651367 9.402173996 192.923767090
W 62.580547333 -132.604949951 248.726226807
W 124.154525757 -210.065124512 185.641143799
W 53.554508209 15.804888725 15.051018715
W 290.487670898 6.341820240 249.694778442
W 248.762207031 43.676918030 267.363586426
W -7531.338867188 4738.622558594 -245.651565552
W 109.509681702 71.589553833 18.309806824
W 219.768371582 -34.617328644 -29.609598160
W 39.591526031 37.132671356 230.934402466
W 234.830154419 -200.502090454 87.110626221
W 164.149032593 -87.302589417 54.674156189
W 241.573181152 112.293273926 157.479690552
W 268.148193359 -50.355194092 -3.550662518
W 136.830871582 127.112686157 162.711318970
W 157.002883911 37.692165375 112.939849854
W 669.053222656 633.749389648 270.172882080
W 229.435195923 -41.416400909 303.451660156
W 72.741760254 -112.116271973 238.230178833
W 124.698020935 51.390838623 -2.852669001
W 17566.859375000 34137.527343750 16275.300781250
W 290.056854248 -1.589569330 19.847448349
W 116.631423950 -149.273193359 3.320854425
W 145.715316772 127.701095581 113.153640747
W 33.162837982 -48.395881653 187.107711792
W 283.800048828 -96.675048828 246.403717041
W 273.933563232 -166.313903809 212.139526367
W 154.749267578 85.636657715 37.893154144
W 92.606750488 -172.799026489 163.600585938
W 324.932800293 -55.091598511 213.793487549
W 321.627990723 -86.134391785 68.996849060
W 157.015136719 17.115102768 262.332702637
W -490.243103027 671.220703125 1499.783569336
W 263.916503906 -99.726028442 8.635096550
W 154.192657471 31.339481354 -19.788351059
W 20.525875092 -97.658065796 50.061733246
W 28.866788864 -154.113235474 126.455421448
W 216.146011353 121.861663818 164.108062744
W 119.174644470 -88.207038879 -25.930597305
W 248.737518311 97.113464355 194.254333496
W 216.177047729 -184.072036743 40.094474792
W 282.431976318 18.305717468 40.531707764
W 339.687103271 -19.047920227 133.358367920
W 186.401489258 62.660465240 246.738098145
W 165.125106812 -200.056747437 213.261917114
W 174.207321167 -55.115406036 135.380722046
W -2884.862060547 26507.775390625 -33869.113281250
W 66.893142700 -163.913253784 224.395370483
W -3699.960205078 -6501.212402344 -284.568695068
W 294.507781982 39.063964844 49.291389465
W 54.583721161 31.089366913 186.686447144
W 285.032012939 -78.432609558 266.891479492
W 112.773490906 -143.581375122 277.526153564
W 10901.485351562 -668.774536133 -2676.926025391
W 31.706823349 -121.324012756 66.027679443
W 149.355010986 -63.168098450 314.855041504
W 265.206909180 -156.878524780 45.361644745
W 257.004852295 104.555900574 120.369415283
W 7418.630859375 8503.537109375 16219.584960938
W 82.417205811 -178.680007935 218.656524658
W 340.104003906 -44.494827271 167.412445068
W 271.621765137 -115.919898987 17.169239044
W 341.059661865 -62.146194458 148.035476685
W 79.649314880 62.520908356 222.984024048
W 30.856395721 69.856925964 142.420578003
W -383.385803223 453.102203369 475.365966797
W 280.356567383 -38.319850922 5.337877750
W 334.772094727 -98.089485168 134.491256714
W -6903.115234375 -2616.853271484 6241.825195312
W 208.127273560 -215.617370605 166.760574341
W 164.322204590 40.165229797 292.890899658
W -774.214416504 65.705047607 1525.739868164
W 292.236511230 -129.511398315 50.906681061
W 263.748291016 -162.094711304 229.447250366
W -17981.500000000 5665.420898438 3616.541259766
W 296.002868652 50.773036957 210.246124268
W 126.752105713 -54.123073578 -34.547924042
W 268.083251953 93.580772400 102.264472961
W 324.006408691 -47.693252563 73.416297913
W 129.430068970 -84.353530884 105.811470032
W 79.269714355 -192.337341309 99.108314514
W 200.097640991 -212.114105225 109.425460815
W 14.457684517 -134.592605591 148.010742188
W -5.588914871 -87.920028687 129.336410522
W 138.845611572 95.491432190 241.117782593
W -6483.207031250 5906.467285156 -1713.023437500
W 278.202850342 -16.695093155 4.805096626
W 141.349487305 16.166521072 303.061523438
W 93.854484558 -204.893676758 146.171218872
W 154.314437866 70.402748108 6.617447376
W 281.116271973 -135.657119751 240.162109375
W 13.876422882 42.433174133 113.055999756
W 76.571784973 -125.981475830 270.704406738
W 128.950561523 117.182334900 81.116310120
W 86.858604431 -38.899349213 -19.651729584
W 216.742691040 -63.221313477 307.106811523
W 246.050201416 -149.932296753 96.433670044
W 165.408950806 -194.601455688 235.948669434
W -8.905055046 -75.877037048 153.124023438
W 3597.195800781 5533.159179688 -1540.387817383
W 180.418533325 93.722877502 30.517129898
W 254.703414917 3.578815937 -6.909634113
W 151.348068237 120.636863708 196.490509033
W 151.169189453 -159.887725830 274.342315674
W 215.603698730 64.741073608 267.542602539
W 90.796310425 -111.967979431 -7.272172928
W 289.952545166 73.372245789 102.367691040
W 210.569488525 -160.657287598 115.521514893
W 201.200210571 104.534881592 224.098480225
W 49.431327820 -118.752845764 25.475172043
W 110.477729797 -12.806077003 303.731048584
W 193.547821045 48.742023468 -7.212442398
W 32.232021332 -15.461442947 25.926240921
W 175.019882202 117.355499268 72.312263489
W 184.938003540 11.375698090 -27.573661804
W -11664.146484375 10669.937500000 2407.739746094
W 72.620895386 39.063194275 262.921447754
W 44.333793640 -50.739185333 9.474648476
W 11939.605468750 5431.724609375 -171.162582397
W 795.995727539 1095.412475586 1166.862060547
W 333.806884766 -5.827930927 174.907592773
