533

W 3514.135986328 944.816040039 -3073.000244141
W 292.341400146 -72.122589111 -5.817872524
W 90.355094910 -116.573768616 -39.564357758
W 130.793182373 22.025730133 102.268043518
W 5.441467762 -192.789581299 65.510208130
X -5.864051342 -160.284179688 81.787223816
W -3298.001708984 2683.455322266 -30.382623672
W -3214.844482422 169.831710815 -6907.171386719
W 181.821029663 -3321.137939453 -31704.009765625
W 5.241942406 -102.837654114 118.837356567
X 268.222503662 -241.208663940 225.766693115
W 1643.179443359 -1378.152709961 -455.813903809
W 89.368721008 15.083498955 147.477188110
W 2994.449951172 1325.472534180 2052.793212891
W 313.147979736 -185.454650879 208.090774536
W 6180.976074219 -1445.066040039 13932.038085938
W 147.766662598 -141.104248047 -72.180557251
W 209.572006226 19.665384293 25.118268967
W 367.023742676 -973.157653809 -3318.156738281
W 89.116363525 -247.428329468 229.315414429
W 279.652130127 3486.989257812 1165.928222656
W -3.806234598 -109.449279785 87.927604675
W 180.082214355 -126.207214355 -74.028076172
W 11823.414062500 9347.822265625 -428.478637695
W -87.860992432 -773.071960449 -674.405273438
W 101.138885498 26.268283844 83.017646790
W 73.866340637 -224.841033936 -15.973834991
W 4613.700683594 502.863281250 1172.085327148
W -4174.766113281 2343.096435547 1093.694335938
W -1427.538574219 1781.853881836 -6052.193359375
W 181.493103027 -309.462615967 179.630981445
W 2.338309050 -149.434692383 55.135665894
W -3047.701171875 -798.649780273 583.076354980
W 96.428825378 -29.014158249 36.923973083
X 20.650579453 -60.206962585 44.240131378
W -1170.135742188 -845.427368164 -903.786132812
W 723.315246582 1564.789428711 3255.341308594
W 294.937011719 -275.486267090 74.563018799
W -2.083580256 -114.428802490 153.752441406
W 3604.338623047 -357.219757080 -498.990570068
W 48.724170685 -107.005989075 201.407318115
W 265.769439697 -141.218505859 258.782745361
W 239.367736816 -224.152023315 202.899246216
W 132.040893555 -16.440114975 -18.768781662
W -11527.605468750 3939.564697266 113.996353149
W 114.473892212 -215.262237549 262.105407715
W -25420.808593750 33557.437500000 21320.441406250
W 185.704574585 -301.463378906 56.315185547
W -850.946350098 2179.339843750 1557.175048828
W 8045.629394531 4254.724609375 -451.041595459
W -3575.117919922 2855.962158203 -120.282119751
W 325.737060547 -180.464233398 193.988342285
W 294.164916992 -88.552024841 224.151367188
W 277.093322754 -52.594604492 -17.048921585
W 164.109542847 -315.638671875 67.473381042
W 190.929351807 36.012660980 71.448730469
W 249.638885498 -268.725616455 213.674942017
W 297.695739746 -16.939895630 92.442558289
W 3248.694091797 2171.569091797 -1876.095214844
W -35373.289062500 8711.214843750 -27264.857421875
W 270.435150146 -166.566726685 254.894149780
W 218.538833618 -244.153839111 -2046.957275391
W 1504.491088867 520.278686523 -1860.642700195
W 229.439178467 -2.104158401 0.889143050
W 307.095520020 -19.891880035 122.543724060
W 88.015808105 -29.918209076 219.342956543
W 159.759933472 -320.310791016 82.768745422
W 92.553688049 -51.748500824 123.953681946
W 44.917758942 -15.016721725 65.775093079
W 3.067011595 -68.861740112 119.522148132
W 76.325332642 -152.585189819 141.282333374
W -3864.848144531 2721.265869141 985.433837891
W 56.263488770 -24.661193848 185.524551392
W 288.916839600 -269.166229248 57.001113892
W 290.093841553 -15.204985619 42.727039337
W 310.200805664 -74.845199585 197.149703979
W 91.357078552 -200.988616943 258.745574951
W 135.136215210 -62.467296600 -50.321907043
W 98.661743164 -246.609390259 -16.003112793
W 195.341781616 -229.963394165 264.800476074
W 3394.793701172 -10591.810546875 19862.402343750
W -2724.467773438 -3263.431396484 -6284.051757812
W -1319.253295898 -1473.096557617 -1578.260620117
W 60.585891724 -254.929244995 27.352933884
W 199.993316650 -95.478225708 275.236511230
W 330.162597656 -85.451255798 32.257373810
W 17.674745560 -157.258575439 201.250976562
W 156.726699829 -9.239106178 -21.823764801
W -1200.548217773 -1401.058959961 -4683.499023438
W 216.650390625 -64.675422668 -54.535396576
W 207.694473267 -111.205627441 72.343299866
W 249.359603882 23.988269806 108.649948120
W 23474.169921875 -8001.474121094 -25507.699218750
W 37.447795868 -118.859199524 25.872299194
W 258.936553955 -3.679594278 183.873718262
W 2.793358088 -109.332092285 49.371524811
W -10617.852539062 -43427.050781250 5543.108398438
W 258.262359619 -103.555755615 257.125152588
W 105.235412598 -83.253906250 -52.578441620
W -4719.277343750 1410.906860352 906.895324707
W 318.000122070 -129.090240479 -3.342226982
W 5630.337890625 -749.631835938 4211.421386719
W -4798.357421875 10515.940429688 10419.852539062
W 286.415466309 -56.912654877 212.623764038
W 50.800197601 -119.276176453 241.760467529
W 3066.821289062 -4198.316894531 -4709.799804688
W -638.526855469 540.915283203 -853.974853516
W 180.682846069 2.141417742 211.300170898
X 308.581756592 -150.223449707 220.879379272
W 185.688980103 -21.799654007 236.706604004
W -571.616455078 -595.461853027 -227.171218872
W 62.891578674 -13.764904022 171.154953003
W 323.518920898 -212.350280762 177.188201904
W -246.748901367 1561.182861328 1780.339599609
Q 185.058959961 36.153072357 139.262924194
W -2220.463134766 -593.178894043 2374.396728516
W 172.089691162 -185.367980957 275.539886475
W -814.173889160 -44359.148437500 -10859.885742188
W 242.039810181 -11.029368401 181.766403198
W 104.989707947 1110.379028320 2227.268798828
W 243.749923706 -227.120162964 251.262710571
W 161.503265381 -191.739807129 -65.431358337
W -784.833129883 4362.795410156 5170.333496094
W 301.917022705 -166.633773804 -20.342796326
W -30168.005859375 -23302.648437500 -26993.431640625
W 23.419076920 -217.585571289 45.514728546
W 66.016822815 1.819913983 143.532485962
W 76.710281372 -78.785736084 -35.254955292
X 350.723724365 -137.413284302 81.474296570
W 337.815673828 -224.840148926 95.190795898
W 111.030021667 -183.084411621 -56.356948853
W 170.365142822 -230.970687866 -48.655384064
W 55.629627228 -277.352874756 133.681182861
W 114.505035400 -287.166442871 200.263992310
W 43.854785919 -161.334152222 234.384216309
W -2377.160644531 -13566.686523438 4349.051269531
W 196.989089966 -68.185501099 265.717315674
W 220.704803467 30.415229797 64.218536377
W 9032.494140625 -8050.974609375 -1988.170043945
W 133.304885864 -305.093597412 46.653011322
W 220.755111694 -282.065734863 215.472457886
W 287.980407715 -29.424003601 16.437633514
W 128.286941528 -154.212738037 281.728027344
W 149.004394531 23.719966888 38.139102936
W 555.420288086 -351.330932617 -2.957924128
W 18478.376953125 -6286.225585938 -26943.132812500
W 126.783744812 -107.112068176 -65.435760498
W 239.590057373 387.271667480 -6169.897460938
W -12779.681640625 -3506.985351562 3111.979003906
W 173.543655396 -219.730606079 180.221298218
W -8925.089843750 -6617.052734375 -1561.359985352
W 298.683135986 -198.527740479 -11.280647278
W 106.343139648 -300.763122559 155.483886719
W 4443.173828125 4036.747070312 829.361145020
W 201.451248169 -202.840209961 38.115142822
W 314.822448730 -247.716430664 149.760101318
W 39.557331085 -205.002441406 214.001342773
W 182.137405396 -147.773300171 285.300964355
W 35.679828644 -67.305953979 9.148725510
W 339.154937744 -131.861557007 33.205997467
W 180.843063354 -139.754074097 107.768096924
W -1975.141235352 1575.993286133 -2204.150146484
W 157.914749146 -296.793945312 124.719436646
W 143.410293579 -271.976348877 -10.360505104
W 262.687255859 -291.224334717 157.985473633
W -1887.143554688 -1937.785888672 -231.846084595
W 309.747650146 -259.008850098 117.131683350
W 320.085479736 -34.200675964 89.421363831
X 301.239959717 -266.260772705 107.651069641
W 54.927112579 0.261573076 108.762794495
W 216.940658569 -308.715667725 153.087478638
W 96.376121521 -2.192763805 191.135314941
W 348.258850098 -97.697669983 117.118782043
W 156.446212769 -245.271575928 257.143524170
W 127.038818359 -214.722549438 105.469894409
W 35.377658844 -80.042816162 211.733016968
W 2377.212402344 1705.594848633 2260.514160156
W 117.043716431 -169.001235962 239.732772827
W 245.126937866 22.216133118 66.111228943
W 223.936584473 -314.220245361 96.538757324
W 169.297927856 -147.155456543 117.178268433
W 330.689300537 -103.609977722 181.442428589
W 12.089414597 -212.017837524 98.295509338
W 78.786003113 -42.246265411 -16.528486252
W 202.619537354 -296.236511230 22.193984985
W 207.325210571 -233.637619019 -44.115123749
W 4520.818359375 10851.102539062 14656.358398438
W 156.522598267 -321.693542480 119.164306641
W -4675.866210938 -3231.891601562 -2942.399902344
W 23.708555222 -67.020736694 117.773750305
W 196.577636719 -172.864227295 -38.791103363
W 334.317413330 -218.273925781 126.737800598
W -3405.076171875 4136.386230469 2447.362060547
W 5320.723632812 -10761.091796875 -3000.666748047
W -18183.857421875 23102.011718750 18857.056640625
X 334.184539795 -67.682662964 64.344932556
W 107.574951172 -84.680862427 261.302612305
W -453.302978516 3849.305175781 3431.578125000
W 298.018493652 -267.820007324 85.181312561
W 336.890441895 -189.811813354 162.906021118
W -123.954414368 1.437276840 -122.606552124
W 158.736480713 -331.261810303 -1768.858276367
W 149.343887329 -48.115604401 243.562362671
W 257.396240234 7.792543888 40.795845032
W 222.680068970 -64.732185364 257.874877930
W 269.689575195 -285.678771973 84.928634644
W -525.619567871 -1778.113525391 -455.283203125
W 249.887176514 -56.018215179 -37.228759766
W 321.861450195 -63.559925079 -461.053680420
W 320.785705566 -46.062252045 143.816009521
W 145.817413330 -216.276199341 270.129852295
W 122.028068542 -274.837310791 220.391967773
W 302.157592773 -127.917457581 228.241958618
W -632.140136719 -11256.727539062 -4971.760742188
W 321.096832275 -95.031448364 8.910321236
W 52.985431671 -269.373901367 118.305892944
W 118.463600159 -354.388488770 -250.472747803
W -2362.576660156 -698.175781250 -2366.976562500
W -364.644012451 -193.220031738 -3005.109375000
W 166.854812622 -195.523040771 280.968566895
W 93.094459534 -149.150466919 247.304351807
W 6710.606445312 3398.032958984 205.332473755
W 202.546768188 -187.776977539 -66.002510071
X 152.287048340 -299.308013916 197.037002563
W 268.989440918 -247.209930420 -3.802287340
W 89.481842041 -297.985229492 154.659240723
W 1990.715454102 -3199.676513672 -61.783187866
W 116.599426270 -964.401794434 3252.145751953
W -65.984535217 -3607.456542969 772.785217285
W -3628.357177734 20269.468750000 -48142.625000000
W 323.931701660 -121.790641785 198.988769531
W 243.696701050 -99.878204346 -57.320693970
W 234.849777222 -108.647689819 265.717803955
W 185.951721191 -114.465476990 281.438049316
W -84.331321716 2451.218017578 107.438865662
W 156.823165894 -319.307373047 143.320480347
W 10.375064850 -159.680526733 30.349905014
W 72.059555054 -98.689125061 251.623641968
W -923.254211426 195.859512329 -816.444946289
W 107.937202454 8.583476067 20.377256393
W 300.949829102 -237.222579956 162.733200073
W 40.720920563 -31.736169815 41.326591492
W 30.364543915 -245.231674194 148.959396362
W 111.868728638 -142.191055298 195.149673462
W 12.090272903 -78.310012817 168.330917358
W 57.704391479 -192.164688110 238.966003418
W 4519.197753906 1055.300903320 -2303.062255859
W 204.442703247 -3.340991259 -11.143662453
W 581.474609375 2298.745361328 2808.366455078
W 29.487327576 -77.235877991 18.650367737
W 33032.921875000 15225.877929688 3927.753906250
W 2868.019042969 -9188.432617188 -8248.274414062
W 12.468227386 -109.097671509 192.657821655
W 162.182876587 41.098625183 109.191612244
W 210.261642456 -307.144500732 175.861770630
W 77.801460266 -22.004426956 -0.413494974
W 312.620422363 -208.161056519 12.521933556
W 219.146209717 -194.951080322 272.993835449
W 33.170848846 -184.002197266 2.996301174
W 97.193542480 -47.750328064 69.304985046
W 133.927169800 -292.515411377 33.554481506
W 193.282257080 -284.196289062 221.558059692
W -7742.295898438 187.477157593 5268.909179688
W 37.529884338 -246.854217529 58.432090759
W 346.625732422 -150.862335205 52.478855133
W 154.966949463 -162.508911133 78.152839661
W 121.385337830 -62.447460175 259.572235107
W 334.819519043 -58.750629425 107.583015442
W 109.196250916 -272.375396729 5.276734829
W 53.821414948 -131.220748901 -28.972700119
W 445.548309326 1082.368774414 2617.840332031
W 93.844390869 -298.789581299 80.314682007
W 105.174263000 -293.051086426 42.472034454
W 66.957458496 -42.851650238 7.565133572
W 304.470031738 -76.034118652 111.590934753
W -3464.101318359 -17005.470703125 8816.301757812
W 90.276794434 -71.201339722 251.241928101
W 37.440982819 -231.078491211 190.066833496
W -1002.760925293 -2276.466064453 -1665.534179688
W 328.591400146 -121.290710449 79.415199280
W 2890.659667969 12496.646484375 8167.447265625
W 578.214416504 1386.807006836 3258.389160156
W 11.171206474 -199.401123047 164.901199341
W 251.925201416 -25.602890015 -12.641587257
W 253.973800659 -207.285873413 -40.536628723
W 15.658360481 -51.573616028 143.347183228
W 154.534774780 -108.488647461 280.964599609
W 236.701934814 -91.269294739 183.087768555
W 178.307434082 -145.955993652 81.727523804
W 6953.189453125 -564.645141602 245.930053711
W 79.018241882 -289.911254883 75.287361145
W 2222.907226562 -3422.187500000 -236.071273804
W 50.825317383 -229.671798706 10.799396515
W 166.970916748 -91.507965088 -69.064651489
W 4844.802246094 -770.943542480 4251.110839844
W 56.967998505 -278.917907715 100.415542603
W 226.438415527 -259.580017090 236.389251709
W 145.952529907 -271.219940186 235.794555664
W 238.620544434 -147.998092651 -46.356727600
W 173.635955811 -36.787918091 -45.596145630
X -1.649263620 -172.641357422 148.311996460
W 26.347301483 -39.972778320 133.172317505
W -3702.934814453 -420.673675537 -1088.136718750
W 248.426162720 -178.581146240 -19.414854050
W 3978.594238281 435.001098633 2645.946044922
W -8.148732185 -129.859680176 116.522796631
W -16833.777343750 -24632.427734375 19030.660156250
W 1110.356201172 -1358.536621094 3252.078125000
W 282.874267578 -279.200286865 150.286636353
W 163.087463379 16.113649368 13.354255676
W -4245.823730469 -10428.609375000 -7570.574218750
W -543.404663086 968.230102539 -797.926452637
W 3405.305419922 -991.879882812 3619.031250000
W 31.792579651 -232.309463501 165.178207397
W 345.406188965 -186.947341919 128.916107178
W -7.476933479 -143.115249634 134.195968628
W 345.811553955 -146.606307983 155.134353638
W 185.422668457 -238.588363647 -21.534652710
W 75.762939453 -190.313385010 -35.165344238
X 279.545227051 -100.735702515 241.887207031
W 345.468719482 -183.138687134 73.390403748
W 119.040924072 -313.426818848 102.509498596
W 217.332794189 -224.398406982 261.143188477
W 176.750747681 -383.572692871 -37.093811035
W 327.043670654 -156.494720459 11.915870667
W 65.594543457 -531.572814941 5.897399902
W 68.494995117 5.657653809 66.910148621
W 316.735717773 -50.747814178 37.557201385
W 169.192398071 -81.822937012 138.774520874
W 252.416992188 -283.211242676 31.122350693
W 188.158523560 1094.662475586 -2324.114013672
W -285.519500732 -404.260498047 -96.324905396
W 174.845001221 -253.487960815 207.963714600
W 79.085533142 -258.660125732 17.998554230
W 236.422271729 -305.765167236 69.306587219
W 182.160476685 -156.695816040 -73.387947083
W 90.771209717 -114.000465393 -53.317375183
W 4.878885746 -126.701385498 38.546699524
W -4833.432128906 1493.077514648 718.855041504
W 227.131027222 -8.659430504 212.032897949
W -1346.722656250 1763.885131836 1284.666015625
W 84.166099548 -282.397308350 151.164367676
W 27.183620453 -157.018386841 2.657663822
W 171.797058105 -306.001525879 34.864738464
W -3806.782226562 5545.514648438 10556.722656250
W 147.950439453 -27.067234039 241.812759399
W -11557.010742188 32406.082031250 -2865.464843750
W 228.474105835 -207.441833496 -52.782768250
W 0.056354735 -90.946311951 71.279960632
W 56.490375519 -30.883728027 107.440879822
W 261.657226562 -201.970733643 91.907257080
W 198.675125122 -460.582794189 3150.414794922
W 219.041275024 -33.614181519 -35.925861359
W 20.986190796 -106.299140930 195.936813354
W 13189.150390625 4872.964355469 -8237.757812500
W 186.295394897 -321.376281738 103.100395203
W 83.661010742 -168.143280029 -46.083126068
X 248.380584717 -185.697052002 264.205718994
X 345.655059814 -96.650321960 65.624740601
W 278.194213867 -23.343963623 187.362060547
X 126.353988647 26.376939774 154.893356323
W 137.049545288 -215.588363647 -51.963840485
W 2107.887939453 -6224.195312500 -3319.964355469
W 562.381225586 2923.293457031 2135.478027344
W 168.338043213 -285.347717285 1.606367350
W 177.302749634 -259.935821533 -27.947164536
W 819.969360352 276.184295654 228.825698853
W 190.203491211 30.887462616 156.519668579
X 274.619049072 6.170223236 130.943267822
W 229.966812134 -254.365188599 -21.256021500
W 76.049125671 -10.710692406 18.365505219
W 841.480529785 1126.323242188 -24.861276627
W 249.027633667 -305.843780518 115.448272705
W 60.061248779 -237.980834961 202.981369019
W 124.976249695 11.728476524 187.093444824
W 8386.961914062 -9996.614257812 -1029.989501953
W -172.608169556 396.221435547 -5.076193333
W 45.266529083 -49.691558838 199.413909912
W -1546.396606445 27.976705551 -6952.070312500
W 189.638046265 19.157642365 184.894577026
W 332.767028809 -211.152801514 62.469070435
W 231.780380249 14.595421791 175.750854492
W 637.892883301 -1861.396850586 -1404.097778320
W -13251.584960938 10312.882812500 -14485.643554688
W 69.535255432 -157.146011353 257.783508301
W 231.857391357 -53.696216583 246.397766113
W 15.908956528 -180.622253418 191.292236328
W 175.251068115 41.221248627 84.431556702
W 108.102653503 24.649597168 58.324981689
W 217.944122314 -96.218910217 -64.980087280
W -12945.179687500 6029.691894531 -11214.982421875
W 95.709480286 25.031131744 113.207687378
W 61.479694366 -271.669036865 60.133426666
W 104.989555359 -141.723434448 274.944274902
W 275.457550049 -202.662429810 241.749710083
W -3809.109375000 -1390.028808594 679.644409180
W 208.291748047 36.887443542 106.251472473
W 317.248535156 -228.072479248 41.649070740
W 253.844070435 -1046.848388672 -931.259704590
W 307.589233398 -230.137863159 190.783706665
W 289.817626953 -13.762987137 153.980453491
W 26.334867477 -136.321624756 216.803939819
W 252.416198730 -174.747543335 -54.772636414
W 290.790985107 -256.295867920 32.524383545
W 21008.250000000 -25522.623046875 32416.363281250
W 5106.442871094 -3617.398437500 2481.418457031
W -13212.638671875 1523.153686523 7862.643066406
W 4819.980468750 -12387.439453125 -2759.245361328
W 257.174865723 -8.075119019 12.087347984
W 244.030624390 -302.518035889 153.741073608
W 16.704528809 -227.360336304 137.701187134
W 118.482948303 -13.589556694 219.442626953
W 331.015991211 -78.268486023 160.419296265
W -670.445068359 -803.592102051 937.989440918
W 125.093193054 -312.244079590 146.639877319
X 51.822113037 -76.373954773 -14.131422043
W -430.219573975 -467.351104736 -408.616851807
W 261.409362793 -53.379413605 231.571029663
W -11423.837890625 7172.251953125 -489.023651123
W 112.153999329 -21.383926392 -19.346399307
W 231.833221436 -140.178329468 -67.284553528
W 70.872070312 -78.072494507 177.071456909
W 237.252944946 -296.149627686 42.983310699
W 679.469421387 1089.173339844 3424.078857422
W 237.093826294 -8.165025711 124.174057007
W 277.230407715 -148.179779053 -45.697910309
W 140.294494629 36.133445740 131.362197876
W -425.029968262 5040.082031250 -1406.448364258
W 4012.036376953 5301.023925781 1070.378662109
W 233.700286865 -134.207626343 274.169403076
W 1687.050537109 1102.153686523 -1643.836425781
W 128.282516479 -41.442523956 -41.425212860
W 16959.310546875 32961.808593750 15698.208007812
W 298.176300049 -88.953651428 -18.313802719
W 129.833267212 -243.946395874 -31.669580460
W 155.531021118 29.274341583 86.556838989
W -3955.648193359 -85.172149658 1536.982177734
W 2483.757568359 -1274.953735352 2270.064941406
W 283.843811035 -264.575073242 180.338043213
W 269.705139160 -1356.044067383 1125.278198242
W 2894.301025391 4833.336914062 -910.016113281
W 333.668457031 -149.008758545 184.074401855
W 330.739898682 -186.803268433 30.168170929
W -185.096084595 2237.244628906 4636.033691406
W -2697.099121094 3078.221435547 6160.222167969
W 835.658996582 -666.631530762 -962.577758789
W 155.587539673 -68.743057251 -60.914463043
W 35.395748138 -203.926620483 9.847620964
X 30.506759644 -247.486465454 82.915725708
W 231.599502563 27.072658539 136.378784180
W 145.490966797 -180.799346924 -4.907892704
W 355.835052490 154.161788940 248.726898193
W 212.694869995 -278.740325928 -0.287817478
W 2438.776855469 1265.982666016 -1998.517700195
W 352.818176270 -112.864555359 93.720764160
W -30.106004715 -1924.849243164 -1747.925048828
W 50.847839355 -3155.721191406 1548.761230469
W -942.752685547 -2150.562988281 -4261.963867188
W -2767.632568359 25441.390625000 -32498.875000000
W 63.942691803 -259.488708496 193.850112915
W -6208.962890625 -10659.903320312 -551.476074219
W 291.253356934 -63.571197510 14.232946396
W 2203.308593750 -1391.971313477 -846.091613770
W 293.824279785 -177.225906372 233.971969604
W 115.370536804 -240.346359253 253.512634277
W 15005.173828125 -913.628784180 -3772.408691406
W 144.688995361 -167.047180176 77.982322693
W 147.997467041 -163.075134277 284.276000977
W 268.242034912 -256.092742920 7.124526024
W 268.614227295 12.947814941 86.354644775
W 8434.759765625 9674.563476562 18450.064453125
W 79.096679688 -281.347442627 177.941329956
W 351.028442383 -139.799850464 130.199584961
W 268.553009033 -219.730056763 -26.609165192
W 353.730346680 -154.631301880 112.036659241
W 163.798248291 -129.591949463 114.471504211
W 34.281856537 -18.752964020 113.773361206
W -4279.451660156 4045.973876953 2799.397460938
W 275.799530029 -137.380142212 -31.256629944
W 339.720001221 -205.310958862 94.075103760
W -10169.451171875 -3847.982421875 9084.101562500
W 213.019744873 -317.887237549 126.013664246
W 160.389434814 -51.171680450 259.413146973
W -3926.925048828 349.172424316 6260.497070312
W 269.467346191 -226.513412476 25.377487183
W 231.450469971 -215.210571289 159.826705933
W -20619.816406250 6470.363769531 4100.926269531
W 303.768280029 -47.031051636 181.612640381
W 134.939422607 -165.711273193 -67.064445496
W 262.523590088 -24.527574539 77.322265625
W 233.441345215 -144.017135620 76.474998474
W 3387.516113281 1125.293212891 2119.645996094
W 1622.433715820 2224.075195312 537.209350586
W 177.769180298 -196.218933105 85.444061279
X 12.348986626 -225.579025269 108.572517395
W -2.943552494 -185.805664062 102.754211426
W 141.844329834 1.359012723 206.568588257
W -9790.862304688 8926.324218750 -2716.802246094
W 287.418914795 -112.737815857 -35.654949188
W 141.092041016 -76.614532471 268.904815674
W 858.032775879 1363.284301758 37.457756042
W 158.641952515 -46.013607025 2.295539141
X 285.939392090 -241.168350220 208.359191895
W 10.257097244 -57.859634399 84.440834045
W 72.710601807 -217.251113892 238.881469727
W 128.615646362 27.184967041 45.163990021
W 89.482017517 -141.945083618 -53.901260376
W 214.323562622 -160.784790039 279.536468506
W 1696.901000977 -2915.319824219 -1180.690185547
W 166.373733521 -296.592010498 204.109786987
W -0.808478057 -176.357986450 120.437629700
W 6083.982910156 9659.488281250 -2839.688476562
W 182.641235352 1.092617750 -10.156509399
W 264.873870850 -98.187225342 -41.954631805
W 156.294815063 26.810779572 167.354537964
W 156.476516724 -255.876144409 236.156707764
W 226.128509521 -28.643644333 231.948242188
W 104.959388733 -209.678817749 -41.346649170
W 299.708404541 -12.491866112 72.073135376
W -796.786193848 3253.951171875 930.005187988
W 205.961990356 -2.424463749 178.720947266
W 63.241096497 -213.597991943 10.390718460
W 108.641098022 -118.717262268 274.412414551
W 198.665802002 -59.602554321 -25.565233231
W 31.912050247 -115.975166321 -4.854704857
W 174.485549927 28.706304550 34.684608459
W 187.887542725 -92.154060364 -68.009422302
W -14132.031250000 12920.697265625 2854.648193359
W 70.772285461 -54.723552704 228.416580200
W 47.642154694 -148.189117432 -22.237493515
W 15497.458007812 7085.423828125 -281.921295166
W 2982.280517578 5025.787597656 4680.312988281
W 342.042053223 -89.122596741 141.315704346
