533

W 44.963790894 -87.987205505 255.145538330
W 256.624328613 11.759219170 49.970085144
W 77.133872986 -20.255357742 21.136226654
W 122.662254333 99.954116821 147.070480347
W 11.252924919 -95.198844910 114.546150208
W 1.352632165 -58.133895874 134.197280884
W 108.552162170 15.925092697 128.886657715
W 104.787895203 -48.319515228 41.986713409
W 204.754440308 -3221.095214844 -30695.824218750
W 4.077508926 -20.341268539 160.990631104
W 242.714813232 -130.952804565 259.837219238
W 108.289268494 -65.988555908 79.529388428
W 95.622497559 86.456787109 191.071792603
W 36.661964417 -110.420448303 70.789108276
W 279.904724121 -93.689643860 243.798721313
W 3329.593750000 -762.875488281 7424.232421875
W 135.772857666 -30.236825943 -1.398910046
W 190.397857666 83.192153931 82.774497986
W 225.328948975 -15.219195366 147.430496216
W 93.306488037 -147.921081543 258.125885010
W 154.487091064 -202.109680176 109.500953674
W 5.324653149 -24.038986206 131.915618896
W 167.648834229 -24.657161713 -0.790955782
W 6228.969238281 4817.699707031 -125.999053955
W 106.417984009 -159.111785889 51.964321136
W 100.050521851 91.424827576 130.439971924
W 74.522720337 -124.111061096 40.091194153
W 8.644889832 -74.061164856 118.987869263
W 27.601879120 16.616514206 180.652816772
W 182.610839844 -81.915122986 261.729125977
W 172.966217041 -195.121292114 213.659393311
W 6.711580276 -53.030479431 109.725028992
W 7.492065430 -84.740547180 180.312164307
W 91.274208069 72.015754700 85.537864685
W 26.628734589 21.473680496 108.986770630
W 269.654724121 12.863590240 242.812408447
W 146.340560913 -120.104698181 17.385034561
W 258.197479248 -170.305114746 135.645416260
W 10.401655197 -29.040544510 200.900894165
W 290.498474121 -51.101486206 123.310180664
W 45.692012787 -19.361532211 256.664611816
W 238.683364868 -52.922481537 287.711181641
W 222.735671997 -139.925827026 266.247161865
W 121.621246338 61.532428741 51.910099030
W -3933.183105469 1360.625000000 169.995040894
W 108.282676697 -118.370445251 286.704833984
W -28003.156250000 36991.378906250 23509.525390625
W 180.051712036 -202.582962036 115.461196899
W 224.074859619 -168.575622559 74.162727356
W 208.808029175 -24.303785324 149.594467163
W 281.387481689 -145.083724976 157.857940674
W 294.095764160 -83.815635681 225.059371948
W 263.611358643 -18.794734955 265.458404541
W 235.737106323 27.315303802 44.510372162
W 145.617553711 -205.926376343 127.422416687
W 175.854537964 99.406333923 117.891159058
W 219.006088257 -167.140960693 240.816040039
W 265.000305176 61.058811188 141.794036865
W 274.141418457 28.576889038 89.505622864
W -38632.976562500 9524.122070312 -29785.789062500
W 242.792144775 -74.392440796 283.413787842
W 161.164199829 -54.314556122 -2.677618504
W 240.094451904 -0.814949572 35.800342560
W 203.147476196 68.777481079 65.977272034
W 274.576568604 52.377113342 158.791580200
W 88.490547180 38.497489929 260.022827148
W 143.306350708 -207.861770630 146.014968872
W 54.583290100 62.487144470 177.934875488
W 48.351566315 54.409912109 120.184005737
W 12.988305092 8.286700249 156.468658447
W 14.178133011 -64.627349854 215.595291138
W 67.962722778 -11.137255669 188.070327759
W 59.764038086 45.993518829 227.199874878
W 263.861389160 -159.980575562 113.025596619
W 254.231582642 57.619251251 98.137176514
W 288.457489014 -7.911631584 229.504196167
W 88.003227234 -102.494636536 284.143463135
W 124.503746033 17.257575989 16.931861877
W 86.125305176 -147.123748779 48.867343903
W 179.602813721 -135.208084106 285.734619141
W 2754.763427734 -8490.396484375 15943.619140625
W 98.920417786 -119.900726318 24.634914398
W 232.867736816 37.222812653 254.782241821
W 58.792167664 -158.472061157 92.989807129
W 186.650207520 -8.578035355 301.475219727
W 294.590545654 -4.165498257 95.336235046
W 26.378112793 -64.089767456 236.548187256
W 150.415039062 60.743671417 44.887168884
W 113.940849304 -97.340507507 8.425290108
W 194.755630493 17.348716736 18.266370773
W 237.819778442 46.315483093 63.091445923
W 216.889099121 92.399505615 150.080596924
W 23708.318359375 -8082.432617188 -25757.306640625
W 24.655714035 -26.850013733 73.464958191
W 234.836868286 65.399307251 221.197204590
W 12.952426910 -17.352731705 106.286964417
W -11543.919921875 -47292.789062500 6042.045898438
W 229.614151001 -19.115629196 287.943176270
W 104.818237305 6.678400517 17.834062576
W 10.428747177 -5.994184494 184.499328613
W 281.320526123 -44.740661621 58.696437836
W 276.354675293 -65.368942261 238.788131714
W -2569.562988281 5752.282226562 5800.431640625
W 249.376693726 29.270019531 250.757827759
W 58.701274872 -28.566368103 271.374542236
W 211.519393921 -132.649566650 66.490661621
W 78.795997620 32.407875061 49.977661133
W 171.487548828 71.551437378 247.706146240
W 279.030395508 -62.986682892 254.180480957
W 174.175354004 46.881187439 273.742279053
W 295.279693604 11.338814735 186.105377197
W 69.485961914 65.538833618 207.807006836
W 290.616790771 -111.118186951 210.931259155
W 125.705787659 59.811946869 250.393814087
W 168.049072266 102.471641541 174.753128052
W 44.214683533 -63.377788544 258.212188721
W 178.674209595 -89.149642944 305.495605469
W -888.638183594 -48493.167968750 -11845.860351562
W 217.734893799 66.732894897 233.815216064
W 137.026824951 -14.060106277 261.174926758
W 221.619995117 -119.502571106 280.529357910
W 160.232391357 -81.517913818 -1.564407349
W 138.069229126 23.389322281 237.897521973
W 273.054595947 -69.720703125 49.429077148
W -33175.328125000 -25640.035156250 -29688.933593750
W 21.174856186 -114.949920654 108.383750916
W 73.212081909 75.497451782 185.478927612
W 81.629745483 7.447022915 28.993610382
W 313.893188477 -55.647190094 138.240249634
W 297.643402100 -121.206481934 154.055633545
W 94.198974609 -69.823158264 9.968684196
W 169.814987183 -124.356819153 12.368074417
W 56.779216766 -165.022430420 190.899719238
W 109.265335083 -176.017471313 234.303161621
W 53.837623596 -67.612304688 269.024475098
W -1072.767333984 -6622.827148438 2181.571044922
W 177.570220947 13.984519005 294.121307373
W 194.260238647 93.623878479 110.358764648
W 3080.356933594 -2728.124511719 -558.446838379
W 119.519615173 -198.661727905 113.402275085
W 202.303131104 -174.493804932 240.195800781
W 251.034744263 47.865978241 78.744194031
W 120.970886230 -65.372100830 306.464935303
W 140.615692139 91.650924683 93.954711914
W 299.635711670 -109.406036377 133.415496826
W 18228.332031250 -6203.765625000 -26513.501953125
W 121.929710388 -12.341218948 5.802801132
W 152.441101074 -38.259819031 159.278625488
W -5576.026367188 -1556.461669922 1486.139770508
W 160.030975342 -160.111145020 266.567169189
W -2224.404785156 -1779.796752930 -284.316070557
W 272.470489502 -93.482009888 55.757438660
W 109.880073547 -189.295104980 211.194427490
W 260.036926270 47.780540466 171.080978394
W 220.684341431 -150.147537231 46.728996277
W 281.884185791 -137.354537964 192.120880127
W 41.978256226 -107.258773804 242.413635254
W 173.431488037 -54.885936737 311.474273682
W 48.909080505 22.928365707 68.673423767
W 300.733551025 -37.290367126 90.968551636
W 275.453247070 -0.890312970 227.240036011
W 255.710128784 -103.856536865 224.305511475
W 147.093948364 -204.541778564 185.325637817
W 122.691917419 -170.822662354 55.720500946
W 232.292587280 -178.702728271 206.902847290
W 271.520843506 53.004611969 179.738342285
W 279.055511475 -147.344802856 175.791793823
W 284.372924805 36.075660706 133.341720581
W 262.558807373 -166.515167236 167.728652954
W 66.392440796 74.730186462 146.071228027
W 194.628616333 -196.696273804 198.880676270
W 92.872032166 69.297698975 227.416168213
W 309.484039307 -17.422012329 164.590072632
W 146.649398804 -138.582260132 283.913116455
W 68.654983521 -180.456008911 167.235641479
W 50.788612366 1.291580915 253.370437622
W 58.120372772 -130.139328003 72.161399841
W 100.679489136 -84.585670471 296.110778809
W 215.000259399 87.356575012 111.901245117
W 207.206176758 -200.766632080 155.498168945
W 116.627868652 -96.690742493 294.419616699
W 300.333435059 -31.370800018 213.922836304
W 14.682955742 -115.426300049 144.059051514
W 90.466957092 29.263673782 37.196697235
W 191.661636353 -190.701232910 88.778938293
W 200.389526367 -120.589653015 18.456590652
W 3131.981933594 7400.952636719 10062.532226562
W 145.251342773 -207.170455933 167.529479980
W 263.035400391 25.588388443 224.975112915
W 22.715024948 26.656150818 154.120361328
W 191.905426025 -68.971565247 1.148117661
W 298.007171631 -114.931625366 180.716720581
W 62.575290680 50.112361908 212.685195923
W 1932.635986328 -3750.750488281 -931.054565430
W -18226.173828125 23190.462890625 18929.652343750
W 295.520629883 12.480926514 120.560844421
W 101.760757446 -4.167716026 291.624511719
W 143.356369019 63.456707001 258.835205078
W 273.663421631 -155.644973755 139.417434692
W 301.664001465 -90.513587952 200.592468262
W 45.626880646 8.187780380 62.778717041
W 155.408370972 -28.659635544 309.191772461
W 133.953231812 31.320362091 284.708374023
W 223.523284912 75.616035461 93.138877869
W 201.823837280 8.681408882 290.465698242
W 242.185363770 -183.561859131 146.148132324
W 207.321640015 89.407188416 193.414642334
W 217.073242188 23.620416641 30.360168457
W 119.715263367 -53.053256989 304.244445801
W 287.753051758 30.922046661 179.764022827
W 130.204116821 -118.950393677 292.855987549
W 108.995948792 -163.631484985 251.957901001
W 267.961364746 -46.695690155 266.732543945
W -100.507545471 -3942.736083984 -1613.650756836
W 286.122253418 -15.850264549 70.687454224
W 44.337207794 -158.724105835 169.727264404
W 142.168060303 -92.786323547 1.690397739
W 259.460754395 -31.905569077 257.387054443
W 131.088577271 -44.726623535 0.373320043
W 150.703887939 -104.609161377 301.598510742
W 85.160270691 -56.327697754 291.398223877
W 59.665565491 -103.866287231 157.336090088
W 190.819442749 -89.632171631 4.079040051
W 131.275482178 -184.813537598 231.043273926
W 249.072814941 -132.863983154 54.039611816
W 92.680015564 -187.240524292 198.852554321
W 102.898841858 82.585144043 163.696121216
W 158.094070435 -83.516197205 308.059844971
W 171.531906128 74.941238403 152.601150513
W -4102.277832031 22927.099609375 -54441.179687500
W 291.224914551 -40.799686432 235.333236694
W 217.061294556 -10.222396851 14.605916977
W 211.690490723 -19.451816559 296.593750000
W 175.728302002 -25.817438126 307.990112305
W 176.679046631 -201.842956543 155.213333130
W 149.599380493 -200.821014404 201.173599243
W 15.130825996 -67.311004639 88.202529907
W 73.913482666 -11.603337288 278.847412109
W 35.569179535 5.452991009 82.783737183
W 111.818367004 76.264945984 76.779998779
W 275.448730469 -138.644241333 209.438110352
W 49.637088776 46.662548065 97.560226440
W 41.506656647 -147.107437134 193.952285767
W 72.056922913 -39.919284821 282.923675537
W 23.185779572 0.461133361 214.294769287
W 65.742309570 -97.208549500 271.615692139
W 288.023834229 -24.486316681 83.650466919
W 187.989273071 61.237430573 50.654830933
W 140.509475708 -155.517807007 36.009826660
W 24.566377640 -0.645105243 85.251556396
W 33677.761718750 15523.043945312 4029.174560547
W 1169.546875000 -3480.074462891 -2938.281738281
W 20.175117493 -30.393968582 223.830795288
W 152.410476685 104.030509949 156.438491821
W 195.779739380 -188.159759521 220.893478394
W 89.005729675 53.962783813 61.037364960
W 283.013824463 -103.288795471 75.483406067
W 203.066986084 -97.439132690 297.714965820
W 37.232364655 -77.808891296 55.253910065
W 67.333587646 66.458686829 107.180877686
W 117.034255981 -189.851623535 89.280166626
W 184.133819580 -173.767272949 248.370407104
W -359.004486084 -31.630073547 484.827209473
W 39.249004364 -147.776077271 115.229751587
W 307.146636963 -66.516365051 109.011703491
W 56.688602448 -99.206481934 43.168724060
W 109.778724670 20.363885880 284.394470215
W 297.207763672 16.104814529 144.753753662
W 97.911598206 -173.237136841 71.989173889
W 56.497200012 -34.216354370 32.443904877
W 152.101882935 -118.902290344 8.120312691
W 96.395454407 -194.836502075 133.378417969
W 93.950386047 -185.058059692 98.790946960
W 64.275581360 40.099792480 66.750404358
W 300.256774902 10.910505295 159.979782104
W -2398.049072266 -12043.644531250 6278.812988281
W 86.840026855 10.093529701 277.980255127
W 43.990425110 -128.981979370 226.675170898
W 226.531234741 38.674106598 127.779220581
W 310.623291016 -31.410633087 126.553649902
W 1592.261108398 6575.016113281 4423.883789062
W 156.075393677 -130.361618042 186.929428101
W 23.249446869 -107.698677063 209.380340576
W 217.294677734 47.893947601 49.925785065
W 228.965087891 -106.987518311 24.464010239
W 26.735618591 24.526695251 197.358840942
W 137.380615234 -20.569276810 305.764160156
W 235.048080444 7.151655197 275.439697266
W 203.754333496 -22.195985794 10.715932846
W 286.315551758 -61.972610474 160.790695190
W 71.369415283 -181.350296021 132.697006226
W 79.089187622 79.971191406 160.427246094
W 50.204631805 -140.810791016 77.288322449
W 149.031768799 -4.789174080 4.433120251
W 184.668182373 -53.079650879 190.633621216
W 54.621147156 -169.419250488 148.917007446
W 198.858032227 -152.414352417 266.939239502
W 128.532241821 -165.154098511 257.677703857
W 223.070373535 -47.980903625 10.841509819
W 160.641113281 34.404365540 23.860580444
W 12.179718971 -82.046318054 200.667221069
W 36.934585571 43.840126038 180.562042236
W 30.873390198 -69.622993469 137.100555420
W 246.980117798 -79.250495911 27.517478943
W 29.693681717 -64.259269714 71.189064026
W 0.952524245 -42.797286987 154.971649170
W -16932.326171875 -24841.785156250 19190.345703125
W 186.283218384 -119.901718140 273.354949951
W 255.082901001 -167.457138062 193.546600342
W 150.986709595 83.148506165 74.156799316
W -1749.287719727 -4611.794433594 -3201.001953125
W 232.679290771 -154.058761597 242.095397949
W 64.278129578 -21.893789291 41.959690094
W 37.704860687 -132.843246460 209.945968628
W 307.895172119 -86.942207336 179.247604370
W 3.674563646 -50.416065216 181.792724609
W 307.630493164 -58.793399811 197.352661133
W 183.569259644 -140.684555054 25.508956909
W 65.917808533 -83.736167908 28.799701691
W 246.260040283 -25.067176819 279.899597168
W 308.930938721 -83.708190918 127.335678101
W 113.825134277 -202.475006104 164.350418091
W 200.640289307 -123.921295166 288.110137939
W 166.631072998 -189.176940918 78.563682556
W 289.017730713 -69.411201477 70.475257874
W 116.527236938 -201.404830933 144.361846924
W 78.182106018 78.004432678 119.435256958
W 283.208068848 26.399301529 104.717323303
W 146.297225952 86.066673279 224.244049072
W 230.130126953 -179.363571167 96.468879700
W 161.529220581 -120.566650391 295.312347412
W 284.789367676 22.594921112 206.522521973
W 169.349288940 -167.937820435 258.115905762
W 75.488571167 -163.587081909 77.158119202
W 221.169433594 -195.146133423 133.490661621
W 174.215377808 -49.714996338 -3.196292162
W 98.174880981 -18.141155243 11.792648315
W 13.204194069 -36.381950378 94.749847412
W 13.338424683 -11.697149277 170.000228882
W 205.360656738 60.515865326 249.604354858
W 248.244430542 -161.066162109 85.092033386
W 72.578834534 -172.994796753 204.148818970
W 29.497079849 -52.519046783 60.530735016
W 151.600219727 -197.081558228 94.970504761
W -1279.270751953 1977.704956055 3885.419677734
W 137.753326416 47.590576172 272.705810547
W -11547.541015625 32387.345703125 -2822.762695312
W 210.157897949 -99.247116089 12.403939247
W 13.315151215 -1.445680618 123.058013916
W 49.250286102 58.975036621 141.960632324
W 288.355468750 -134.681091309 133.570693970
W 168.502166748 -55.346263885 297.691833496
W 195.926589966 43.409774780 36.549613953
W 30.865928650 -17.522241592 236.819305420
W 7774.234863281 2811.263183594 -4697.332031250
W 175.654693604 -208.861114502 163.994277954
W 72.545005798 -63.664108276 21.188591003
W 225.991622925 -88.909042358 290.554962158
W 304.205596924 -9.870657921 120.259727478
W 247.086807251 51.655559540 228.042572021
W 119.907463074 94.090316772 192.949356079
W 120.069786072 -122.604911804 16.392990112
W 119.279266357 70.217002869 221.843765259
W 137.582138062 -184.692016602 71.998405457
W 154.521606445 -179.972732544 61.638797760
W 159.512252808 -162.752334595 41.706047058
W 25.776973724 -133.362365723 129.558486938
W 173.636581421 97.141578674 194.696731567
W 244.872100830 75.700050354 171.940551758
W 214.422027588 -139.936035156 34.677585602
W 75.187889099 60.081745148 82.030853271
W 218.783691406 87.004394531 127.832099915
W 225.674774170 -191.665359497 169.843643188
W 65.703140259 -144.409194946 239.603652954
W 113.810333252 84.002998352 218.425872803
W 3370.185302734 -3961.207031250 -331.591888428
W 241.860900879 -180.723831177 177.307189941
W 55.368221283 26.927558899 241.207214355
W 197.554458618 -47.255168915 304.999389648
W 171.126770020 87.997856140 219.589187622
W 297.395446777 -108.230819702 111.610092163
W 204.489425659 84.121757507 211.986633301
W 192.936203003 -168.846282959 54.483192444
W -10499.349609375 8177.909667969 -11432.847656250
W 72.483612061 -70.607513428 282.270050049
W 206.544189453 24.682352066 280.017761230
W 26.280971527 -91.163330078 228.683502197
W 162.363372803 102.759735107 132.320098877
W 103.864082336 87.823326111 108.463684082
W 192.972793579 -7.912093163 6.846198082
W -8642.360351562 4046.816162109 -7436.941894531
W 97.429519653 93.236351013 158.275695801
W 57.404026031 -166.821044922 116.604682922
W 99.700843811 -42.865211487 298.459960938
W 245.277969360 -104.859008789 272.993316650
W 13.228549004 -107.348396301 175.016250610
W 187.814407349 101.339630127 150.411346436
W 286.063507080 -122.825439453 99.549957275
W 177.281234741 -157.931655884 39.172252655
W 275.680450439 -123.704017639 228.320892334
W 254.841247559 62.130062103 196.784271240
W 35.894332886 -43.601375580 250.089996338
W 224.703430176 -72.462692261 12.835876465
W 273.081695557 -141.733718872 97.638336182
W 23036.822265625 -27989.357421875 35551.488281250
W 39.835926056 32.441318512 99.622497559
W -7140.403320312 831.784118652 4359.651367188
W 2159.916503906 -5330.019531250 -1099.541259766
W 223.974746704 65.143455505 74.466476440
W 217.187286377 -188.485778809 199.835433960
W 25.535385132 -127.222373962 187.089065552
W 105.744224548 51.727272034 258.814727783
W 299.568298340 -7.871107578 200.252304077
W 65.923675537 -131.389556885 252.498825073
W 120.595420837 -198.083145142 194.854217529
W 59.179008484 1.477096677 42.675563812
W 266.819183350 -4.483166218 255.866653442
W 226.875549316 26.936735153 268.902069092
W -4968.515136719 3139.301757812 -97.355438232
W 107.909530640 49.929359436 46.018733978
W 202.629150391 -43.388629913 2.937936783
W 42.941135406 14.149070740 235.600234985
W 215.372070312 -190.955886841 107.280555725
W 159.116104126 -107.038314819 31.127038956
W 225.133697510 87.397743225 170.891921997
W 246.668548584 -55.587871552 24.668556213
W 134.201828003 100.792236328 174.769317627
W 143.088211060 68.173019409 105.728370667
W 112.413497925 -108.745475769 150.925811768
W 217.056076050 -47.088863373 298.821960449
W 63.467163086 -116.241477966 252.696823120
W 121.214660645 33.879184723 28.139150620
W 17859.285156250 34703.292968750 16551.781250000
W 267.723419189 -15.758299828 48.440826416
W 112.544677734 -143.753082275 32.500881195
W 138.558700562 101.315017700 127.958518982
W 17.528306961 -54.573902130 207.158615112
W 265.112091064 -104.309684753 255.286666870
W 253.393508911 -159.804550171 214.145553589
W 144.551132202 70.873550415 59.658809662
W 83.355155945 -182.172760010 179.436767578
W 299.682098389 -59.594970703 218.632247925
W 295.130310059 -89.538108826 89.871704102
W 146.452056885 13.551796913 290.196014404
W 205.643753052 -101.072441101 56.401847839
W 248.903060913 -100.034439087 35.298873901
W 147.727554321 16.799699783 13.280058861
W 25.238281250 -93.286399841 78.498306274
W 35.416790009 -149.150054932 144.326492310
W 199.588058472 96.679664612 174.611175537
W 113.246719360 -80.894470215 4.956137657
W 230.783538818 76.540267944 201.709091187
W 200.483459473 -177.651199341 69.140052795
W 267.735565186 7.014397621 62.903606415
W 311.948974609 -27.733469009 149.038238525
W 182.076019287 56.651409149 259.227966309
W 154.697677612 -192.219558716 221.767242432
W 181.787826538 -82.956726074 137.446350098
W -2942.762207031 27047.826171875 -34561.773437500
W 68.704421997 -156.932159424 226.692016602
W -2067.638671875 -3780.652099609 -95.580749512
W 268.024291992 24.435916901 73.214508057
W 39.630355835 28.639623642 208.386489868
W 260.609924316 -80.487129211 268.464996338
W 110.369819641 -139.474426270 274.690216064
W 8171.372558594 -507.703216553 -1951.434448242
W 31.827035904 -123.777076721 92.245002747
W 141.417556763 -67.224166870 309.037750244
W 247.563964844 -149.340881348 68.107696533
W 239.986846924 80.224952698 138.701660156
W 6712.223632812 7681.539550781 14668.091796875
W 85.794807434 -169.566772461 226.911666870
W 312.045623779 -49.359432220 178.410934448
W 254.435211182 -114.359901428 46.836875916
W 313.450836182 -67.828025818 161.278305054
W 77.835510254 49.189056396 239.913177490
W 37.851200104 47.839069366 153.057434082
W 232.140487671 -119.566184998 112.585983276
W 260.758941650 -47.480991364 35.711067200
W 307.308807373 -97.202033997 152.608886719
W -4738.458007812 -1818.059570312 4368.915527344
W 194.832199097 -201.674240112 180.270019531
W 159.690734863 25.009065628 290.690155029
W 223.526733398 -53.961143494 60.560070038
W 271.340301514 -125.209411621 75.064315796
W 244.325332642 -157.522308350 230.897491455
W -16154.554687500 5102.515625000 3277.540039062
W 268.787231445 39.532802582 216.366638184
W 120.983558655 -57.151771545 -0.379458576
W 247.539886475 71.103988647 118.437469482
W 300.740325928 -57.195152283 90.837165833
W 90.853424072 -126.875122070 100.135757446
W 81.381111145 -183.874938965 115.824981689
W 188.452484131 -204.184631348 129.349960327
W 23.827524185 -132.635940552 162.718109131
W 5.564418793 -91.013053894 143.751007080
W 134.468139648 76.375068665 240.924102783
W -4293.899902344 3924.176269531 -1068.930053711
W 254.086318970 -26.507703781 32.432586670
W 132.978927612 -0.010573511 300.284545898
W 92.171012878 -194.232452393 160.832626343
W 146.922302246 47.535430908 33.396953583
W 259.541961670 -132.354141235 242.169662476
W 24.419555664 25.040000916 129.110534668
W 82.677200317 -123.674659729 270.157928467
W 123.277641296 91.629486084 100.710319519
W 88.292678833 -43.568157196 11.550695419
W 204.799255371 -70.657905579 302.443359375
W 246.326736450 -167.590911865 110.066581726
W 155.027938843 -182.065902710 239.891204834
W 3.057163954 -75.447372437 163.289642334
W 1954.061279297 2855.328369141 -715.113342285
W 171.980865479 70.421768188 57.792663574
W 234.136917114 -8.589336395 23.198659897
W 146.683898926 95.573562622 201.208389282
W 139.813079834 -152.697998047 272.164978027
W 202.583038330 44.594821930 267.349365234
W 86.908912659 -106.718368530 23.694398880
W 268.181549072 52.567066193 119.268981934
W 208.062118530 -186.709152222 127.241928101
W 190.448043823 79.680854797 228.931900024
W 54.004505157 -116.696350098 53.151988983
W 107.127136230 -22.585893631 298.613647461
W 180.964599609 32.589492798 24.114873886
W 39.010597229 -25.329341888 53.483768463
W 167.033843994 92.214828491 93.302009583
W 171.658493042 2.434432030 7.083161354
W -9982.863281250 9141.965820312 2097.805419922
W 72.709342957 17.513965607 264.576477051
W 50.048877716 -56.545032501 38.301891327
W 9552.753906250 4324.458007812 -99.430450439
W 110.228233337 -145.068679810 74.770401001
W 307.408538818 -20.405109406 185.247253418
