533

A 256.485839844 -36.626708984 92.599235535
A 69.409912109 -127.891838074 276.132995605
A 226.651535034 -98.379104614 300.828247070
A 186.096084595 -203.926803589 188.241699219
A 285.255310059 -28.639528275 219.197952271
A 295.251586914 -66.538810730 197.801071167
A 213.722686768 -149.020706177 211.814193726
A 209.641143799 -74.435760498 300.182708740
A 226.261550903 -3380.013671875 -32229.130859375
A 292.218139648 -94.857543945 178.848785400
A 80.591072083 1.050144792 85.890708923
A 214.952560425 -53.383205414 267.057098389
A 210.973449707 -190.643234253 147.257202148
A 264.388305664 -18.858657837 256.101196289
A 46.606075287 -32.148391724 102.521453857
A 2216.803466797 -511.274291992 4891.030273438
A 173.066101074 -90.585700989 319.556823730
A 126.478660583 -189.216903687 247.687393188
A 65.151016235 -117.722763062 190.829269409
A 214.450515747 15.244411469 88.202178955
A 157.586685181 63.997676849 221.773895264
A 290.557983398 -93.718841553 203.069274902
A 147.676193237 -93.621482849 320.873901367
A 4037.044921875 3044.516357422 3.302239656
A 202.142318726 24.389045715 276.690917969
A 207.000564575 -197.034790039 203.672317505
A 228.841552734 -4.408301830 283.335723877
A 290.383056641 -48.322517395 216.412124634
A 276.651824951 -132.150909424 159.859909058
A 128.207458496 -36.314559937 65.939559937
A 140.801452637 59.899314880 128.846282959
A 289.335327148 -70.099357605 222.852157593
A 289.641906738 -38.440948486 157.777801514
A 214.219329834 -179.628005981 242.867156982
A 273.203399658 -131.698287964 220.999191284
A 58.730415344 -128.020843506 100.357353210
A 170.441390991 -2.331466675 303.838500977
A 68.002166748 37.903579712 196.180908203
A 286.618743896 -88.229103088 141.151779175
A 22.489381790 -70.879287720 212.431076050
A 255.809860229 -96.283767700 89.731994629
A 82.467483521 -67.693107605 62.935081482
A 98.772018433 10.649308205 81.251808167
A 188.877746582 -171.172103882 273.625885010
A -753.557373047 253.488510132 190.207366943
A 200.503768921 -9.231564522 64.652809143
A -31052.835937500 41029.062500000 26076.011718750
A 137.546432495 63.924213409 218.506332397
A 98.127723694 36.444347382 253.439468384
A 95.373764038 -103.988342285 187.841445923
A 43.452060699 14.031714439 178.732940674
A 33.848091125 -40.542339325 119.245956421
A 61.948020935 -100.246925354 80.653472900
A 87.031219482 -140.692199707 281.222808838
A 168.087005615 67.161964417 206.072982788
A 140.160171509 -203.747024536 214.406082153
A 100.281631470 34.517280579 106.446388245
A 61.562191010 -172.482788086 192.943466187
A 51.953815460 -142.809463501 240.639892578
A -42694.207031250 10529.782226562 -32921.496093750
A 79.075729370 -48.888294220 65.854537964
A 155.651626587 -65.731330872 322.710601807
A 81.483894348 -117.420814514 289.844665527
A 116.553558350 -177.333557129 261.786895752
A 49.519088745 -160.878463745 180.104354858
A 218.008255005 -147.939636230 86.624641418
A 168.569564819 69.914001465 188.488632202
A 247.815887451 -170.982574463 160.485214233
A 254.180541992 -161.930908203 212.742752075
A 283.826141357 -121.749771118 183.809249878
A 281.453216553 -56.040954590 125.777679443
A 254.876998901 -112.932609558 144.232604980
A 242.193069458 -154.290634155 115.394737244
A 59.805690765 26.859283447 216.942871094
A 69.894966125 -168.025390625 234.974472046
A 37.922355652 -103.851203918 115.355514526
A 218.906311035 -23.913606644 67.241180420
A 184.740005493 -130.718429565 304.608734131
A 222.027755737 13.217726707 274.917510986
A 139.207916260 9.170691490 66.052520752
A 2630.748535156 -8052.803222656 15140.503906250
A 208.670089722 -8.274870872 296.470245361
A 89.853408813 -151.190597534 91.932487488
A 244.958145142 26.853847504 233.906570435
A 130.088012695 -107.359008789 50.431381226
A 32.952220917 -114.355888367 234.807891846
A 271.783050537 -57.060848236 107.287055969
A 160.202362061 -167.923294067 280.608825684
A 195.248291016 -28.256378174 311.031677246
A 122.114151001 -130.773910522 303.745391846
A 84.620994568 -155.920074463 265.183227539
A 104.955055237 -198.288955688 184.725204468
A 25368.621093750 -8648.558593750 -27558.900390625
A 273.677093506 -91.430656433 253.162033081
A 88.369949341 -174.494049072 120.869895935
A 284.890502930 -99.286834717 222.949508667
A -12737.306640625 -52207.300781250 6673.236328125
A 91.869224548 -99.310127258 60.688716888
A 201.803558350 -122.555137634 303.294586182
A 285.317565918 -109.462326050 150.665206909
A 46.474494934 -77.935348511 269.192352295
A 42.092662811 -55.982635498 104.798492432
A -1700.227294922 3912.956054688 4038.130615234
A 74.908508301 -140.461273193 93.897964478
A 244.492980957 -89.244850159 78.394012451
A 102.320098877 14.578993797 269.239501953
A 226.943862915 -143.194519043 275.116607666
A 143.450790405 -179.606674194 99.231842041
A 48.456279755 -59.473587036 89.454589844
A 141.393295288 -155.906402588 74.593696594
A 30.382469177 -124.175048828 151.705566406
A 232.141342163 -174.158187866 133.987274170
A 35.845478058 -15.489978790 131.967086792
A 188.190139771 -171.739608765 94.241134644
A 148.023574829 -207.416793823 161.095932007
A 257.282653809 -58.633441925 89.766151428
A 136.221267700 -34.138092041 46.872741699
A -983.240661621 -53613.343750000 -13087.150390625
A 102.450057983 -174.345565796 109.701965332
A 179.061035156 -106.615631104 67.096748352
A 97.393981934 -8.983559608 69.967300415
A 152.657577515 -44.114181519 320.375946045
A 177.300598145 -150.160964966 93.081634521
A 52.883010864 -52.014709473 277.995727539
A -36762.675781250 -28417.675781250 -32901.507812500
A 277.954467773 -12.566236496 222.775985718
A 231.457443237 -180.736740112 154.151458740
A 223.307891846 -121.537178040 292.364379883
A 15.202452660 -64.353706360 193.882766724
A 31.028253555 -6.698944569 179.779968262
A 213.291458130 -51.898868561 309.598358154
A 142.127746582 -5.514515400 306.304290771
A 246.050338745 31.192110062 147.484985352
A 199.580947876 41.995174408 109.218605042
A 246.341476440 -54.688785553 77.600730896
A -541.038146973 -3824.517089844 1338.367065430
A 136.711410522 -127.601119995 56.071075439
A 124.928764343 -199.627059937 223.242965698
A 605.379028320 -486.517639160 68.917861938
A 189.704727173 60.646415710 217.210754395
A 114.209579468 40.634788513 105.188591003
A 72.310882568 -158.476654053 249.645904541
A 189.503036499 -52.490570068 47.151371002
A 170.709335327 -199.399810791 236.796203613
A 27.790925980 -16.264408112 199.983581543
A 19301.322265625 -6567.187011719 -28048.992187500
A 187.146286011 -104.434425354 313.855194092
A 171.758529663 -91.361152649 173.787399292
A -2620.695556641 -780.776367188 833.791442871
A 154.073760986 25.938896179 79.691200256
A 58.906181335 -139.322814941 165.099838257
A 53.420761108 -31.934745789 270.900939941
A 198.070266724 53.121482849 129.779479980
A 61.141456604 -167.231857300 164.880828857
A 100.410118103 20.631744385 276.551818848
A 43.038635254 5.990851879 148.001022339
A 259.834045410 -20.133893967 103.971794128
A 139.441482544 -66.391807556 41.737854004
A 251.629623413 -137.436706543 257.902954102
A 27.394380569 -83.479110718 235.914993286
A 45.192272186 -117.556671143 113.083183289
A 56.034614563 -16.537370682 110.315383911
A 164.230895996 68.043304443 154.454879761
A 183.887161255 37.058296204 268.347595215
A 88.678314209 42.264362335 133.718597412
A 54.512718201 -161.755661011 152.802215576
A 47.616401672 16.969020844 160.966583252
A 40.999042511 -148.173522949 200.359008789
A 63.547355652 34.328193665 168.085067749
A 237.788589478 -180.714660645 189.654159546
A 122.604827881 59.697834015 140.891021729
A 214.698165894 -176.129013062 117.399375916
A 19.091745377 -99.872688293 171.716262817
A 168.204101562 8.005460739 66.643836975
A 235.572250366 45.293121338 170.747085571
A 249.629058838 -116.682182312 91.551391602
A 247.278411865 2.726249695 260.334320068
A 207.832229614 -41.311367035 56.756362915
A 106.234657288 -193.927764893 222.399749756
A 111.895622253 62.968429565 177.999908447
A 192.737854004 -29.435441971 54.923641205
A 28.442201614 -85.955780029 127.184234619
A 283.512329102 -12.126669884 192.411178589
A 214.591690063 -140.689071655 286.753997803
A 126.926239014 54.129081726 238.718017578
A 118.931221008 -8.444750786 303.956787109
A 2686.061035156 6263.361328125 8573.233398438
A 168.428161621 69.191184998 169.953842163
A 59.512424469 -141.447875977 114.352035522
A 274.373626709 -141.147644043 183.236480713
A 125.210334778 -53.577873230 318.783142090
A 29.823909760 -12.272724152 157.272613525
A 243.870208740 -162.157958984 132.104125977
A 518.391296387 -819.298217773 -39.445350647
A -19437.548828125 24747.435546875 20203.150390625
A 31.066692352 -125.741943359 211.982864380
A 208.097381592 -111.237876892 59.112686157
A 164.437942505 -172.076583862 88.679672241
A 52.018314362 23.458868027 194.777160645
A 27.346294403 -33.865756989 139.324584961
A 256.502258301 -119.937538147 265.086486816
A 158.237869263 -89.299163818 43.638160706
A 179.792175293 -142.779479980 65.347290039
A 97.104408264 -183.117080688 238.267059326
A 115.297973633 -122.440513611 60.714920044
A 81.517356873 47.492282867 187.230041504
A 112.595031738 -196.851547241 145.941497803
A 104.821716309 -136.627273560 293.253021240
A 189.589920044 -70.558471680 48.010215759
A 38.271450043 -142.952346802 158.775283813
A 181.538238525 -7.886894703 58.689586639
A 200.643142700 29.767869949 93.377365112
A 59.392486572 -70.884292603 79.854393005
A 109.733642578 -883.037536621 -186.068954468
A 42.744838715 -103.703750610 259.222808838
A 257.855560303 25.964105606 167.605804443
A 170.185516357 -36.291431427 318.218353271
A 57.406890869 -86.227851868 86.587829590
A 179.199371338 -74.569679260 319.588806152
A 165.915435791 -22.123723984 50.429672241
A 219.939422607 -64.812210083 60.150943756
A 264.522033691 -12.536554337 176.338409424
A 128.663879395 -36.818672180 316.806060791
A 180.118118286 49.940952301 112.596694946
A 73.681182861 2.335298300 272.106597900
A 212.859664917 51.553119659 141.039382935
A 204.783782959 -195.126953125 167.895843506
A 157.112121582 -39.916824341 45.854820251
A 141.509185791 -198.292984009 182.310394287
A -4592.917968750 25679.052734375 -60969.593750000
A 37.385627747 -80.900970459 107.594100952
A 102.932197571 -108.477096558 306.553253174
A 107.792030334 -97.885276794 54.078357697
A 139.264083862 -94.693054199 45.594005585
A 139.163482666 69.155921936 184.798828125
A 163.736602783 63.701328278 138.743637085
A 282.849792480 -54.175308228 239.966354370
A 230.925262451 -103.332626343 71.526496887
A 266.219085693 -121.476028442 247.832672119
A 195.401031494 -183.118911743 252.123565674
A 51.370536804 9.669042587 132.382324219
A 250.545120239 -157.806274414 234.099411011
A 259.529144287 16.980989456 145.320907593
A 232.744949341 -78.910438538 67.335235596
A 275.019409180 -114.507164001 127.384574890
A 237.918487549 -30.075998306 76.627731323
A 34.697181702 -95.627952576 246.863327026
A 129.772964478 -169.103576660 277.310333252
A 172.343002319 21.242523193 287.068389893
A 274.929016113 -111.217094421 241.029891968
A 36183.925781250 16679.947265625 4340.692382812
A 460.387634277 -1087.185180664 -722.662902832
A 278.139801025 -86.587448120 119.151451111
A 162.010757446 -207.988174438 179.091079712
A 120.885055542 52.288269043 121.532989502
A 215.332092285 -164.568298340 265.165618896
A 43.349838257 -22.162651062 252.091842651
A 113.948036194 -29.039520264 52.937835693
A 261.302612305 -44.189674377 269.653198242
A 236.459945679 -174.907073975 225.238616943
A 190.359008789 53.718959808 237.989517212
A 131.278671265 40.242805481 97.517883301
A 37.961269379 -64.134735107 257.057739258
A 261.591461182 15.813737869 216.683624268
A 22.687715530 -52.751884460 221.290588379
A 246.422561646 -28.530555725 281.904907227
A 200.820892334 -134.440078735 67.810310364
A 29.452493668 -130.737304688 191.344863892
A 208.563186646 40.667507172 253.043975830
A 245.828063965 -81.957321167 289.139465332
A 160.645645142 -12.932719231 312.515716553
A 210.733474731 57.903694153 201.650939941
A 211.386291504 49.469001770 230.422027588
A 238.086883545 -150.736373901 260.560089111
A 26.551498413 -123.671310425 175.480560303
A -2055.573242188 -10492.867187500 5509.244628906
A 219.268173218 -124.354766846 72.255157471
A 258.200683594 -0.804195762 116.330154419
A 83.748260498 -169.513992310 212.274810791
A 18.691730499 -90.179504395 205.866073608
A 1093.878417969 4262.951171875 2970.109619141
A 156.734786987 25.882349014 139.588531494
A 276.169952393 -18.471990585 133.009689331
A 102.981964111 -158.407562256 276.339233398
A 91.272689819 -19.539316177 299.181610107
A 270.855010986 -136.439392090 142.951370239
A 175.723220825 -95.425773621 46.863605499
A 86.647476196 -120.040222168 72.953605652
A 114.899810791 -94.398231506 313.752685547
A 23.331533432 -57.230232239 171.545959473
A 233.848281860 46.888523102 198.054580688
A 227.419326782 -186.916809082 174.699951172
A 252.585128784 9.149372101 247.577972412
A 163.762680054 -110.704277039 315.148895264
A 120.874771118 -67.483123779 125.150085449
A 248.015823364 35.339839935 187.383575439
A 118.703781128 21.731332779 82.785484314
A 179.927856445 32.727241516 90.046043396
A 97.686004639 -73.808319092 309.960998535
A 153.247116089 -146.345108032 298.860260010
A 284.625030518 -40.346633911 139.867782593
A 261.450164795 -155.311416626 159.180740356
A 284.900115967 -51.927589417 197.704956055
A 75.222709656 -44.555606842 295.022369385
A 273.554046631 -56.934047699 256.231689453
A 295.119628906 -74.921669006 179.927871704
A -18088.113281250 -26561.998046875 20521.339843750
A 128.204147339 -2.166956663 65.788513184
A 69.126350403 34.429538727 147.142730713
A 161.072601318 -188.275497437 255.083435059
A -732.464416504 -2221.172119141 -1396.776000977
A 88.564971924 22.730323792 101.006088257
A 243.957641602 -98.678710938 285.698791504
A 264.452178955 3.227350473 131.467666626
A 22.316997528 -35.413379669 158.278717041
A 291.494506836 -70.279991150 157.860626221
A 20.982450485 -62.615261078 142.439392090
A 134.401428223 11.408362389 294.667724609
A 237.827758789 -40.990810394 293.010253906
A 77.823448181 -92.601676941 69.086822510
A 20.543008804 -39.872592926 206.124221802
A 194.330078125 65.011772156 169.507385254
A 115.596885681 -4.196506500 62.940765381
A 145.686187744 51.319065094 249.746810913
A 39.889366150 -48.617965698 257.757324219
A 193.228546143 64.433425903 191.661514282
A 226.710937500 -185.615966797 211.343750000
A 43.058818817 -138.572967529 226.348800659
A 164.041671753 -193.101501465 121.137573242
A 91.653503418 44.307281494 232.225891113
A 152.421005249 -8.272393227 54.870349884
A 41.972686768 -134.027816772 133.540435791
A 144.708465576 34.299079895 88.187530518
A 228.674407959 30.055255890 250.893524170
A 96.728401184 57.326599121 196.959594727
A 139.784622192 -72.305252075 322.285736084
A 208.544464111 -99.531288147 309.904479980
A 283.247436523 -81.629882812 236.431747437
A 287.516448975 -104.624565125 167.433731079
A 112.587036133 -168.649978638 96.424026489
A 73.995643616 28.323898315 242.732269287
A 232.867065430 37.507167816 136.489120483
A 267.592956543 -70.474998474 265.563995361
A 162.568801880 59.827869415 236.060638428
A -210.887176514 457.129913330 1128.007812500
A 172.259689331 -158.372726440 74.918769836
A -12294.725585938 34495.296875000 -2990.904785156
A 109.510261536 -29.173658371 308.798156738
A 283.599853516 -113.834655762 208.945312500
A 252.903594971 -167.872756958 192.799453735
A 39.304313660 5.236176014 201.551498413
A 150.326110840 -65.526878357 45.527660370
A 122.483283997 -154.428894043 287.776702881
A 269.322418213 -99.677398682 108.366798401
A 5748.116699219 2038.932739258 -3363.363525391
A 140.840698242 69.512008667 169.650955200
A 233.117340088 -57.851089478 299.097625732
A 93.115478516 -36.555889130 59.878776550
A 23.974201202 -106.671150208 211.779708862
A 76.802467346 -160.879287720 114.195610046
A 188.434127808 -199.320114136 147.224822998
A 189.505493164 -6.453610420 303.371551514
A 193.122924805 -183.161178589 117.290504456
A 174.320953369 48.978134155 253.699066162
A 157.727325439 42.816135406 264.400390625
A 156.510147095 30.437768936 280.608886719
A 273.924865723 3.375132322 204.845062256
A 142.191528320 -201.967849731 143.779876709
A 78.693466187 -184.048507690 165.203948975
A 106.824310303 7.969581604 290.298278809
A 230.607376099 -168.094436646 246.578491211
A 102.654121399 -195.909576416 204.327606201
A 95.169784546 55.528194427 167.175659180
A 238.592178345 12.843458176 106.097091675
A 196.029388428 -191.207992554 128.654479980
A 1295.109985352 -1456.230102539 0.966530263
A 80.540397644 45.921653748 160.769851685
A 244.568832397 -138.513198853 103.057441711
A 119.750564575 -75.524551392 47.413227081
A 143.222244263 -193.552963257 123.005752563
A 30.620214462 -19.067647934 220.425140381
A 114.322692871 -190.237182617 128.169021606
A 126.349411011 35.540813446 270.499328613
A -9886.742187500 7711.750488281 -10748.955078125
A 231.866455078 -51.216167450 67.210182190
A 112.512336731 -137.661895752 68.666328430
A 272.508117676 -33.619773865 114.808502197
A 153.143417358 -207.516479492 200.989242554
A 205.520141602 -193.743911743 222.223266602
A 126.248329163 -109.235946655 314.018157959
A -7189.754394531 3379.205078125 -6158.144531250
A 208.691238403 -198.477874756 181.321258545
A 246.580093384 32.442329407 214.408889771
A 209.141448975 -76.877807617 54.152580261
A 77.771705627 -21.168607712 75.115699768
A 284.922302246 -19.143888474 162.277023315
A 128.419082642 -206.691162109 185.845474243
A 39.638603210 -5.768565655 229.634918213
A 138.658065796 25.037899017 283.895172119
A 49.286323547 -3.118007421 116.384353638
A 69.991455078 -172.255081177 140.729797363
A 264.514160156 -77.297409058 95.984237671
A 98.016868591 -50.341304779 308.964324951
A 51.556838989 11.315078735 231.516448975
A 25498.058593750 -30982.650390625 39352.585937500
A 261.949523926 -143.971298218 230.464782715
A -4780.533691406 550.105041504 3026.803955078
A 1062.482788086 -2435.572265625 -384.981323242
A 97.888084412 -172.910888672 254.885940552
A 101.673637390 53.083873749 140.530853271
A 275.300933838 -2.316015244 150.325881958
A 203.554870605 -160.019226074 88.486640930
A 27.879507065 -107.988983154 137.838729858
A 236.258819580 2.812881231 93.706375122
A 190.494674683 61.769264221 145.611633301
A 242.753585815 -118.769226074 280.118774414
A 60.437393188 -113.047584534 90.145668030
A 94.862831116 -138.242477417 78.162628174
A -2321.413818359 1487.096801758 66.306076050
A 200.246429443 -159.632827759 279.910797119
A 117.597793579 -75.913429260 317.622467041
A 259.870697021 -125.053535461 109.814537048
A 107.408447266 54.602046967 224.543411255
A 153.572830200 -17.278913498 305.274078369
A 96.304122925 -194.059921265 164.930404663
A 77.867546082 -66.904464722 301.148895264
A 176.534622192 -204.895080566 163.718399048
A 170.791076660 -189.908721924 229.606628418
A 212.591140747 1.770444632 183.937561035
A 100.043563843 -72.598251343 53.199214935
A 243.091491699 -13.149479866 90.697769165
A 188.573776245 -146.882537842 294.057525635
A 19451.632812500 37793.730468750 18034.244140625
A 58.205791473 -101.447349548 277.327392578
A 194.280456543 12.075535774 290.500305176
A 174.297988892 -205.462020874 205.436416626
A 285.147155762 -68.007080078 134.373443604
A 61.646995544 -21.702606201 89.417465210
A 68.613296509 26.333189011 129.363189697
A 169.370361328 -178.363647461 266.718902588
A 223.375778198 50.419795990 158.352828979
A 28.237161636 -62.038303375 123.412734985
A 32.319793701 -33.641384125 236.593032837
A 164.712875366 -127.272674561 56.035121918
A 104.749366760 -17.136384964 288.995697021
A 73.577735901 -27.108650208 288.173950195
A 164.963394165 -131.170089722 307.493194580
A 274.262634277 -32.881237030 246.894989014
A 265.110198975 18.953374863 190.753753662
A 119.861419678 -201.828536987 163.139770508
A 193.678695679 -44.621299744 315.626007080
A 90.973518372 -185.294509888 139.987991333
A 119.217437744 43.797416687 255.962509155
A 55.874374390 -121.944488525 263.431701660
A 16.902851105 -91.363761902 186.308761597
A 132.549743652 -167.888732910 87.672737122
A 158.548553467 57.285823822 119.608581543
A 125.619209290 -23.203172684 205.524734497
A -3216.823486328 29573.371093750 -37790.835937500
A 236.969390869 24.267021179 118.886421204
A -331.333984375 -894.144470215 125.200325012
A 57.709449768 -137.788116455 255.832748413
A 260.902130127 -143.892868042 131.137298584
A 64.228027344 -44.481014252 78.363349915
A 199.187240601 9.972956657 74.755676270
A 5528.827148438 -355.290039062 -1230.832519531
A 268.168884277 -5.500446796 236.147583008
A 170.838562012 -55.744091034 43.824935913
A 74.744346619 17.093458176 257.940948486
A 83.065483093 -188.066680908 192.268173218
A 6341.234375000 7239.748535156 13852.040039062
A 220.216735840 35.006484985 115.357551575
A 16.823204041 -72.054229736 157.675720215
A 67.121215820 -14.032336235 277.738525391
A 14.687062263 -51.778690338 175.827026367
A 223.977279663 -159.839614868 103.656303406
A 261.750030518 -157.699264526 183.250885010
A 71.855918884 5.983210564 226.397079468
A 62.264247894 -73.811859131 287.636138916
A 21.886491776 -27.669761658 182.015991211
A -2525.127197266 -1016.843200684 2485.336425781
A 122.328849792 64.675231934 158.314224243
A 150.743911743 -139.959854126 61.419181824
A 85.971839905 -69.003189087 284.622314453
A 53.602931976 -4.749294281 252.564193726
A 77.368888855 24.474937439 113.884140015
A -15115.136718750 4788.327148438 3105.091308594
A 58.158584595 -152.970260620 127.879859924
A 187.268966675 -62.835414886 319.474212646
A 76.779762268 -180.892883301 216.424514771
A 27.494537354 -63.205558777 238.548812866
A 229.592742920 13.788831711 239.895919800
A 224.220413208 47.692760468 216.868774414
A 130.198165894 65.210662842 201.712203979
A 275.810394287 4.092140198 173.502838135
A 291.223937988 -33.232536316 190.464828491
A 174.480712891 -183.675888062 106.156616211
A -2027.441284180 1885.197631836 -402.330261230
A 70.729705811 -93.369178772 291.965270996
A 178.479202271 -114.492599487 51.429130554
A 214.193618774 57.485317230 177.399948120
A 167.053726196 -157.193923950 290.686187744
A 65.798370361 3.270983219 101.673103333
A 274.384735107 -137.580413818 204.306823730
A 221.420455933 -5.233145714 77.666107178
A 188.452041626 -196.802825928 228.330703735
A 216.861709595 -77.149497986 310.589263916
A 111.650680542 -52.177074432 48.967304230
A 76.285049438 38.631809235 219.903594971
A 159.632705688 46.094615936 102.277130127
A 294.679168701 -49.801326752 173.572891235
A 196.394561768 -1.792986631 163.725479126
A 142.678771973 -179.067428589 267.171997070
A 88.572158813 -105.348274231 300.102783203
A 165.168426514 -200.760452271 140.615936279
A 175.010467529 19.985206604 76.122627258
A 114.620826721 -155.371658325 80.389404297
A 220.713409424 -24.122434616 298.213073730
A 54.344650269 -162.062667847 214.416702271
A 110.050521851 57.561943054 207.368225098
A 127.426017761 -187.393264771 113.626304626
A 248.049728394 -14.341947556 272.406921387
A 201.913528442 -94.113456726 52.950626373
A 134.955856323 -145.295288086 298.271392822
A 262.196990967 -92.423156738 270.336517334
A 145.731674194 -196.413742065 236.942596436
A 143.872314453 -118.097953796 312.047515869
A -8688.333984375 7972.343750000 1875.888549805
A 231.877365112 -131.115509033 85.021148682
A 252.565399170 -62.732467651 284.530273438
A 7402.272460938 3317.007812500 -17.874444962
A 203.387451172 25.121450424 263.073486328
A 21.398881912 -94.208816528 152.630249023
