533

W 44.223430634 -91.563377380 256.346282959
W 242.292236328 3.745823622 63.410308838
W 75.112609863 -27.300970078 36.739654541
W 117.939926147 85.557044983 155.212722778
W 13.597430229 -98.641197205 123.589935303
W 3.561950207 -61.851997375 144.193756104
W 95.667938232 17.461608887 133.839782715
W 96.681930542 -52.791481018 45.246677399
W 207.175338745 -3188.583251953 -30393.947265625
W 5.964356899 -29.309658051 166.720199585
W 229.959518433 -131.869888306 261.690063477
W 94.749511719 -72.506942749 80.667480469
W 92.141647339 71.843223572 197.850692749
W 36.509799957 -111.344825745 84.096733093
W 266.023223877 -97.003669739 246.212936401
W 2763.100585938 -633.762695312 6138.866210938
W 131.203048706 -35.977348328 16.150665283
W 180.944717407 69.525245667 93.465965271
W 230.379867554 -13.254894257 154.533538818
W 89.417282104 -147.382797241 260.217590332
W 147.877227783 -198.898880005 119.672485352
W 7.655809879 -31.446962357 140.898605347
W 159.902297974 -31.264129639 16.125022888
W 5123.261230469 3929.042724609 -68.455566406
W 102.137992859 -158.485870361 63.459339142
W 96.265159607 77.127037048 139.146530151
W 72.813667297 -125.893814087 54.502319336
W 8.759769440 -79.144104004 127.466896057
W 24.954116821 8.503363609 186.557403564
W 177.525711060 -88.940505981 274.810058594
W 165.108276367 -193.397979736 217.325500488
W 8.900251389 -57.269302368 119.705276489
W 9.244610786 -89.099365234 187.405914307
W 88.038414001 59.445377350 97.299972534
W 26.425613403 10.295077324 119.852951050
W 254.691833496 3.642596483 246.607330322
W 137.555023193 -125.838615417 32.325443268
W 244.438079834 -170.258682251 145.504745483
W 12.147255898 -36.610752106 205.809814453
W 285.111968994 -56.436408997 130.317489624
W 45.047634125 -27.405164719 258.274627686
W 227.123336792 -58.579383850 287.778503418
W 211.103210449 -141.190887451 267.595672607
W 116.581871033 49.221485138 66.041679382
W -2474.025634766 856.098510742 174.569580078
W 103.968627930 -120.233581543 286.029205322
W -28413.826171875 37537.855468750 23857.582031250
W 171.063430786 -198.625137329 124.471153259
W 211.938125610 -169.254898071 86.585189819
W 207.389144897 -25.558675766 157.160842896
W 268.204345703 -145.558273315 165.298690796
W 279.736907959 -87.492897034 228.240615845
W 249.358352661 -25.107265472 267.959564209
W 223.863327026 17.833080292 58.311191559
W 138.532180786 -202.049789429 136.634765625
W 167.837127686 85.214279175 127.371017456
W 208.106140137 -166.468063354 242.792541504
W 251.674362183 50.125968933 150.212860107
W 261.013397217 19.841823578 100.902748108
W -39138.800781250 9650.213867188 -30178.011718750
W 230.632568359 -78.776863098 283.764404297
W 152.047637939 -60.029907227 13.905829430
W 229.077407837 -6.988364697 48.216266632
W 192.877868652 56.638950348 78.814117432
W 262.183441162 40.291061401 165.129989624
W 85.295349121 26.537569046 261.811248779
W 137.048904419 -204.083206177 154.073104858
W 53.193897247 49.385444641 184.133468628
W 47.074665070 41.725227356 130.058807373
W 14.874256134 -1.200586081 161.507217407
W 16.524070740 -70.547561646 221.354187012
W 54.601036072 -14.962955475 198.932754517
W 58.885612488 33.004215240 231.447311401
W 251.659225464 -159.222839355 124.312309265
W 241.952819824 46.737400055 108.037246704
W 274.766326904 -18.124406815 232.382827759
W 84.819580078 -105.004234314 283.885711670
W 119.414321899 7.926904202 32.821418762
W 82.277427673 -146.218093872 63.104076385
W 170.127609253 -138.191345215 285.202758789
W 2618.280761719 -8049.211914062 15121.547851562
W 95.096923828 -122.028869629 40.617904663
W 220.452316284 28.557542801 256.776885986
W 56.896312714 -158.493087769 105.921615601
W 178.227157593 -16.502094269 300.397369385
W 279.885345459 -10.469822884 106.650306702
W 27.517652512 -69.518035889 239.888000488
W 144.287338257 47.704681396 58.464298248
W 109.363189697 -100.177604675 25.941259384
W 184.884262085 7.353778362 33.676448822
W 226.023849487 35.246231079 74.887062073
W 205.845901489 78.977157593 158.623168945
W 23673.091796875 -8070.633300781 -25717.826171875
W 26.078552246 -34.276771545 86.745628357
W 223.016738892 52.575462341 225.673873901
W 14.169311523 -25.472511292 117.472908020
W -11686.545898438 -47888.304687500 6119.581542969
W 218.099594116 -25.930047989 287.993865967
W 100.834762573 -1.310861468 33.863380432
W 12.821218491 -15.026760101 192.896499634
W 266.384429932 -49.624225616 70.762100220
W 266.926208496 -70.301231384 244.056274414
W -2127.985595703 4808.923339844 4886.812011719
W 236.750488281 19.210737228 254.032592773
W 56.944335938 -36.194866180 272.253601074
W 204.542755127 -142.646697998 72.711059570
W 75.356719971 21.433055878 63.835514069
W 163.777206421 58.534667969 249.335128784
W 264.480041504 -67.884788513 257.710418701
W 166.685363770 34.421554565 275.281677246
W 281.868988037 2.025288820 192.650238037
W 69.451797485 53.175304413 212.099777222
W 276.541717529 -113.721923828 215.166046143
W 118.608940125 49.474018097 254.807678223
W 159.978027344 87.756752014 182.184249878
W 43.011814117 -68.023292542 259.542449951
W 170.846908569 -93.328468323 305.080383301
W -900.482788086 -49137.882812500 -11999.317382812
W 207.173782349 53.753055573 237.879486084
W 128.423568726 -19.550662994 274.049163818
W 211.387512207 -121.026206970 280.776214600
W 153.765502930 -84.509300232 15.853816032
W 130.217636108 21.773975372 249.020950317
W 258.505035400 -75.260726929 61.933826447
W -33651.179687500 -26010.275390625 -30115.166015625
W 22.399394989 -116.796348572 118.763687134
W 71.347915649 61.145774841 191.293228149
W 78.749435425 -1.797064543 44.964912415
W 298.496154785 -61.811428070 148.222717285
W 282.513031006 -123.770019531 163.478790283
W 90.254081726 -74.608963013 26.792520523
W 163.765426636 -125.860961914 29.755628586
W 55.237995148 -163.620376587 196.963211060
W 104.656593323 -174.014816284 237.656753540
W 53.771099091 -72.581405640 270.583740234
W -817.900634766 -5252.069824219 1760.986206055
W 170.505447388 4.244958401 293.571533203
W 184.875793457 79.593772888 119.862594604
W 1941.066284180 -1701.168579102 -278.850524902
W 114.715164185 -195.612136841 124.560775757
W 193.268386841 -173.166442871 242.595565796
W 239.095458984 37.437171936 90.410240173
W 115.477127075 -72.486747742 304.317321777
W 134.906890869 79.237342834 104.522155762
W 285.777648926 -112.826957703 142.641448975
W 18116.130859375 -6165.364257812 -26339.599609375
W 117.164901733 -19.928653717 22.321325302
W 139.786453247 -39.725948334 169.019699097
W -4168.715820312 -1182.632812500 1167.426269531
W 152.430297852 -158.920272827 268.453674316
W -953.985839844 -860.720520020 -41.186878204
W 258.644531250 -97.438934326 68.925582886
W 105.932151794 -186.796432495 216.568435669
W 249.982589722 41.193130493 179.207443237
W 209.112854004 -151.773025513 61.216453552
W 268.777954102 -138.041778564 198.031311035
W 41.107551575 -109.670143127 244.191314697
W 166.014877319 -60.417449951 310.428527832
W 49.648384094 13.798421860 81.708534241
W 285.860168457 -41.994010925 103.623634338
W 265.443939209 -8.157900810 233.144424438
W 250.006546021 -110.434349060 232.774993896
W 140.663986206 -201.577758789 191.242279053
W 119.626846313 -169.886917114 69.623962402
W 221.440902710 -176.645233154 212.094894409
W 258.566070557 41.358921051 188.707702637
W 264.903625488 -147.804718018 183.918014526
W 271.129302979 26.350545883 142.798080444
W 248.715545654 -166.287597656 174.952896118
W 64.096786499 60.862861633 153.742141724
W 185.395324707 -193.922622681 204.402130127
W 89.156753540 55.954570770 230.031646729
W 293.786895752 -23.343223572 172.142410278
W 139.282623291 -138.596450806 283.993408203
W 66.763114929 -178.099975586 173.508651733
W 50.902183533 -7.690874577 256.194946289
W 53.999916077 -133.159271240 81.663619995
W 95.633445740 -87.637451172 294.498138428
W 203.833969116 73.564315796 120.230247498
W 197.161575317 -197.400070190 164.811218262
W 111.437667847 -99.636093140 296.098999023
W 285.503845215 -38.522514343 218.875259399
W 15.451098442 -117.514244080 151.981857300
W 88.292160034 18.921339035 51.089046478
W 181.929840088 -188.539733887 100.926002502
W 190.289276123 -121.998268127 33.158981323
W 2850.576416016 6700.922851562 9133.958984375
W 138.494445801 -203.880264282 174.088012695
W 251.887619019 17.825874329 231.173370361
W 24.421718597 17.167436600 161.642776489
W 182.375305176 -73.258552551 17.798126221
W 282.170288086 -117.083831787 187.727188110
W 58.642593384 39.460372925 215.793151855
W 1279.446777344 -2401.134277344 -528.310424805
W -18171.695312500 23128.005859375 18879.396484375
W 282.018890381 3.887696743 131.027801514
W 96.881027222 -12.819011688 291.149658203
W 139.737228394 51.125766754 260.623168945
W 260.331909180 -155.748977661 148.542556763
W 286.795104980 -94.321678162 206.040573120
W 44.663776398 -2.255944729 75.048156738
W 147.921920776 -35.420681000 307.898284912
W 126.736083984 20.398302078 284.555786133
W 213.028244019 63.102775574 103.180007935
W 193.027954102 -0.770722449 290.598022461
W 230.098968506 -182.047912598 155.296569824
W 197.207748413 75.534774780 199.761718750
W 206.031341553 14.425419807 44.726146698
W 114.405952454 -56.848094940 303.679260254
W 273.643615723 20.610979080 185.986648560
W 124.081336975 -120.976264954 292.282928467
W 103.795303345 -161.887008667 254.093002319
W 253.155136108 -54.181907654 268.905975342
W -5.940031528 -2534.982421875 -963.659423828
W 270.298583984 -21.507144928 81.806655884
W 43.232376099 -157.904083252 176.890533447
W 135.882278442 -93.977111816 18.430803299
W 250.752578735 -38.669071198 261.876220703
W 125.770927429 -50.992160797 16.217071533
W 142.455337524 -106.844001770 300.581085205
W 81.863471985 -62.676555634 291.084228516
W 45.421325684 -112.588882446 166.664382935
W 180.511108398 -92.942756653 20.416561127
W 125.429901123 -183.272445679 234.485839844
W 236.707061768 -133.932861328 67.438629150
W 90.114463806 -184.845260620 204.292388916
W 98.436607361 72.702201843 173.739852905
W 149.670120239 -88.192321777 306.922790527
W 164.836502075 72.183204651 161.653152466
W -4180.875488281 23369.121093750 -55489.109375000
W 276.051483154 -45.890201569 239.360153198
W 206.122467041 -17.197364807 30.555345535
W 201.370422363 -26.140625000 295.950836182
W 167.750274658 -31.523162842 306.169769287
W 168.850769043 -201.374755859 160.761001587
W 142.392318726 -197.615280151 206.478164673
W 17.172777176 -72.477790833 100.272491455
W 71.431381226 -20.251106262 279.301147461
W 34.446899414 -2.950649023 93.722122192
W 107.942184448 63.157600403 87.909866333
W 260.994720459 -140.841888428 213.761718750
W 49.618293762 35.639751434 108.069839478
W 40.858604431 -147.910980225 200.384231567
W 69.704055786 -46.551536560 282.765899658
W 24.320985794 -9.385616302 219.085144043
W 64.380142212 -99.643348694 272.604827881
W 276.958221436 -29.461082458 94.065788269
W 178.922317505 48.477802277 62.928390503
W 134.355895996 -154.437805176 50.583702087
W 24.923738480 -11.163973808 98.927230835
W 33689.062500000 15529.179687500 4035.363281250
W 837.109008789 -2370.857177734 -1915.527587891
W 21.099155426 -38.107223511 227.909484863
W 145.087249756 89.423309326 164.879821777
W 186.970291138 -185.818832397 224.862915039
W 87.053535461 42.594657898 74.406555176
W 268.827697754 -107.292709351 88.179626465
W 193.809906006 -100.325157166 297.317138672
W 38.066268921 -82.687194824 68.750152588
W 65.985069275 53.807903290 117.591835022
W 113.008621216 -187.897323608 101.904357910
W 175.345855713 -172.835968018 250.480697632
W 274.704162598 -62.541419983 81.609397888
W 38.779190063 -148.062591553 125.276283264
W 292.376159668 -73.113632202 120.424751282
W 54.925300598 -101.033866882 57.393470764
W 104.413238525 10.965816498 283.659332275
W 282.983428955 7.474049091 152.758193970
W 94.360527039 -172.890823364 86.201202393
W 55.102069855 -42.625614166 48.132827759
W 145.707443237 -119.471931458 23.979576111
W 93.470581055 -191.970275879 141.558090210
W 91.492088318 -183.202072144 110.293960571
W 63.094112396 28.884653091 80.285560608
W 285.892791748 1.678145289 168.633422852
W -2181.526123047 -11029.711914062 5765.223632812
W 83.425682068 1.105533361 277.900482178
W 43.152011871 -130.203155518 229.992599487
W 222.413925171 39.254169464 133.220870972
W 295.880737305 -36.581348419 136.710479736
W 1335.502441406 5407.903320312 3681.216552734
W 149.174240112 -146.299362183 200.175125122
W 23.582559586 -110.243591309 213.997879028
W 206.906799316 36.938785553 63.164245605
W 217.512359619 -110.523712158 39.102268219
W 28.225778580 13.784460068 203.202392578
W 130.418304443 -28.753234863 304.880004883
W 223.948516846 -2.133237123 276.320495605
W 193.942489624 -30.338254929 23.998327255
W 282.813110352 -68.575759888 171.384796143
W 69.200538635 -179.566040039 143.288543701
W 75.130332947 67.094810486 168.233871460
W 49.226943970 -141.489578247 91.382019043
W 142.238418579 -13.471140862 21.030303955
W 181.304489136 -59.279834747 209.479354858
W 53.390033722 -168.758468628 156.938278198
W 189.366836548 -152.991485596 268.129272461
W 123.217300415 -164.455596924 258.876708984
W 212.366302490 -53.024330139 26.507596970
W 153.707839966 23.796493530 38.670051575
W 14.254825592 -86.834732056 206.187042236
W 38.227558136 33.155601501 186.339813232
W 21.515539169 -74.538146973 145.059143066
W 234.567153931 -83.589645386 41.787380219
W 27.661790848 -70.300758362 83.354476929
W 3.925355196 -49.838489532 163.072631836
W -16894.890625000 -24796.259765625 19156.132812500
W 179.029281616 -125.643005371 280.192565918
W 241.784545898 -166.823760986 198.733230591
W 144.888839722 69.700790405 85.958076477
W -1268.798461914 -3471.396484375 -2347.190673828
W 221.182037354 -154.049713135 245.874511719
W 59.082977295 -26.926458359 53.847145081
W 36.885257721 -133.932540894 214.804321289
W 292.411102295 -91.792755127 186.681213379
W 6.028258324 -56.305583954 188.293243408
W 292.132049561 -63.886562347 203.452972412
W 174.627456665 -141.932128906 42.098106384
W 63.949264526 -87.600372314 44.832641602
W 233.161148071 -32.241794586 281.075469971
W 293.137420654 -88.394294739 136.677703857
W 110.048263550 -198.906341553 172.826538086
W 192.086257935 -125.382598877 288.255157471
W 160.259399414 -186.308792114 90.630966187
W 273.587646484 -76.300956726 82.565353394
W 111.882110596 -198.742187500 151.828704834
W 75.628273010 64.767951965 129.590072632
W 269.929290771 16.739280701 115.543151855
W 141.636154175 72.755310059 226.702789307
W 217.675033569 -177.790649414 107.707328796
W 153.924728394 -122.041519165 294.836853027
W 271.078186035 12.009143829 211.744522095
W 161.770980835 -167.180145264 260.221130371
W 73.201316833 -163.079055786 89.858299255
W 211.567245483 -191.881134033 144.287307739
W 166.782562256 -55.019943237 14.714610100
W 95.139358521 -25.300168991 27.322732925
W 15.571692467 -42.874767303 105.590072632
W 11.604090691 -19.828872681 176.779907227
W 195.728820801 48.055263519 251.940048218
W 235.576858521 -160.573867798 97.191932678
W 69.611625671 -171.000076294 209.746093750
W 31.256107330 -57.205451965 73.724975586
W 144.469940186 -193.617843628 106.050346375
W -791.085327148 1280.468505859 2605.108398438
W 132.130538940 35.882499695 274.607513428
W -11505.608398438 32272.443359375 -2806.402587891
W 199.091567993 -101.383316040 27.736621857
W 15.009493828 -9.995139122 133.320251465
W 48.126026154 46.976108551 150.199630737
W 273.778228760 -136.093582153 142.415893555
W 159.640213013 -61.053333282 302.502593994
W 186.777542114 32.591270447 50.792629242
W 30.926263809 -25.148187637 239.364593506
W 6692.228027344 2402.715087891 -3996.683105469
W 166.406753540 -204.985336304 173.180084229
W 69.803001404 -69.205444336 36.999118805
W 215.519851685 -92.350273132 290.367095947
W 289.506591797 -16.780958176 130.795989990
W 234.745025635 39.927589417 232.456619263
W 115.344215393 79.579849243 198.129714966
W 115.382339478 -123.875526428 33.258129120
W 112.700180054 61.259307861 228.223388672
W 131.790420532 -182.500976562 85.743179321
W 148.707321167 -177.456893921 74.950042725
W 151.608947754 -162.097122192 57.474544525
W 26.375543594 -134.200347900 138.434844971
W 165.811431885 82.204681396 201.356582642
W 233.269897461 63.445648193 179.250976562
W 202.736099243 -139.508117676 48.648223877
W 72.559501648 47.416629791 94.132934570
W 208.188140869 75.593513489 138.062286377
W 214.278564453 -189.018951416 177.593139648
W 64.145828247 -144.712753296 241.911041260
W 108.358032227 70.572181702 220.870132446
W 2395.924560547 -2789.288574219 -184.629241943
W 229.823181152 -178.522811890 183.835083008
W 55.124240875 15.813379288 244.970977783
W 189.125091553 -52.077331543 304.172790527
W 163.863525391 74.202323914 223.513015747
W 282.220214844 -111.141075134 121.864662170
W 195.076522827 70.234016418 217.394180298
W 182.671096802 -168.600311279 68.765571594
W -9923.445312500 7733.903320312 -10798.116210938
W 70.404762268 -75.464508057 282.510650635
W 196.341308594 14.300372124 281.157806396
W 27.653005600 -95.077232361 232.186965942
W 154.949737549 88.460639954 141.030746460
W 99.055549622 73.582885742 118.628105164
W 182.482360840 -15.570635796 23.041732788
W -7773.234375000 3645.145751953 -6676.236816406
W 94.394233704 79.441322327 164.079452515
W 55.615203857 -165.738113403 126.860305786
W 95.207115173 -48.990013123 297.787750244
W 232.742050171 -107.015495300 274.097503662
W 14.189272881 -110.496223450 182.194366455
W 179.642684937 87.105690002 158.527023315
W 272.367370605 -124.872718811 111.317382812
W 168.716400146 -157.898010254 53.777320862
W 261.963775635 -126.319908142 231.978347778
W 241.776733398 50.221630096 203.201507568
W 35.831771851 -49.476684570 252.147109985
W 212.424453735 -76.745109558 27.573507309
W 259.514190674 -143.155380249 109.160003662
W 23355.347656250 -28376.761718750 36043.664062500
W 38.719326019 21.702949524 110.924621582
W -5937.340332031 689.870910645 3669.058105469
W 1635.281372070 -3954.286376953 -768.189880371
W 212.353027344 53.109012604 85.762519836
W 206.775604248 -186.807449341 205.040802002
W 25.812294006 -128.478149414 193.854614258
W 100.574974060 39.123928070 260.686431885
W 284.827667236 -15.980386734 206.973739624
W 65.321174622 -133.089630127 254.593444824
W 114.986907959 -195.378021240 200.000137329
W 58.207908630 -6.205449581 57.649780273
W 252.390594482 -11.671477318 258.190368652
W 215.724304199 15.583962440 270.717468262
W -3708.205566406 2351.802734375 -25.381336212
W 103.301811218 38.022354126 59.861480713
W 191.683273315 -50.280509949 18.906873703
W 41.406253815 3.063843966 238.316207886
W 203.554718018 -188.885116577 117.164161682
W 152.108734131 -112.103332520 37.993816376
W 214.328048706 73.735458374 178.257003784
W 233.357574463 -60.698371887 37.993251801
W 128.433273315 86.393943787 181.248626709
W 136.107055664 63.790023804 112.662918091
W 98.764167786 -122.813888550 159.788681030
W 207.777328491 -52.998416901 297.872589111
W 59.415626526 -117.386657715 256.860198975
W 115.970527649 23.773057938 43.635154724
W 17974.974609375 34925.730468750 16661.623046875
W 254.561141968 -22.407081604 61.839382172
W 109.366195679 -143.633544922 47.644538879
W 132.203369141 86.809295654 137.248794556
W 15.557038307 -58.964927673 211.927001953
W 251.063385010 -107.325088501 258.308746338
W 241.440841675 -158.659652710 218.215835571
W 137.514633179 58.102916718 71.814582825
W 79.831718445 -182.238754272 186.391220093
W 285.154510498 -64.845886230 222.871429443
W 280.938201904 -94.687072754 102.707122803
W 140.571777344 4.048696041 293.594787598
W 200.438964844 -108.808944702 57.538307190
W 236.818572998 -102.623382568 49.194709778
W 140.905364990 7.758763313 29.393941879
W 25.429101944 -95.816932678 92.363365173
W 35.468879700 -149.803314209 153.096649170
W 189.361358643 82.584671021 181.372467041
W 109.018287659 -84.000030518 21.661516190
W 219.624237061 63.947204590 206.491058350
W 189.266143799 -176.398666382 83.393112183
W 255.575607300 -1.252274156 75.790588379
W 296.379821777 -33.285720825 158.118560791
W 174.735626221 45.846817017 261.097320557
W 147.310348511 -189.809738159 226.144592285
W 177.901184082 -96.684036255 142.031112671
W -2966.556152344 27269.759765625 -34846.613281250
W 65.710350037 -156.236038208 229.175201416
W -1273.063232422 -2451.200195312 -0.724742830
W 254.139480591 15.592762947 84.889801025
W 39.073585510 19.964649200 214.678375244
W 247.051986694 -83.995368958 269.963043213
W 105.660339355 -140.278091431 275.088745117
W 6818.059570312 -428.459808350 -1591.293701172
W 31.814313889 -125.035484314 104.455085754
W 134.910888672 -72.026283264 307.827911377
W 235.600479126 -149.157135010 81.674263000
W 228.489700317 67.728485107 148.879592896
W 6352.829589844 7262.453125000 13879.121093750
W 82.909004211 -168.221237183 231.120956421
W 297.237030029 -54.144680023 186.359985352
W 242.863708496 -116.503761292 61.534309387
W 298.525695801 -73.714378357 169.205276489
W 76.496345520 37.918537140 243.525939941
W 37.464649200 35.816047668 160.813354492
W 231.523590088 -131.432327271 118.962142944
W 248.648330688 -53.020889282 49.843746185
W 292.058441162 -100.742927551 161.752456665
W -3668.753906250 -1425.881958008 3446.296386719
W 185.393234253 -198.970245361 186.447280884
W 154.645156860 15.761887550 289.162017822
W 218.975860596 -57.919189453 62.087093353
W 258.133361816 -127.265426636 87.595764160
W 232.630737305 -157.196746826 233.261886597
W -15226.725585938 4815.681640625 3104.936279297
W 255.112380981 29.810829163 219.387298584
W 116.216201782 -63.172775269 16.918657303
W 235.091125488 59.627647400 127.220924377
W 285.741180420 -63.479907990 101.954681396
W 78.931175232 -137.606460571 105.774177551
W 79.114532471 -181.545593262 126.038818359
W 178.894836426 -201.125259399 139.520843506
W 24.665346146 -134.025421143 170.349105835
W 7.183611870 -94.881126404 152.666000366
W 129.936035156 63.267990112 242.188003540
W -3215.135742188 2949.850097656 -755.882812500
W 240.399093628 -32.686077118 45.976474762
W 126.955047607 -9.225630760 299.649475098
W 89.050796509 -191.844924927 167.237060547
W 140.093490601 35.348579407 47.564922333
W 246.142349243 -133.784133911 245.477478027
W 25.141117096 14.495656013 138.420944214
W 80.796966553 -124.778991699 271.108367920
W 117.294303894 77.597259521 112.281082153
W 85.716918945 -49.449123383 27.414880753
W 195.991455078 -75.904998779 301.620147705
W 234.932662964 -170.144775391 120.930717468
W 147.790161133 -180.534790039 244.144088745
W 4.739581585 -79.302680969 171.031845093
W 1150.823730469 1556.885375977 -317.903350830
W 164.479187012 58.284461975 71.293891907
W 222.074661255 -17.208089828 37.384952545
W 140.898422241 81.050109863 205.271667480
W 132.072662354 -151.797424316 273.003967285
W 193.151626587 32.765678406 268.954437256
W 82.533493042 -107.105522156 39.043617249
W 256.276794434 40.697700500 128.045761108
W 199.043731689 -188.900070190 135.849411011
W 181.552230835 66.088775635 232.474792480
W 52.982109070 -117.400985718 66.990783691
W 102.305892944 -30.232582092 298.019073486
W 172.793655396 22.455068588 39.105812073
W 38.581348419 -32.951770782 68.142601013
W 160.815933228 77.781478882 103.630271912
W 163.022796631 -5.771934032 23.768146515
W -9137.810546875 8374.386718750 1941.419921875
W 70.529800415 7.133303165 265.241180420
W 48.678115845 -62.510391235 53.603912354
W 8363.902343750 3772.233398438 -62.683979034
W 103.090454102 -153.431823730 81.001403809
W 292.274902344 -28.544120789 192.114608765
