533

A 346.457733154 -49.224697113 125.632438660
A 94.495010376 -172.813903809 374.038513184
A 305.696350098 -132.398864746 406.170288086
A 250.315017700 -275.645202637 253.818634033
A 384.017211914 -38.853675842 295.705780029
A 399.325683594 -90.866966248 265.639831543
A 287.079864502 -200.973205566 285.748809814
A 282.630157471 -101.343185425 405.398590088
A 304.067260742 -4563.433105469 -43520.949218750
A 395.387634277 -127.929100037 241.876098633
A 107.951881409 0.978320837 115.390457153
A 290.089294434 -72.657310486 360.482421875
A 285.130249023 -255.903640747 199.221786499
A 357.452819824 -26.662664413 345.615112305
A 63.578281403 -44.643783569 138.570770264
A 2993.912597656 -689.030456543 6605.855468750
A 234.034362793 -122.007369995 430.163574219
A 170.430953979 -254.357162476 333.676086426
A 88.719566345 -157.823974609 258.016876221
A 288.277160645 21.049995422 119.587509155
A 211.748626709 87.743537903 300.003997803
A 392.171569824 -125.386795044 273.761871338
A 199.293365479 -125.782508850 433.297332764
A 5450.842285156 4112.571289062 3.885675192
A 272.899871826 31.523059845 373.288787842
A 279.410461426 -268.067779541 276.357940674
A 309.660858154 -7.064143181 382.056640625
A 391.613525391 -63.677383423 292.391571045
A 372.862915039 -177.544235229 215.029129028
A 174.370208740 -48.538936615 90.113700867
A 191.749145508 80.728820801 172.736648560
A 389.736541748 -94.142097473 299.825836182
A 392.498474121 -53.679519653 213.027389526
A 290.513183594 -242.601318359 327.745452881
A 369.191314697 -176.595214844 298.649322510
A 79.418525696 -171.001449585 136.713363647
A 229.904647827 -3.039650202 412.293823242
A 91.354240417 51.177555084 264.759307861
A 387.840545654 -119.457931519 191.437500000
A 30.038398743 -95.920303345 286.619110107
A 346.008239746 -130.603195190 121.902618408
A 111.994514465 -91.671157837 84.018470764
A 132.306777954 13.864734650 109.724647522
A 256.485809326 -230.143753052 368.123992920
A -1017.887573242 342.294403076 257.304412842
A 271.340423584 -13.785251617 87.667907715
A -41932.000000000 55402.257812500 35213.234375000
A 186.390075684 84.282348633 294.916534424
A 133.238128662 49.344505310 342.853485107
A 128.351181030 -141.833847046 254.611770630
A 58.694683075 19.016775131 239.758239746
A 45.235221863 -54.938350677 162.618743896
A 82.827423096 -134.747283936 110.353515625
A 117.091102600 -190.627471924 378.638092041
A 228.883010864 91.448608398 278.888122559
A 189.399826050 -276.204498291 288.939117432
A 134.433792114 45.830097198 142.899505615
A 84.127593994 -232.819641113 259.814056396
A 70.054885864 -192.543609619 324.629302979
A -57653.285156250 14217.908203125 -44455.000000000
A 107.424362183 -64.958190918 90.038505554
A 210.322174072 -87.377944946 435.791809082
A 110.975616455 -159.260604858 391.468933105
A 157.076751709 -238.823837280 353.098876953
A 66.803955078 -217.556610107 242.933654785
A 295.219696045 -199.112625122 116.635002136
A 227.046295166 95.737731934 254.945632935
A 335.528503418 -231.168731689 215.014419556
A 342.571258545 -218.338836670 285.366973877
A 383.594635010 -165.080429077 246.854553223
A 381.886199951 -75.030303955 167.543136597
A 343.532135010 -152.609558105 196.332595825
A 326.759735107 -207.975875854 155.095321655
A 80.848831177 36.364475250 292.236389160
A 93.237487793 -226.255050659 316.618103027
A 51.798419952 -141.753387451 154.310043335
A 295.657623291 -33.719326019 90.983039856
A 248.209732056 -175.776657104 411.221832275
A 299.769104004 17.168266296 371.858856201
A 187.313888550 13.315090179 89.435684204
A 3551.936035156 -10874.614257812 20445.300781250
A 280.696502686 -10.937788963 400.945648193
A 121.622329712 -204.732589722 124.568412781
A 328.766876221 36.142314911 316.091186523
A 174.959915161 -143.804016113 68.550621033
A 44.108509064 -154.176391602 318.510040283
A 368.529174805 -77.040397644 143.988098145
A 216.824478149 -226.115493774 378.268737793
A 264.096496582 -39.158763885 420.274017334
A 164.510269165 -177.352920532 409.392333984
A 113.549041748 -210.961410522 358.403442383
A 142.696899414 -266.567657471 248.913040161
A 34258.320312500 -11678.494140625 -37214.027343750
A 370.352630615 -122.342369080 342.611907959
A 120.436332703 -234.621490479 164.552749634
A 383.805755615 -134.790954590 300.550384521
A -17199.134765625 -70497.664062500 9010.458984375
A 123.142639160 -133.545455933 83.118873596
A 273.775634766 -165.383880615 410.749450684
A 384.683837891 -147.391571045 201.491073608
A 62.088401794 -105.207832336 365.894958496
A 58.191913605 -77.314552307 141.671264648
A -2296.907714844 5284.179199219 5452.169433594
A 100.564537048 -188.824859619 127.024383545
A 330.236968994 -119.948921204 106.367454529
A 137.866821289 20.102148056 363.149353027
A 305.998901367 -193.167266846 372.153472900
A 194.522750854 -244.417037964 133.646743774
A 64.165840149 -80.757698059 120.837699890
A 190.323593140 -208.658660889 101.538803101
A 39.890357971 -168.626403809 205.218521118
A 313.494812012 -235.612442017 182.559036255
A 48.990661621 -20.291929245 178.326705933
A 253.647552490 -232.627746582 127.198631287
A 200.590332031 -281.609924316 217.921432495
A 348.370269775 -80.164863586 119.474853516
A 184.358016968 -46.731826782 64.762763977
A -1328.031982422 -72396.343750000 -17672.437500000
A 138.675689697 -236.181686401 147.415115356
A 242.743286133 -144.496200562 89.782165527
A 132.049118042 -12.376820564 95.055671692
A 204.433822632 -58.989356995 432.250762939
A 239.690139771 -202.813476562 125.207931519
A 71.962867737 -71.546882629 374.557830811
A -49644.566406250 -38375.390625000 -44429.640625000
A 375.732086182 -15.944725037 300.845550537
A 315.026397705 -243.801849365 207.953262329
A 303.312896729 -164.224746704 394.123138428
A 21.217945099 -86.528388977 261.506591797
A 42.189727783 -10.285573006 244.183212280
A 288.424072266 -70.232284546 417.733367920
A 191.893447876 -6.864014149 412.861846924
A 331.929595947 42.530826569 199.569122314
A 270.749725342 56.828304291 147.023376465
A 332.660095215 -74.197196960 104.416824341
A -728.985107422 -5164.878906250 1807.545776367
A 184.340103149 -172.649932861 75.315803528
A 170.036300659 -269.486816406 300.557434082
A 816.941345215 -658.213928223 94.666809082
A 257.328765869 81.095741272 294.158996582
A 154.102569580 55.614345551 142.621643066
A 98.685035706 -213.432373047 337.237365723
A 255.134368896 -70.609634399 62.095432281
A 230.127838135 -268.440521240 320.684875488
A 38.505920410 -22.897026062 271.019409180
A 26065.011718750 -8868.305664062 -37876.062500000
A 252.251785278 -141.498397827 425.264801025
A 231.502426147 -123.263198853 234.308242798
A -3537.850830078 -1053.896972656 1126.521240234
A 207.238586426 34.513221741 108.371704102
A 79.747207642 -187.546691895 223.066116333
A 70.269172668 -41.617385864 367.113647461
A 266.653045654 70.393020630 174.946060181
A 83.228347778 -226.447738647 222.887405396
A 135.170928955 26.484254837 374.496063232
A 57.792121887 9.451449394 199.343978882
A 348.163635254 -27.627162933 141.274414062
A 188.412124634 -90.518592834 55.885475159
A 339.169738770 -183.688140869 349.862274170
A 36.106056213 -112.861679077 319.105834961
A 63.733856201 -159.334320068 151.774597168
A 74.308326721 -22.583114624 148.185470581
A 221.519561768 92.946342468 208.232788086
A 247.101135254 50.912982941 362.390563965
A 119.787910461 57.722156525 180.422653198
A 73.895629883 -218.066848755 206.463012695
A 65.129852295 22.421533585 216.412063599
A 57.234653473 -199.778411865 271.276947021
A 86.192710876 46.492065430 226.328094482
A 320.860015869 -243.011184692 256.338745117
A 164.127532959 79.162483215 188.221679688
A 291.534973145 -239.552230835 158.400619507
A 28.568752289 -135.139678955 232.220260620
A 227.565109253 11.502307892 89.349342346
A 318.445007324 61.288402557 230.442367554
A 336.184906006 -157.137008667 124.021789551
A 332.651092529 2.644649029 350.933624268
A 280.087127686 -55.020351410 75.852416992
A 143.319595337 -262.319610596 299.989715576
A 151.050918579 83.738128662 239.112060547
A 257.992279053 -39.621372223 74.969528198
A 37.714199066 -115.213356018 171.053909302
A 382.404693604 -17.550338745 258.589202881
A 287.623992920 -190.599761963 387.823760986
A 171.002929688 73.452659607 322.828002930
A 159.717193604 -9.897223473 411.741424561
A 3627.231689453 8457.774414062 11575.733398438
A 228.093475342 93.354331970 231.486602783
A 80.683662415 -190.830947876 153.677612305
A 370.377349854 -191.013595581 247.288513184
A 168.923873901 -73.550994873 431.484313965
A 41.441184998 -16.518842697 212.626556396
A 330.757781982 -219.729568481 179.173339844
A 701.852600098 -1106.658569336 -52.779556274
A -26246.853515625 33417.691406250 27281.197265625
A 41.680103302 -169.214477539 285.809387207
A 281.463470459 -149.521423340 80.180473328
A 220.567092896 -232.100418091 119.100723267
A 69.701362610 30.244550705 263.214965820
A 36.662147522 -46.489810944 187.321197510
A 345.592712402 -162.106811523 359.003540039
A 214.451309204 -120.684272766 60.230873108
A 243.699752808 -193.472320557 87.889465332
A 129.718429565 -248.150177002 321.954040527
A 156.713073730 -165.250213623 83.697265625
A 109.163772583 63.485980988 254.154373169
A 150.190460205 -265.686004639 196.795150757
A 141.740814209 -184.797058105 396.498962402
A 255.190917969 -94.412475586 65.490608215
A 50.814327240 -192.890380859 212.754928589
A 245.663574219 -11.884487152 79.799301147
A 271.762512207 40.480068207 126.503356934
A 79.227027893 -94.280685425 108.234008789
A 147.689773560 -1192.646606445 -251.137954712
A 57.251308441 -139.831298828 349.190307617
A 349.436889648 36.128284454 227.378463745
A 229.092376709 -48.638378143 429.269775391
A 78.497627258 -117.587432861 117.184440613
A 240.091629028 -100.160255432 432.480987549
A 225.425552368 -29.105604172 67.185295105
A 296.112915039 -87.461921692 81.005386353
A 356.731445312 -15.950140953 238.230957031
A 173.762496948 -50.155044556 428.132354736
A 244.314773560 67.697441101 152.905853271
A 99.548789978 1.500669837 367.227752686
A 287.939361572 69.500305176 190.353775024
A 275.828826904 -263.467742920 226.114974976
A 209.841430664 -53.680366516 61.944927216
A 191.584838867 -266.766204834 245.033294678
A -6201.858398438 34674.867187500 -82331.304687500
A 49.757621765 -109.390190125 146.035903931
A 138.195632935 -145.321380615 413.943450928
A 145.887756348 -132.582839966 72.283668518
A 188.908233643 -127.661193848 61.007694244
A 186.388916016 93.062294006 249.768478394
A 221.081985474 86.020149231 187.843917847
A 381.317443848 -73.808235168 324.038665771
A 312.503814697 -138.623031616 95.599830627
A 358.409271240 -163.801528931 333.887939453
A 262.063781738 -247.248687744 340.517517090
A 70.837043762 13.713822365 177.217727661
A 338.475677490 -212.233825684 315.680877686
A 349.764984131 22.549703598 196.744125366
A 313.333862305 -106.394996643 90.341972351
A 371.802337646 -154.684341431 171.074813843
A 320.199096680 -40.738468170 102.647323608
A 45.793163300 -128.129470825 334.575103760
A 176.475524902 -228.171493530 374.555023193
A 234.067306519 28.667417526 387.267181396
A 370.965332031 -151.228118896 326.222839355
A 48861.828125000 22523.851562500 5860.478515625
A 621.024841309 -1468.731689453 -976.896667480
A 375.699279785 -117.130798340 161.873443604
A 219.520904541 -280.635864258 241.059097290
A 164.712799072 70.286949158 163.781372070
A 289.556304932 -220.945907593 357.914520264
A 57.348670959 -30.384923935 340.208282471
A 153.127334595 -40.711727142 71.701667786
A 352.736663818 -58.891609192 365.215362549
A 319.999664307 -234.852203369 304.159210205
A 257.866027832 72.981140137 321.549713135
A 177.142318726 54.825462341 130.034378052
A 50.564113617 -86.636291504 347.585632324
A 354.362945557 19.499692917 292.181396484
A 29.701135635 -70.882148743 300.155761719
A 332.664825439 -37.615139008 379.764648438
A 269.716033936 -180.283859253 91.167556763
A 40.130275726 -176.423507690 257.450927734
A 280.988067627 53.414093018 342.155944824
A 330.673706055 -111.607292175 390.122192383
A 216.980407715 -17.460525513 421.118682861
A 284.672943115 78.099296570 272.427581787
A 284.572540283 67.603233337 311.824371338
A 321.705383301 -204.620468140 353.616088867
A 36.110603333 -165.936096191 237.434158325
A -2775.926025391 -14170.036132812 7439.499023438
A 295.491546631 -167.950836182 97.695884705
A 348.155303955 -2.030084133 155.340927124
A 113.233375549 -229.340682983 286.945465088
A 25.605825424 -121.015678406 278.690490723
A 1476.481933594 5757.397949219 4009.313720703
A 210.708023071 36.201057434 188.938949585
A 373.310974121 -25.663145065 178.265151978
A 139.583770752 -213.927017212 373.335479736
A 122.492912292 -26.766691208 403.793762207
A 367.175109863 -183.844299316 193.416152954
A 238.958862305 -130.243713379 63.424015045
A 115.701393127 -162.054595947 98.975502014
A 155.891464233 -128.656814575 424.303253174
A 32.893119812 -77.514289856 233.171478271
A 316.501068115 62.571437836 268.120727539
A 307.281219482 -253.544464111 235.204071045
A 340.671783447 11.290934563 333.626892090
A 221.179992676 -148.678176880 425.482788086
A 163.222412109 -91.027244568 170.060745239
A 333.630157471 48.117477417 254.636962891
A 160.168243408 29.985473633 112.761817932
A 244.052536011 45.760452271 122.871215820
A 130.587615967 -99.794670105 419.261230469
A 207.992538452 -196.098297119 403.809173584
A 383.399230957 -54.485782623 190.770019531
A 353.275695801 -210.190460205 214.154571533
A 385.443939209 -71.072059631 266.899536133
A 102.728370667 -60.093864441 398.843536377
A 369.129882812 -76.676635742 346.152862549
A 397.963470459 -102.091560364 242.798248291
A -24425.818359375 -35867.531250000 27713.105468750
A 173.242233276 -3.076004267 88.191040039
A 93.544601440 46.820964813 196.558441162
A 218.046447754 -252.880142212 345.036071777
A -989.307189941 -3000.802246094 -1885.762817383
A 119.761711121 31.295034409 137.884429932
A 330.545227051 -132.722030640 384.737792969
A 356.433074951 5.219660759 177.860153198
A 30.642213821 -46.630409241 213.918411255
A 393.976898193 -95.019134521 211.575469971
A 27.681577682 -84.564491272 191.834579468
A 181.913635254 17.141450882 397.120147705
A 320.836914062 -53.977790833 395.303039551
A 105.362976074 -127.096054077 93.398040771
A 28.221008301 -52.737327576 277.337951660
A 262.531066895 87.890510559 227.568893433
A 154.898422241 -5.797468662 85.639747620
A 199.148101807 69.678123474 337.980499268
A 53.767288208 -66.387008667 349.581115723
A 259.770904541 87.214477539 257.616638184
A 303.916778564 -251.704223633 286.982391357
A 58.016120911 -187.202575684 306.158447266
A 222.102142334 -259.617797852 163.324783325
A 124.389572144 60.223709106 313.460357666
A 204.824539185 -9.445105553 73.988265991
A 56.128532410 -182.151641846 181.353668213
A 196.870819092 45.376228333 120.143486023
A 307.990753174 39.999584198 339.198394775
A 129.781280518 78.072723389 265.962219238
A 187.460601807 -95.994308472 433.917572021
A 281.128936768 -132.508560181 418.431762695
A 382.299011230 -110.697380066 318.498870850
A 389.271942139 -140.346221924 226.072021484
A 152.158279419 -228.314605713 130.337997437
A 100.359603882 39.673454285 327.193298340
A 314.325195312 48.990310669 183.938415527
A 361.759521484 -94.605163574 357.708068848
A 219.832687378 80.861083984 318.909301758
A -285.494567871 616.248229980 1523.366699219
A 232.537506104 -215.715438843 101.881072998
A -16601.578125000 46581.304687500 -4039.917480469
A 147.062896729 -40.195625305 415.612091064
A 383.129425049 -152.459991455 280.591888428
A 339.377685547 -225.908706665 260.773376465
A 54.532333374 6.613406181 272.806610107
A 202.458602905 -88.996849060 63.116363525
A 164.727844238 -209.778228760 388.949981689
A 363.973571777 -135.301666260 145.055160522
A 7763.246582031 2752.447265625 -4542.841796875
A 188.785736084 94.411827087 228.443588257
A 314.438171387 -77.784584045 406.073638916
A 127.703041077 -50.089736938 81.129249573
A 32.510395050 -144.164260864 285.594177246
A 104.341041565 -215.940460205 154.322601318
A 253.975326538 -268.944061279 198.823410034
A 255.400588989 -9.275842667 409.321289062
A 260.213226318 -247.862533569 158.226699829
A 234.722991943 64.887557983 342.452941895
A 211.895874023 57.637336731 356.314514160
A 211.953643799 40.843078613 378.645843506
A 369.289245605 5.814360619 277.354980469
A 191.173080444 -273.133911133 192.908767700
A 105.715675354 -248.930084229 222.445785522
A 142.792785645 10.301966667 392.401031494
A 311.740905762 -227.395401001 334.438201904
A 138.556777954 -266.162261963 275.599914551
A 128.328201294 75.299049377 226.091598511
A 320.528411865 18.364170074 143.125579834
A 264.730743408 -259.483184814 173.201065063
A 1749.159301758 -1965.247680664 0.957824171
A 107.757812500 60.344608307 216.292449951
A 330.334594727 -185.849945068 138.970138550
A 160.786621094 -100.961486816 64.247177124
A 193.975936890 -262.166320801 165.841308594
A 41.687057495 -25.893165588 299.292358398
A 155.491210938 -256.339324951 172.966781616
A 172.476608276 48.494430542 365.123901367
A -13351.401367188 10414.266601562 -14514.811523438
A 314.344268799 -70.306724548 89.628639221
A 151.561096191 -185.129089355 93.456382751
A 366.186248779 -44.769435883 154.663925171
A 207.080062866 -280.951507568 271.889678955
A 278.575195312 -262.357940674 299.088775635
A 170.124816895 -149.005935669 423.548065186
A -9708.739257812 4564.731445312 -8314.701171875
A 282.992797852 -267.004791260 243.263122559
A 332.603912354 43.737426758 289.784454346
A 283.450256348 -103.388755798 72.302238464
A 106.625694275 -26.733448029 102.552177429
A 385.416534424 -25.272779465 219.780441284
A 173.772369385 -278.824401855 250.133422852
A 54.837318420 -6.830954075 310.808624268
A 187.020965576 33.831741333 382.557189941
A 66.745735168 -4.071025372 156.027313232
A 95.102676392 -231.311279297 190.200988770
A 358.030700684 -102.241088867 129.681869507
A 132.970031738 -67.698501587 417.509338379
A 69.866767883 16.769401550 311.625854492
A 34431.820312500 -41838.109375000 53140.347656250
A 352.701385498 -194.798767090 311.730133057
A -6457.187011719 743.602233887 4087.970458984
A 1434.939819336 -3291.012207031 -520.379638672
A 132.831039429 -234.317886353 344.257141113
A 136.609405518 72.017333984 188.789657593
A 371.483062744 -2.607891560 203.969497681
A 275.142272949 -214.953491211 119.129302979
A 37.175876617 -145.124298096 186.608169556
A 320.492370605 4.624181747 126.091819763
A 257.870910645 83.635185242 197.447860718
A 327.471984863 -159.631011963 378.272918701
A 80.437332153 -151.146392822 120.873558044
A 127.916374207 -188.087631226 105.123634338
A -3134.187988281 2007.685302734 89.132843018
A 268.845245361 -215.059341431 378.098114014
A 158.798995972 -102.839004517 428.740631104
A 350.621032715 -169.054824829 147.275939941
A 146.250030518 72.937568665 301.300720215
A 206.595611572 -24.316865921 412.557708740
A 130.146194458 -263.919433594 223.445083618
A 102.719329834 -90.446754456 407.036560059
A 238.838973999 -277.253662109 220.826873779
A 230.234695435 -257.589721680 310.806488037
A 288.136962891 1.456863523 248.299606323
A 133.583953857 -96.856315613 71.456832886
A 328.880828857 -17.072690964 123.158187866
A 255.327880859 -198.657119751 398.352264404
A 26267.410156250 51035.761718750 24353.048828125
A 78.246215820 -136.272521973 375.262390137
A 263.065917969 17.243648529 393.293426514
A 237.423416138 -277.973663330 277.785430908
A 383.527191162 -92.421890259 181.091842651
A 84.097991943 -29.288089752 120.139160156
A 92.190643311 34.096771240 174.417648315
A 228.645126343 -240.656677246 360.677368164
A 302.225585938 68.004936218 211.621871948
A 38.054878235 -82.973297119 167.737548828
A 43.806850433 -44.176399231 318.293457031
A 223.786254883 -171.823013306 75.613380432
A 143.013442993 -22.528812408 388.931152344
A 99.954429626 -37.128337860 389.450378418
A 224.146484375 -177.247421265 415.111328125
A 369.615264893 -44.081874847 333.293579102
A 357.610382080 25.433387756 257.820251465
A 161.252471924 -272.838226318 220.980804443
A 261.388580322 -60.169738770 425.420257568
A 122.229614258 -250.040512085 189.345962524
A 159.755874634 59.739578247 343.692108154
A 75.035240173 -164.233886719 357.183959961
A 23.919023514 -125.256576538 251.782196045
A 180.167816162 -225.588150024 118.952140808
A 213.642196655 78.100173950 161.099014282
A 168.341140747 -30.911792755 276.991424561
A -4344.653320312 39933.410156250 -51030.953125000
A 319.564971924 32.971427917 160.488876343
A -447.366333008 -1207.097412109 168.737640381
A 76.577209473 -185.692031860 346.443176270
A 352.468475342 -194.281494141 177.215377808
A 86.648475647 -59.410396576 105.949676514
A 268.163665771 13.265027046 101.371841431
A 7465.504394531 -480.942657471 -1662.853393555
A 362.596557617 -7.695281506 318.554290771
A 232.034973145 -75.346786499 59.264873505
A 100.283409119 20.994371414 347.837982178
A 111.711936951 -256.022644043 259.878479004
A 8562.625000000 9775.508789062 18703.945312500
A 297.976013184 46.337657928 154.855621338
A 22.018779755 -97.910278320 214.091339111
A 91.413551331 -19.298742294 375.929260254
A 18.582780838 -68.934967041 239.964996338
A 304.127685547 -216.438003540 139.149978638
A 352.708526611 -212.838348389 247.453918457
A 98.386604309 8.035416603 306.266601562
A 83.356842041 -99.990066528 387.416503906
A 30.372613907 -38.114570618 246.025970459
A -3410.065673828 -1373.091918945 3356.181640625
A 165.369400024 86.146575928 212.727630615
A 203.075515747 -189.656906128 82.630317688
A 118.307075500 -91.800338745 383.190612793
A 72.887374878 -6.859364510 341.131591797
A 105.298896790 34.835796356 153.800811768
A -20410.738281250 6466.664062500 4192.911132812
A 79.868530273 -206.438812256 174.275848389
A 250.688537598 -85.108314514 432.356048584
A 103.564002991 -244.698272705 292.377685547
A 35.593624115 -86.474510193 321.216064453
A 310.446624756 19.688724518 323.312957764
A 302.943298340 63.566291809 291.578826904
A 176.052062988 87.764297485 273.713623047
A 372.266967773 6.840303898 235.103881836
A 394.000762939 -45.313694000 256.830963135
A 235.758590698 -248.282302856 141.531295776
A -2737.957031250 2545.439453125 -543.253295898
A 95.906600952 -126.719711304 392.774993896
A 242.054534912 -155.027404785 68.179130554
A 289.616912842 79.636604309 240.315994263
A 225.433807373 -212.167465210 392.524658203
A 87.910133362 4.050005913 137.260253906
A 369.819122314 -186.551116943 274.727478027
A 301.138671875 -6.437588692 105.873275757
A 254.243591309 -265.414520264 309.133758545
A 293.695739746 -103.860794067 421.170318604
A 152.291351318 -71.435630798 67.250770569
A 102.598991394 52.535327911 296.871002197
A 215.192337036 62.365844727 136.477416992
A 396.878540039 -67.474540710 233.728973389
A 264.537475586 -1.649028420 220.417984009
A 191.587234497 -242.295272827 359.646362305
A 119.711799622 -141.530181885 405.776672363
A 224.525970459 -271.699523926 191.461898804
A 237.136337280 28.190498352 103.157714844
A 155.109420776 -208.909912109 109.962501526
A 298.144195557 -33.079730988 402.614074707
A 73.567039490 -220.507751465 290.794982910
A 146.837951660 77.600692749 280.173919678
A 170.439727783 -252.070770264 155.130935669
A 335.694366455 -18.934020996 369.880035400
A 273.662261963 -126.180191040 71.615417480
A 181.609283447 -195.242004395 402.321166992
A 355.874969482 -125.178276062 363.782165527
A 195.939468384 -265.838623047 320.033081055
A 195.212738037 -159.071350098 421.311370850
A -11732.942382812 10767.022460938 2532.901123047
A 312.988281250 -177.526489258 113.818084717
A 340.412048340 -84.331886292 385.188507080
A 9997.342773438 4479.917480469 -23.791187286
A 275.171173096 32.923831940 353.481842041
A 28.871381760 -129.058685303 206.909500122
