533

I 5780.281738281 1595.141357422 -5426.999511719
Z -2032.528076172 -1242.041381836 1587.526245117
Z -713.021240234 -9.894037247 -1509.759521484
Z -580.220275879 2283.431396484 -254.561691284
Z -40.536533356 103.536163330 -17.626405716
W -1045.090087891 -515.174621582 748.139099121
I -5806.517089844 4671.973144531 -34.913700104
I -4095.418701172 180.053573608 -8673.647460938
Z 76.433708191 -2308.601562500 -22074.908203125
Z -1163.455322266 113.619918823 307.452087402
W -95.031501770 563.237060547 -642.879882812
Z 4106.202636719 -3282.813720703 -1541.653808594
W 66.840606689 -35.551517487 229.882293701
I 5269.453613281 2565.494873047 3703.513427734
Z 117.939735413 -47.581806183 39.000244141
I 5491.600585938 -1323.326660156 12506.585937500
V 502.228607178 -232.023590088 -868.989318848
V 236.199371338 -117.495109558 227.552078247
I 481.262359619 -1851.426391602 -6344.431152344
W 945.455993652 -521.903503418 811.899719238
I 257.884094238 6193.712402344 1958.046997070
Z -1019.769714355 381.173065186 154.191528320
I 400.512939453 -122.791954041 203.521606445
Y 10618.672851562 8488.633789062 -455.285583496
I -1079.988769531 -3200.684326172 -3536.056884766
I 856.943725586 -25.757806778 708.689270020
I 530.328186035 -178.593933105 812.346923828
I 7830.091796875 956.824645996 1918.336425781
I -6876.178222656 3758.019042969 1753.157470703
I -1994.192382812 2434.710937500 -8339.359375000
V 322.227722168 394.063842773 220.117599487
Z -1067.830932617 376.110809326 168.118209839
I -6277.785156250 -1526.541992188 1196.570068359
Z 1216.940429688 -1610.887817383 1160.005493164
I -495.069366455 239.319122314 -1234.243530273
I -3776.525878906 -2302.204589844 -2818.194824219
I 1157.304809570 3023.772216797 6162.574218750
Z 2304.305908203 -2329.576416016 -370.599700928
V -268.640960693 81.639656067 -37.721599579
I 7213.646972656 -613.014709473 -1140.645019531
Z -1155.375854492 -758.850891113 1076.348876953
W -232.055221558 484.539581299 -1232.471313477
Z -1247.409179688 794.899963379 -432.291320801
W -1356.484985352 116.884536743 86.224449158
I -11685.916992188 3902.817871094 33.940620422
W 158.404479980 -281.102050781 380.810852051
I -16086.836914062 21162.396484375 13409.598632812
Z -536.190673828 1591.943725586 207.128890991
I -2098.087646484 4619.202636719 3117.557373047
I 9163.119140625 4902.033691406 -591.952209473
I -6112.050781250 4823.757324219 -235.818161011
Z -2026.555419922 477.709442139 -1037.675170898
I -161.537796021 240.494918823 -303.626739502
W 742.948425293 -201.899002075 366.872283936
W -1551.875122070 -349.125946045 475.371337891
Z 204.997375488 1843.426757812 -100.295036316
I 224.666259766 566.737121582 -371.403991699
Z -1099.861938477 -1389.822509766 61.266342163
Z 4315.973632812 3133.362548828 -2881.480468750
Z -22525.724609375 5528.118164062 -17357.900390625
I 14.060737610 586.964843750 -1387.237792969
I 215.774093628 -466.703613281 -5529.092285156
I 3107.921875000 1304.232666016 -4598.410156250
W 330.309173584 -617.555480957 870.813964844
V 165.687683105 -55.908527374 -24.345861435
C 627.262634277 -151.807250977 673.231201172
W 301.543395996 -227.965377808 242.766723633
Z -1130.427368164 817.012756348 876.802001953
I 319.707733154 449.333312988 615.315429688
Z -4.786137581 34.896659851 199.578964233
Z 1653.368530273 -16.889425278 -694.562622070
I -6424.679199219 4451.902832031 1587.841918945
W 906.876953125 -311.340179443 747.760925293
Y -7.376383305 -88.700309753 -192.591583252
I -303.518463135 -345.500793457 338.135437012
I -829.643249512 -520.611389160 -598.676208496
Z -723.224548340 -797.547302246 1804.175537109
Z -416.964813232 927.681396484 -1847.803100586
W 1131.467407227 -869.769165039 39.312217712
W 527.753295898 1286.949462891 -571.403625488
Z 2487.871093750 -7951.713378906 14852.548828125
I -3515.487548828 -4128.120605469 -7924.338867188
I -3161.562255859 -3319.761230469 -3747.251708984
I 918.923767090 -532.821533203 512.435607910
Z 222.331741333 -25.614524841 262.842407227
Z 1735.447631836 -315.610198975 668.144897461
W 737.251831055 -167.227996826 968.437072754
A -2.505027533 616.489318848 -331.779113770
I -2015.508789062 -2262.916259766 -7507.230957031
W 480.247100830 -15.546039581 153.431335449
Z 771.492004395 1502.913940430 -323.013946533
W 329.583099365 58.942176819 123.542953491
I 15807.708007812 -5402.069824219 -17254.496093750
Z -781.347106934 580.950500488 -152.581604004
W -28.287748337 -246.473175049 -297.284576416
W -264.938995361 63.159839630 59.928379059
I -6812.357421875 -27637.404296875 3496.858398438
W -1.836325288 -772.270263672 -1821.172851562
W 797.489562988 -164.188568115 552.920715332
I -7584.949218750 2201.429199219 1481.319580078
W 385.833190918 -79.489921570 55.506973267
I 7525.977050781 -1035.674438477 5639.465332031
Z -3864.058837891 8315.400390625 8230.121093750
I 181.425643921 -1055.494140625 -735.370971680
W 771.646789551 -242.595718384 673.076049805
I 3942.846679688 -5586.617187500 -6391.432128906
I -2549.770996094 2083.465087891 -3138.983642578
V 2.228375912 -36.200847626 -427.794769287
Z 55.328487396 -28.720264435 -0.349488020
I -125.525939941 -426.175811768 -340.076721191
I -3484.571533203 -2460.007080078 -1404.520385742
V 174.307830811 -1569.849975586 -853.970703125
Z 1787.155151367 -543.746154785 817.765136719
I -944.797485352 3748.127685547 4006.973144531
C 137.808227539 -9.338514328 64.594741821
W -4647.883789062 -1176.021850586 4553.956542969
I 119.476638794 484.275329590 -1824.331542969
I -562.359985352 -28142.322265625 -6930.248535156
Z 1238.559692383 1648.412109375 1185.689575195
I -86.010940552 2604.065917969 5010.471679688
W -49.006011963 1054.367431641 -1143.861328125
I 379.305175781 6.390245914 706.853210449
I -1208.195800781 5823.091308594 6848.065429688
I 915.209472656 -90.964370728 541.942504883
I -19109.736328125 -14719.766601562 -17082.998046875
I 317.173583984 -171.660629272 294.600402832
W 1003.751770020 -442.617218018 335.630493164
Z 371.855712891 176.372726440 -136.884262085
V 796.529663086 239.185867310 -371.972747803
Z 2903.010986328 -1446.296875000 30.929365158
W 1522.687011719 -1266.309082031 246.852233887
I 817.469665527 -443.693206787 31.941326141
W 60.509349823 -990.130187988 615.502319336
V -109.302352905 573.041198730 222.677673340
W 1416.404174805 312.252105713 -1397.233154297
I -2268.096435547 -12500.400390625 3952.537841797
Z 339.832763672 -39.774925232 315.933258057
W 133.918502808 -61.623188019 98.928039551
I 8919.617187500 -7999.407714844 -2019.361694336
I 864.189941406 -427.147430420 10.622132301
W 305.264038086 1195.315063477 -930.097290039
V 214.320205688 385.550292969 9.410002708
Z 262.604644775 -89.193168640 467.767395020
Z 236.433227539 -1689.826171875 917.910034180
Z 3177.718505859 -1638.048095703 -795.576782227
I 12639.038085938 -4312.511718750 -18552.554687500
I 257.810974121 7.578305244 -575.046020508
I 278.493591309 539.882263184 -8783.429687500
I -12197.454101562 -3367.456298828 2912.586669922
Z 420.729339600 -2008.590820312 1880.883056641
Z -6171.142578125 -4465.204589844 -1163.156494141
W 326.462219238 -163.006774902 157.369232178
Z 930.617187500 1460.051757812 -402.674163818
I 6356.531738281 5940.775390625 1154.140869141
Z -1174.195312500 2150.488769531 1992.607788086
Z 116.865653992 -43.713993073 -10.100646019
C 668.345153809 -308.010253906 822.927734375
Y 280.232604980 -94.979125977 368.771545410
W -788.774902344 -98.752052307 -741.626037598
W 1918.754028320 384.388916016 -1172.390380859
Z -2062.328613281 650.091918945 1534.578491211
Z -3340.395751953 2793.457519531 -3806.502929688
Z 321.724975586 1957.926391602 -422.345733643
W 876.918945312 -414.923980713 639.194458008
Z 410.908660889 91.731719971 667.361328125
Z -3987.424072266 -3583.794189453 -615.073547363
I 94.489097595 -739.413024902 -98.198478699
V -450.648498535 716.964782715 -268.985107422
I -355.725891113 865.934997559 329.119293213
C 825.513488770 -385.149871826 1040.888549805
Z 531.573425293 -2066.990966797 548.248596191
W 748.090698242 -126.121520996 609.785156250
Z -1652.108276367 -485.815917969 -380.981445312
Z 239.143814087 -152.724929810 162.031677246
Z -713.599121094 -1399.580200195 694.969726562
W 781.454101562 -248.306335449 717.976867676
I 4098.985351562 3198.242919922 4039.830810547
Z -950.048706055 -405.749786377 2253.892089844
W 673.731079102 -60.737777710 462.879516602
V 264.727447510 265.165466309 -257.479400635
I 641.790832520 669.234985352 -3476.388916016
W -355.834960938 -571.955932617 -1158.042602539
Z 488.352081299 -1447.754760742 230.587310791
V 197.243164062 505.625610352 -370.537872314
W 337.701873779 -209.856033325 275.180725098
I 1040.522460938 -26.060573578 -102.140075684
Z 3150.229492188 7613.585937500 10238.302734375
Z 292.376556396 1735.017944336 99.486358643
I -6547.747558594 -4522.295410156 -4131.468750000
Z 2818.341308594 -1352.816162109 -0.238094866
Z 586.597412109 -427.609405518 -2083.507080078
Z -145.948226929 -131.152099609 -308.091888428
I -5061.305175781 5989.314941406 3453.274414062
Z 5198.626464844 -10644.415039062 -3026.190673828
I -12402.387695312 15677.132812500 12776.609375000
W -817.713623047 -1376.785156250 395.604553223
Z 504.723632812 -594.622558594 -1466.486206055
I -887.545288086 6140.005859375 5332.277343750
Y 581.303710938 -383.040405273 -303.179168701
Z -2.882030010 106.747138977 -353.088989258
Z -2241.501708984 1233.188232422 -1814.917846680
I 20.584177017 -791.403320312 -5232.872558594
Z -165.721054077 940.541870117 1826.807739258
W 100.995117188 -125.214759827 23.394193649
V 243.319702148 -27.818414688 253.424850464
Z -783.766662598 1313.986816406 401.048767090
I -1840.573120117 -5026.218261719 -1441.566894531
I 432.245574951 -193.026016235 227.123886108
I 1077.105712891 373.055236816 -3788.708740234
V -92.002990723 -132.358963013 -643.828247070
W -443.648864746 -300.618133545 904.526794434
Z -538.369628906 -1758.495117188 1349.566650391
I -477.208343506 275.740081787 -1260.270874023
I -740.138427734 -11199.577148438 -4993.015136719
Z 1259.823608398 301.005981445 -285.959747314
Z -1180.136230469 -1759.617065430 366.225006104
I -511.486145020 -2406.110839844 -3684.611083984
I -4711.219238281 -1355.584838867 -4758.360839844
I -863.083435059 -400.990905762 -5975.809082031
W 908.817565918 777.585571289 -964.178955078
Z -545.484008789 -246.473266602 1461.907226562
I 8501.433593750 4376.076660156 219.298629761
W 949.167358398 -413.044494629 717.173400879
Z 50.200222015 -194.496841431 -530.695922852
W 714.443786621 -205.231307983 473.969818115
W -45.854358673 -930.367248535 772.250366211
I 3605.903564453 -6596.996093750 -148.410705566
I -58.371650696 -1912.848022461 6293.272460938
I -439.377593994 -7207.288574219 1433.219726562
I -2268.675537109 12442.775390625 -29591.914062500
Z -77.733177185 192.892318726 -24.010871887
I 286.587524414 242.477157593 845.177490234
Z -753.767822266 -423.388092041 -1961.281372070
V 200.233657837 -105.054656982 280.057891846
I -499.744720459 5512.401367188 91.850730896
I 249.427108765 -283.995330811 310.219512939
Z 1225.243896484 -170.644500732 1200.753540039
C 700.008605957 -196.336395264 833.065917969
I -3554.410156250 936.198120117 -2912.624755859
I 745.492736816 431.800201416 282.415954590
Z 1744.841186523 -1147.137695312 911.740966797
W 220.164001465 -166.727523804 210.782348633
W 858.293701172 -588.790466309 655.198303223
Z -1457.909057617 -511.929351807 1905.900146484
W 321.977416992 -239.214782715 458.449768066
W 577.489685059 -540.229919434 853.976562500
I 7221.143554688 1719.737915039 -3899.398925781
W 42.994235992 -51.148555756 79.382652283
I 836.397705078 4415.357421875 5219.149902344
Z -895.050109863 327.372619629 -732.919921875
Z 22096.240234375 10196.829101562 2588.131347656
I 2752.347167969 -9110.134765625 -8273.395507812
W 759.371093750 -325.355773926 695.992675781
I 796.053710938 -99.731048584 330.564697266
Z 376.761108398 -1893.813354492 858.163513184
Z 1652.341552734 -1867.617187500 1742.131835938
W 262.796508789 -188.676361084 78.967514038
W 57.870864868 1371.605834961 -1157.389404297
Z 110.856025696 -169.356872559 -49.316635132
Z 1499.080566406 -1427.681640625 834.251342773
Z 536.731079102 1431.761962891 954.803466797
W 504.204650879 1023.881591797 -27.617389679
I -8734.023437500 154.596969604 5871.544433594
V -495.260681152 64.861679077 -79.361915588
I -896.514587402 -698.343505859 38.437438965
Z -1960.793945312 -2310.161865234 -3003.367919922
W 654.470336914 -237.709228516 441.472961426
W -1512.110839844 -263.835968018 408.278289795
I 498.510894775 -378.325286865 603.869384766
I -15.307987213 -697.283203125 333.378509521
W 658.077392578 2211.364746094 5305.662109375
Z 1038.856323242 1294.601562500 487.726867676
I -321.934112549 -221.432571411 -53.995258331
V -734.794921875 1513.521728516 -349.778503418
Z -1425.464355469 -1035.508666992 -35.688087463
Z -2453.723144531 -11876.833007812 6128.883300781
W 824.415100098 -231.639480591 933.581542969
I 508.644012451 164.721893311 -15.322457314
I -2209.747070312 -4722.492187500 -3594.645263672
Z -1430.914428711 530.524414062 247.133560181
Z 2533.269042969 11223.854492188 7237.673339844
I 807.052490234 2615.282958984 6173.297363281
I 849.776916504 -590.380065918 744.299804688
W 219.196884155 -143.963882446 9.176668167
W -1830.990112305 -118.361732483 209.668121338
W 1544.325683594 -39.674331665 -255.113601685
V 142.101303101 -166.719024658 360.476562500
Z -1534.506347656 -1223.330688477 -1420.416015625
Z 867.318786621 -1563.723388672 -498.990112305
I 9389.855468750 -755.629516602 261.040618896
I 150.592895508 -315.679656982 232.864898682
I 3941.342529297 -6655.906738281 -581.571228027
Z 20.248008728 -192.231979370 -91.534111023
I 489.427124023 -171.652008057 1104.479492188
Z 5180.623535156 -843.349426270 4515.890625000
W 343.979095459 -137.982498169 682.781250000
I 342.580871582 1013.602294922 -473.802429199
Y 72.320137024 -799.950439453 512.531494141
Z 965.156433105 -95.233650208 -2064.500488281
V 150.669586182 -421.519989014 241.388702393
W -984.749816895 -513.412597656 611.951721191
Z -1602.802368164 -310.855865479 91.300422668
Z -5440.461914062 -472.426574707 -1769.288452148
Z 905.802429199 -468.753021240 -1580.986450195
I 6695.885742188 835.563659668 4488.820800781
Z -1314.182983398 -165.798507690 324.286743164
I -11432.063476562 -16640.281250000 12829.065429688
I 1745.332275391 -2584.017089844 6069.012695312
Z -32.557022095 929.928894043 150.310745239
Z 277.518524170 1479.885498047 -740.758544922
Z -4117.754394531 -9931.658203125 -7263.283691406
W -1985.935302734 3181.054199219 -2618.000000000
I 5437.806152344 -1684.595458984 6050.510253906
Z -1480.760498047 -1313.009643555 826.054443359
Z 62.572601318 -110.550529480 70.442466736
I -1145.835205078 280.666381836 -433.683837891
V -15.429335594 -309.697052002 -704.121337891
Z -1132.273437500 909.499328613 100.060455322
Z 270.224700928 -73.404685974 -64.785850525
I -508.249237061 -476.259521484 -1156.371826172
W -626.688476562 -874.011291504 -847.571228027
Q 199.334197998 182.962402344 -25.675565720
W -1608.226562500 -508.580505371 408.461181641
V 71.368217468 -3490.034179688 -1664.417724609
V 279.445800781 -114.499443054 133.960113525
I -1088.755249023 -4336.924804688 -775.991760254
I 78.265350342 273.938507080 537.647277832
V 307.744201660 -272.121032715 344.452758789
Z 227.961914062 -1544.361206055 -1118.894409180
W 714.731079102 -239.017791748 401.573150635
I 159.534240723 2380.546875000 -5114.648437500
I -3268.946533203 -2096.776855469 -1261.632690430
Z 293.199890137 868.451354980 -1237.988403320
Z -1265.010986328 -1623.047729492 -1041.531494141
V 259.858795166 -194.014419556 225.935180664
I 635.470703125 117.709442139 630.264831543
I 877.792846680 309.022430420 -165.668045044
Z 438.348968506 -1469.210449219 151.859237671
I -7713.724609375 2336.465820312 1066.041625977
V 101.786247253 -13.505820274 -48.419357300
I -3312.662597656 3920.094482422 2697.865722656
Z 1132.434326172 305.868560791 1215.946289062
V 34.095005035 -222.909423828 -363.806579590
V 295.035125732 -217.704498291 266.158935547
I -3876.213867188 5463.503417969 10481.766601562
V 36.339202881 -196.034851074 -399.447601318
I -7907.246582031 22063.767578125 -2007.446166992
I 706.241882324 -685.774963379 157.428390503
I 287.866180420 331.490631104 367.713775635
Z 2134.312744141 -1817.573974609 176.370788574
Z 1343.426147461 -1408.331176758 -182.458389282
I 143.466323853 -930.705200195 6253.239746094
I 148.021194458 101.274177551 633.010131836
I -1465.931152344 810.834655762 387.715393066
Z 11111.446289062 4134.512695312 -7019.594238281
W 296.946563721 -298.440246582 279.091461182
I 163.728683472 -344.891845703 -871.896728516
W 278.216308594 485.466949463 -1158.929321289
W -1271.155151367 -1051.235229492 -103.470207214
Q 564.743408203 -89.810562134 498.361572266
V -789.972106934 -453.139434814 609.899169922
W 275.901855469 -397.497375488 456.849822998
I 2530.382080078 -8028.768066406 -4354.469238281
I 788.861816406 5435.355468750 3849.359863281
V 373.480224609 138.227874756 -288.520568848
W 556.684753418 -220.011535645 887.668579102
V 3504.848876953 1976.619628906 891.229431152
W -1631.395507812 175.962234497 486.850891113
Z 87.003158569 892.704833984 152.501541138
W -1381.006347656 -722.375549316 -16.436922073
I 259.420440674 520.553466797 627.976440430
I 2381.908935547 4063.542236328 -397.444671631
V 265.288330078 -261.528472900 228.325714111
Z 1491.695800781 1088.212646484 -1031.444213867
W 852.249145508 -191.715576172 780.975830078
I 8169.186035156 -9804.549804688 -1021.202087402
I -2194.267089844 3303.288085938 -518.843872070
C 763.699401855 -206.597381592 895.156555176
I -2074.429199219 19.185796738 -9089.654296875
V 263.528259277 11.440634727 -3.175427914
W -196.986709595 -930.316589355 -511.273071289
W 1194.755493164 -642.142761230 366.368774414
I 1061.971557617 -4584.101562500 -3727.092773438
I -10301.768554688 8006.209960938 -11288.549804688
I 725.762084961 -245.457061768 797.138549805
W -1551.476684570 -393.671081543 509.546173096
V 307.521331787 -168.296157837 281.295501709
W 225.196594238 -38.800636292 216.222579956
I -849.306701660 270.521636963 567.183288574
W 520.547485352 384.356170654 -334.825317383
Z -9815.702148438 4526.857421875 -8486.300781250
V 72.514007568 -55.822612762 129.228378296
I 584.473449707 394.124389648 520.041809082
V 586.511352539 -97.212791443 -629.343872070
W -328.633544922 1115.165527344 -773.555358887
I -6961.980957031 -2484.671630859 1255.388916016
W 1030.901611328 -78.792457581 898.534851074
V 475.052276611 74.884208679 -402.738830566
I 261.387878418 -3637.174804688 -3791.572998047
Z 138.616836548 -74.333908081 31.773839951
Z 1119.865722656 -27.657512665 659.556701660
W 791.646911621 -261.227142334 644.404724121
W 1028.369140625 -586.850585938 635.203735352
W 308.403503418 -301.464355469 210.083724976
I 13244.662109375 -16149.168945312 20475.207031250
I 6968.935546875 -5122.760742188 3426.009765625
Z -10776.998046875 1247.499511719 6368.342773438
Z 4416.987304688 -11689.894531250 -2623.174560547
Z 1083.729980469 1198.435913086 -930.582275391
Z 948.557861328 -615.143127441 1155.604492188
Z -986.564392090 -1158.283813477 344.703582764
W 750.323486328 -203.437454224 598.971130371
I -350.201141357 -154.242568970 368.812530518
I -2901.594238281 -2629.037597656 3107.966308594
W 745.264221191 -267.235321045 580.934814453
Z 21.581399918 -57.724155426 -45.129161835
I -2946.676757812 -1918.919921875 -2542.796630859
Z -421.594909668 -904.418518066 -167.765441895
Z -10604.381835938 6570.333496094 -488.512603760
W 192.911697388 -837.166137695 -300.254608154
I 524.018615723 -149.619644165 68.042884827
Z 1526.510131836 -775.119812012 -987.694946289
W 297.485778809 -223.757522583 216.947921753
I 1061.569946289 2038.948120117 6503.126953125
Z -1108.009155273 -2123.068603516 -298.883972168
I 290.300842285 51.142261505 994.927673340
W 491.921936035 -78.647033691 424.773132324
I -775.939331055 7814.064453125 -2220.645996094
I 5305.430664062 7248.693847656 1384.411743164
W 74.794158936 78.764823914 -1275.187744141
I 3331.550537109 2542.695556641 -3830.125488281
I 618.041137695 39.741153717 613.042114258
I 11058.268554688 21584.156250000 10232.201171875
W 417.582855225 -101.798927307 136.657638550
I -81.097190857 3.485290527 -173.274917603
Z 192.336410522 -1773.407836914 276.344024658
I -7089.522949219 -109.666076660 2712.764648438
I 4541.137207031 -2503.037841797 4525.179199219
Z 1394.403076172 -1370.509399414 1071.812255859
I 238.734558105 -4088.246582031 3445.574707031
I 4119.329589844 7262.402343750 -1444.034667969
Z -178.305435181 80.089088440 -119.485488892
Z 38.857353210 43.587715149 1327.932983398
I -533.330749512 3548.165283203 7414.996582031
I -3547.090576172 3827.373291016 7757.304199219
W 2363.053710938 -2031.228027344 -3857.792968750
I 515.344909668 267.588134766 923.063049316
I -110.781257629 -751.182189941 -538.097900391
Z 4.331699371 102.034660339 -187.454772949
V 226.756820679 5.198288918 188.264312744
Z -352.972015381 -817.892578125 -2194.926513672
I 1988.658203125 2723.977539062 1791.912841797
W 710.434204102 -199.288757324 447.385925293
W 4334.393066406 2419.454345703 -3965.202148438
I -661.948364258 -211.949218750 294.840515137
I -402.937713623 -4401.661621094 -4233.300781250
I -228.452178955 -6299.809570312 2979.324462891
I -1640.117675781 -3552.731201172 -6971.636230469
I -1842.167480469 16558.664062500 -21179.208984375
C 859.881408691 -427.550964355 803.718566895
I -6254.212402344 -10649.296875000 -583.319519043
Z -1267.981323242 -191.909896851 978.033935547
W 4750.156250000 -3131.706298828 -2227.239501953
Z 83.998611450 -6.664317608 -29.184949875
V -861.609497070 -1850.716918945 2762.197021484
Z 13252.899414062 -815.638793945 -3394.772705078
Z 1452.514282227 1568.086547852 1535.198608398
W 391.117553711 -40.994976044 -66.397033691
W 265.640228271 -332.168029785 129.637680054
Y 434.781494141 130.917663574 407.171630859
Z 6453.155273438 7410.521484375 14174.473632812
Z -7.079503536 -37.277709961 -55.612831116
Z 1324.128662109 -1158.176391602 988.877563477
Q -62.354915619 53.913150787 38.966461182
W -708.262695312 -230.170242310 -994.513793945
V -806.530212402 -1317.708740234 2907.712646484
I 82.456771851 462.196350098 813.316284180
I -5967.527343750 5484.501464844 3766.824951172
Z -1065.662353516 234.284805298 1750.365600586
V -92.462081909 519.753173828 -271.746795654
I -9477.048828125 -3625.773193359 8411.380859375
W -1561.806518555 -381.456268311 502.236358643
W -1585.598876953 -253.143051147 426.025604248
I -5100.047851562 384.967254639 7944.520996094
Z 1816.928955078 -1427.806762695 -1305.298828125
Z -417.782501221 1408.087158203 -1260.280639648
I -16134.599609375 5007.347656250 3156.420410156
Z 1576.142578125 -916.571411133 572.559326172
W 1563.890380859 -363.551147461 22.477794647
Z 1798.514038086 1744.429931641 -652.699096680
Z 2793.457031250 -332.380920410 -1200.196166992
I 6046.246582031 2194.669921875 3833.993652344
I 3125.423828125 4806.945312500 1056.075073242
Z 216.731658936 -2633.176025391 -34.270942688
Z 74.776313782 64.489120483 -41.388881683
I 1009.263366699 -118.671577454 78.210975647
Z 1958.386108398 -328.257843018 1064.171508789
Z -9284.352539062 8454.171875000 -2667.111083984
W 548.483581543 -105.639686584 -94.621131897
Z -377.898468018 878.204467773 2775.358154297
I 2116.682373047 4435.340332031 -72.038017273
Z -1232.747924805 596.950561523 975.080810547
I -340.853820801 955.501220703 -737.461303711
Z -2.327381849 136.537628174 -16.929328918
C 618.146179199 -308.113739014 711.360351562
V 70.230934143 -110.792106628 146.560348511
I 557.566894531 -273.348876953 -349.913146973
W 210.527832031 389.164916992 -1727.910400391
I 3108.661865234 -6139.581054688 -2653.558105469
Z 352.820159912 1305.483154297 -939.032775879
Z -1469.984252930 -1032.562377930 290.166046143
I 6034.414550781 9764.053710938 -2947.969726562
I -940.474731445 36.856060028 183.554626465
Z -1075.661621094 -317.966003418 1797.580810547
W 232.900894165 -129.442993164 227.297149658
Z -1080.650268555 605.355957031 -788.196594238
Z 837.683959961 -103.601638794 1129.349853516
V 449.534362793 -267.707061768 -688.064636230
Y 715.866394043 -123.980514526 503.352478027
I -1716.627807617 6015.094726562 1641.842895508
V 99.132194519 -424.006072998 -605.710388184
Z -602.533386230 1346.613159180 -231.547866821
W 129.961318970 -175.040863037 357.676177979
Z -1583.981323242 -319.749359131 438.708068848
Z -5.408370495 39.850036621 -195.671478271
W 718.323669434 -123.573257446 476.365570068
I -801.948852539 -502.939239502 -137.429351807
Z -11217.076171875 10221.807617188 2253.316406250
W 795.154235840 -260.143859863 858.902893066
Z 888.851806641 -477.838867188 -288.079254150
Z 12591.354492188 5759.387207031 -262.556671143
I 3683.036132812 6413.257324219 5880.563476562
W -448.737701416 -947.863525391 -271.986694336
