533

A 261.607086182 -37.299484253 94.787208557
A 70.846343994 -130.574508667 281.771911621
A 230.925765991 -100.302398682 306.221252441
A 189.463439941 -207.918106079 191.820541382
A 290.432617188 -29.500455856 223.644607544
A 301.126098633 -68.163360596 201.382705688
A 217.874755859 -151.856719971 215.663940430
A 213.664611816 -75.653938293 305.685058594
A 230.431732178 -3445.318847656 -32850.484375000
A 297.966247559 -96.508277893 182.359649658
A 81.986808777 0.784113228 87.540863037
A 219.394866943 -54.376670837 272.174041748
A 214.971435547 -194.217254639 150.146194458
A 269.439056396 -18.987031937 261.002685547
A 47.384563446 -32.726604462 104.865753174
A 2259.367187500 -520.848449707 4985.604980469
A 176.669326782 -92.493080139 325.669097900
A 128.932952881 -192.834152222 252.436157227
A 66.376670837 -119.876091003 194.609619141
A 218.640380859 15.602258682 89.580383301
A 160.757690430 65.240142822 226.508468628
A 296.016967773 -95.425521851 206.423385620
A 150.565841675 -95.483604431 326.943603516
A 4114.709960938 3103.448242188 3.200462103
A 205.602081299 24.642042160 281.987792969
A 210.793655396 -200.883804321 207.637863159
A 233.325119019 -4.706569672 288.894348145
A 296.021392822 -49.133502960 220.592468262
A 282.121215820 -134.730957031 162.823730469
A 130.714904785 -37.222511292 66.982704163
A 143.777877808 61.011909485 130.850555420
A 295.051666260 -71.436164856 226.798950195
A 295.439758301 -39.252235413 160.834564209
A 218.239776611 -182.860824585 247.588653564
A 278.326568604 -133.935836792 225.537811279
A 59.658447266 -130.255508423 102.254852295
A 173.789749146 -2.415816307 310.028808594
A 69.369453430 38.385620117 199.818588257
A 292.111968994 -89.779754639 144.057678223
A 22.970354080 -72.320945740 216.524078369
A 260.912536621 -98.207801819 91.218955994
A 84.097717285 -69.283988953 64.098007202
A 100.563430786 10.673025131 82.651252747
A 192.571182251 -174.375320435 278.861572266
A -768.043334961 258.148956299 193.993423462
A 204.676574707 -9.458272934 66.090835571
A -31651.353515625 41819.585937500 26578.451171875
A 140.435760498 64.904541016 222.596405029
A 100.004470825 37.190944672 258.513610840
A 97.100601196 -105.987869263 191.657989502
A 44.328247070 14.158514023 182.292129517
A 34.744457245 -41.543125153 121.788856506
A 63.228340149 -102.339431763 82.383056641
A 88.162216187 -143.537429810 286.584716797
A 171.802703857 68.561454773 209.929565430
A 143.191223145 -207.657669067 218.402954102
A 102.176788330 35.136863708 108.619247437
A 62.823108673 -176.004241943 196.294815063
A 53.076663971 -145.555343628 245.361312866
A -43516.941406250 10732.350585938 -33555.785156250
A 80.645988464 -49.748535156 67.123222351
A 159.176254272 -67.000663757 329.165435791
A 83.474784851 -120.256103516 295.285186768
A 119.093482971 -180.993408203 266.950317383
A 50.276569366 -164.299377441 183.511245728
A 222.115722656 -150.768707275 88.292778015
A 171.924102783 71.344581604 192.223556519
A 252.837081909 -174.370971680 163.345138550
A 259.065643311 -165.104232788 216.839477539
A 288.900695801 -124.245819092 187.161087036
A 287.164489746 -57.010559082 127.833496094
A 259.578643799 -115.008293152 147.029159546
A 246.968490601 -156.909240723 117.786270142
A 61.011833191 27.357276917 221.207901001
A 71.294311523 -171.439086914 239.670761108
A 38.790912628 -106.191268921 117.347969055
A 223.302276611 -24.346506119 68.496437073
A 188.343307495 -133.074127197 310.359619141
A 226.515106201 13.574627876 280.095489502
A 141.860610962 9.500561714 67.156631470
A 2681.440429688 -8207.972656250 15432.089843750
A 212.827529907 -8.258851051 302.275665283
A 91.678718567 -154.193115234 93.829795837
A 249.620666504 27.335557938 238.791412354
A 132.646774292 -109.246047974 51.539756775
A 33.882740021 -116.768714905 239.204284668
A 277.338012695 -58.060913086 109.135665894
A 163.289306641 -170.897933960 285.687957764
A 199.018447876 -28.838586807 317.195098877
A 124.421195984 -133.278533936 309.534179688
A 86.167953491 -158.892211914 270.325622559
A 106.989288330 -201.894638062 188.138290405
A 25857.599609375 -8815.323242188 -28089.898437500
A 279.022705078 -92.642135620 258.194854736
A 90.138320923 -178.093292236 123.240150452
A 290.305450439 -101.390777588 227.058105469
A -12982.578125000 -53213.292968750 6802.055175781
A 93.476730347 -101.077987671 61.771808624
A 205.878540039 -124.891593933 309.107910156
A 290.641754150 -111.742065430 153.466262817
A 47.374828339 -79.721572876 274.835021973
A 42.751720428 -57.298316956 106.484436035
A -1733.064086914 3988.452392578 4115.962890625
A 76.133789062 -143.350204468 95.873069763
A 249.026977539 -90.769859314 80.003623962
A 104.006004333 14.955633163 274.506988525
A 230.869995117 -145.870803833 280.609466553
A 146.134567261 -183.319992065 101.107330322
A 49.471256256 -60.563121796 91.342285156
A 144.233276367 -159.170715332 75.676139832
A 30.596248627 -126.508049011 154.404342651
A 236.531555176 -177.766601562 136.807373047
A 36.579463959 -15.585109711 134.650650024
A 191.743789673 -175.012557983 95.902931213
A 150.757827759 -211.654098511 164.350509644
A 262.392852783 -59.685520172 91.649169922
A 139.000198364 -34.678230286 47.796123505
A -1002.078125000 -54646.488281250 -13339.437500000
A 104.576004028 -177.521057129 111.735740662
A 182.201889038 -108.667335510 68.347450256
A 99.409652710 -9.051034927 71.303718567
A 155.711990356 -45.090282440 326.530303955
A 180.503601074 -153.055755615 95.164772034
A 54.195175171 -53.043514252 283.466979980
A -37471.335937500 -28965.271484375 -33535.265625000
A 283.250518799 -12.643724442 227.124542236
A 235.982620239 -184.382751465 157.204147339
A 227.855911255 -123.765937805 298.058624268
A 15.378854752 -65.822395325 197.820587158
A 31.603015900 -6.816360474 182.857238770
A 217.493423462 -52.855045319 315.439117432
A 145.118148804 -5.304183006 311.851623535
A 250.710891724 31.667327881 150.333190918
A 203.654724121 42.719127655 111.141769409
A 251.145446777 -56.057514191 79.038711548
A -551.532226562 -3898.017089844 1364.066650391
A 139.228622437 -130.147903442 57.213314056
A 127.293518066 -203.817565918 227.406524658
A 616.953308105 -496.056060791 70.336830139
A 193.548797607 61.555217743 221.145080566
A 116.133888245 41.605388641 107.089935303
A 73.488601685 -161.264633179 254.317047119
A 193.419296265 -53.460399628 47.673480988
A 174.037857056 -203.382781982 241.400833130
A 28.283306122 -16.667146683 203.826141357
A 19673.449218750 -6693.599609375 -28589.519531250
A 190.730056763 -106.202690125 319.591949463
A 175.261642456 -92.937080383 177.060058594
A -2670.968017578 -795.894042969 849.797912598
A 157.226867676 26.249628067 81.294281006
A 60.011028290 -141.636230469 168.254623413
A 54.151233673 -32.632804871 276.070251465
A 201.651184082 54.359668732 132.130035400
A 62.567844391 -170.618606567 168.121582031
A 102.296852112 20.926815033 282.083038330
A 43.842479706 6.322926521 150.771087646
A 264.479553223 -20.192687988 106.118980408
A 141.684326172 -67.648452759 42.676391602
A 256.469482422 -139.887039185 263.153228760
A 27.693502426 -85.409027100 240.493316650
A 46.109607697 -119.746955872 115.128700256
A 57.350200653 -16.929269791 112.046775818
A 167.104751587 69.377517700 157.412811279
A 187.326416016 37.957698822 273.622802734
A 90.589385986 43.009109497 136.491638184
A 54.930618286 -164.986068726 155.437561035
A 48.583702087 17.362474442 164.227310181
A 41.971973419 -151.123611450 204.263153076
A 64.643737793 35.149684906 171.231307983
A 242.306747437 -184.396713257 193.258621216
A 124.764228821 60.427089691 143.449768066
A 219.034423828 -179.867675781 119.748924255
A 19.631628036 -102.007598877 175.084014893
A 171.299285889 8.412094116 67.853996277
A 239.977508545 46.341522217 173.936706543
A 254.084533691 -119.020034790 93.158920288
A 251.684570312 2.416545153 265.402099609
A 211.524230957 -42.200553894 58.038692474
A 108.257682800 -197.373641968 226.728469849
A 113.903617859 63.954799652 181.476272583
A 196.179718018 -30.138347626 56.148544312
A 28.876674652 -87.672439575 129.443572998
A 288.677978516 -12.371005058 195.738555908
A 218.484191895 -143.236648560 292.199371338
A 128.895919800 55.036277771 243.630935669
A 120.895294189 -8.755388260 309.862030029
A 2737.661865234 6384.198730469 8738.212890625
A 171.538421631 70.024101257 173.507598877
A 61.004901886 -144.200744629 116.728721619
A 279.701141357 -143.922576904 186.609451294
A 127.526138306 -54.621528625 325.225097656
A 30.507598877 -12.527374268 160.327301025
A 248.866302490 -164.998657227 134.678253174
A 528.553955078 -834.931640625 -40.360786438
A -19812.166015625 25224.185546875 20592.132812500
A 31.582134247 -127.560409546 215.612106323
A 212.316253662 -113.199508667 60.081722260
A 167.524627686 -175.342285156 90.238533020
A 52.818435669 24.319242477 198.390029907
A 28.077283859 -34.687160492 141.424041748
A 261.344848633 -122.122322083 270.209014893
A 161.354888916 -90.940231323 44.620891571
A 183.437789917 -145.523681641 66.330513000
A 98.914794922 -186.496978760 242.711944580
A 117.455535889 -124.741577148 61.669425964
A 83.220695496 48.427932739 190.646606445
A 114.803276062 -200.697357178 148.713424683
A 106.847930908 -138.994537354 298.844970703
A 193.289901733 -71.574981689 48.858562469
A 39.072929382 -145.826095581 162.066070557
A 184.821487427 -8.208066940 60.140499115
A 204.857238770 30.521308899 95.347595215
A 60.712116241 -72.068725586 81.315917969
A 111.812927246 -899.989807129 -189.827270508
A 43.537948608 -105.699768066 264.347808838
A 262.873840332 26.375944138 170.883285522
A 173.269760132 -37.321346283 324.374511719
A 58.588985443 -87.921058655 88.131843567
A 182.974166870 -75.769142151 325.733825684
A 168.930465698 -22.411445618 51.198318481
A 224.234588623 -65.695617676 61.323139191
A 269.689086914 -12.607914925 179.934249878
A 131.319183350 -37.609077454 323.056365967
A 184.032058716 51.127883911 114.735374451
A 75.031539917 2.124119520 277.346893311
A 217.241592407 52.777111053 144.072174072
A 208.729843140 -198.658309937 171.209594727
A 159.896499634 -40.891498566 46.570606232
A 144.260314941 -202.016433716 185.700866699
A -4681.174316406 26173.931640625 -62144.632812500
A 37.927410126 -82.759323120 109.694709778
A 104.944160461 -110.459510803 312.749267578
A 109.678092957 -99.818916321 55.173297882
A 142.042434692 -96.703750610 46.508563995
A 141.747268677 70.819053650 188.463775635
A 166.857238770 64.989746094 141.436386108
A 288.296386719 -55.344127655 244.347930908
A 235.172561646 -105.535133362 72.842247009
A 271.261627197 -123.635070801 252.726516724
A 199.026992798 -186.416076660 257.321197510
A 52.442207336 9.918984413 134.988555908
A 255.418457031 -161.171493530 238.510513306
A 265.027038574 17.529132843 148.035705566
A 237.090942383 -80.416458130 68.559265137
A 280.210418701 -116.565071106 129.763580322
A 242.485351562 -30.545091629 77.925338745
A 35.432025909 -97.335174561 251.521224976
A 132.203094482 -172.436935425 282.704956055
A 175.617980957 21.769971848 292.617126465
A 280.182098389 -113.491020203 245.671249390
A 36881.593750000 17001.275390625 4424.357910156
A 469.359802246 -1108.229003906 -736.734680176
A 283.467864990 -88.295944214 121.714424133
A 165.362960815 -212.143783569 182.393035889
A 123.010711670 53.071056366 123.819671631
A 219.293716431 -167.406219482 270.714263916
A 44.202625275 -22.829586029 256.881164551
A 116.104217529 -29.679714203 53.817016602
A 266.401977539 -45.057506561 274.878265381
A 240.871520996 -178.678894043 229.539062500
A 193.964401245 54.833557129 242.643249512
A 134.055847168 41.105659485 99.409576416
A 38.703598022 -65.593093872 262.219818115
A 266.681396484 15.913771629 221.017501831
A 22.903814316 -53.439193726 225.651687622
A 251.067276001 -29.112977982 287.159271240
A 204.803634644 -137.051818848 69.084320068
A 30.076969147 -132.851379395 195.084030151
A 212.669998169 41.582187653 258.259552002
A 250.580612183 -83.589324951 294.898590088
A 163.660156250 -13.656579018 318.562042236
A 215.103088379 59.237491608 205.477905273
A 215.832534790 50.412845612 235.073272705
A 243.005645752 -153.646759033 265.655670166
A 27.293325424 -125.794456482 178.778549194
A -2095.242919922 -10695.146484375 5615.380371094
A 223.530212402 -126.633255005 73.686813354
A 263.067871094 -0.803498089 118.496009827
A 85.295211792 -172.703353882 216.390258789
A 19.054384232 -91.942581177 210.016387939
A 1114.869995117 4345.127929688 3027.335693359
A 159.754714966 26.757799149 142.585113525
A 281.608795166 -18.953586578 135.544677734
A 105.156562805 -161.534851074 281.980163574
A 93.145103455 -19.976314545 304.650451660
A 276.165832520 -139.014282227 146.134857178
A 179.205200195 -97.257026672 47.437271118
A 88.161437988 -122.469909668 74.360710144
A 116.768928528 -96.290565491 320.018554688
A 23.954683304 -58.171504974 175.108520508
A 238.248550415 47.845867157 201.894393921
A 231.681594849 -190.349746704 177.938552856
A 257.362792969 8.914230347 252.156860352
A 166.707748413 -112.953338623 321.098510742
A 123.152931213 -68.869338989 127.874740601
A 252.350112915 35.740215302 191.323211670
A 120.471687317 21.927200317 84.603012085
A 183.598037720 33.280006409 91.819160461
A 99.256668091 -75.331420898 315.802032471
A 156.200744629 -149.301712036 304.703033447
A 290.053955078 -41.188854218 142.601348877
A 266.499206543 -158.270675659 161.756546021
A 290.434173584 -53.085239410 201.617568970
A 76.525138855 -45.388160706 300.914733887
A 278.943756104 -57.897369385 260.715362549
A 300.950286865 -76.242057800 183.364212036
A -18437.007812500 -27073.722656250 20916.646484375
A 130.631378174 -2.208935738 66.961410522
A 70.480163574 35.038921356 149.718154907
A 164.127914429 -191.741500854 260.215240479
A -746.563659668 -2264.325683594 -1423.649902344
A 90.388145447 23.186676025 103.058403015
A 249.028961182 -100.948890686 291.007446289
A 269.534759521 3.428110123 134.329528809
A 22.452808380 -36.071399689 161.188598633
A 297.508148193 -71.500648499 160.815933228
A 21.376958847 -63.900177002 145.235748291
A 136.955551147 11.716688156 299.873687744
A 242.824081421 -41.852958679 298.457061768
A 79.119552612 -94.581344604 70.320312500
A 21.212491989 -40.638648987 209.788482666
A 197.943908691 66.062530518 172.844375610
A 117.977584839 -4.455395699 64.208992004
A 148.741897583 52.585929871 254.417816162
A 40.820888519 -49.990814209 262.905792236
A 196.663085938 65.650711060 195.030136108
A 231.015777588 -188.942535400 215.643676758
A 43.737346649 -141.137130737 230.254516602
A 167.280776978 -196.852325439 123.813163757
A 93.382881165 45.271305084 237.007003784
A 155.452743530 -8.439724922 56.051876068
A 42.898235321 -136.589508057 135.890151978
A 147.546478271 34.848289490 90.172111511
A 233.099014282 30.743915558 255.912246704
A 98.350875854 58.328330994 200.645202637
A 142.306610107 -73.477180481 328.488891602
A 212.473983765 -101.540161133 315.679504395
A 288.769714355 -83.056076050 240.899826050
A 292.930664062 -106.918174744 170.656631470
A 115.067687988 -171.435821533 98.227035522
A 75.306900024 28.873058319 247.400833130
A 237.143997192 38.280181885 139.290512085
A 272.676818848 -71.821640015 270.558807373
A 165.683425903 60.919338226 240.858398438
A -214.871505737 466.180786133 1150.082275391
A 175.367935181 -161.530746460 76.627975464
A -12531.696289062 35159.894531250 -3048.824462891
A 111.653366089 -29.796829224 314.623443604
A 289.232391357 -115.815872192 213.053482056
A 257.387725830 -171.188812256 196.487380981
A 39.950469971 5.815625191 205.686203003
A 153.272308350 -66.665557861 46.478149414
A 124.811073303 -157.635314941 293.215209961
A 275.098052979 -101.528167725 110.446357727
A 5859.120605469 2078.568847656 -3428.536865234
A 143.932434082 70.725173950 173.147766113
A 237.619903564 -58.822990417 305.355377197
A 94.933471680 -37.587905884 61.406410217
A 24.164686203 -108.714866638 215.667068481
A 78.037765503 -163.790527344 116.077705383
A 191.639480591 -202.988098145 149.787170410
A 193.296356201 -6.669704437 309.211486816
A 197.015213013 -186.736206055 119.534675598
A 177.351623535 49.836502075 258.578247070
A 160.460754395 43.502063751 269.718994141
A 159.361419678 30.955436707 286.091247559
A 278.998748779 3.515672684 209.092590332
A 144.469375610 -206.016113281 146.406768799
A 80.210617065 -187.753509521 168.181365967
A 108.954566956 8.065658569 295.727416992
A 235.292663574 -171.216842651 251.669723511
A 104.107620239 -199.439453125 208.472915649
A 96.776214600 56.366378784 170.561416626
A 243.047576904 13.412373543 107.737800598
A 199.749420166 -195.237228394 131.081008911
A 1319.775756836 -1483.968383789 0.961069584
A 82.164291382 46.645313263 164.050079346
A 249.107910156 -141.201721191 104.910491943
A 122.167572021 -76.869949341 48.409225464
A 146.015151978 -197.307189941 125.514038086
A 31.030603409 -19.440324783 224.840682983
A 116.984855652 -193.878524780 130.802719116
A 128.983016968 36.400608063 275.621856689
A -10077.119140625 7860.258789062 -10956.215820312
A 236.374023438 -52.224029541 68.683860779
A 114.520072937 -140.481231689 69.979370117
A 277.407257080 -34.227516174 116.881683350
A 156.088134766 -211.603530884 205.099273682
A 209.421951294 -197.451385498 226.801055908
A 128.771942139 -111.552406311 320.067993164
A -7328.376464844 3444.606933594 -6276.561523438
A 212.701614380 -202.141082764 185.075027466
A 251.660491943 32.649478912 218.093841553
A 213.525939941 -78.509078979 55.162986755
A 79.173828125 -21.511409760 76.774467468
A 290.769134521 -19.666473389 165.365631104
A 131.193908691 -210.298370361 189.349502563
A 40.433071136 -5.302380085 234.132400513
A 141.371124268 25.520675659 289.326263428
A 50.441749573 -3.121903896 118.801918030
A 71.390403748 -175.725387573 143.527923584
A 269.734924316 -78.592208862 97.673332214
A 99.965049744 -51.267501831 314.781890869
A 52.592540741 11.418234825 235.821441650
A 25989.312500000 -31579.667968750 40110.890625000
A 266.836730957 -146.913436890 235.076614380
A -4872.723144531 560.641601562 3085.335449219
A 1083.291015625 -2482.331054688 -392.443054199
A 99.785598755 -176.086791992 259.804199219
A 103.387382507 54.089118958 143.023803711
A 280.572174072 -2.274181604 153.230728149
A 207.315963745 -163.135345459 89.974433899
A 28.474222183 -110.078765869 140.475875854
A 240.809249878 2.757902384 95.321792603
A 194.236419678 62.978267670 148.394210815
A 247.537109375 -120.981506348 285.832672119
A 61.747627258 -115.056350708 91.831809998
A 96.472366333 -140.856842041 79.632369995
A -2365.697021484 1515.685180664 67.760108948
A 204.285110474 -162.623397827 285.069763184
A 119.534011841 -77.387374878 323.930023193
A 264.724700928 -127.480682373 111.967628479
A 109.391975403 55.294178009 229.004104614
A 156.409088135 -17.786550522 311.031738281
A 98.041343689 -197.760848999 168.197998047
A 79.220344543 -67.934967041 306.983795166
A 180.134613037 -208.443237305 166.541900635
A 174.139572144 -193.528472900 234.136352539
A 216.655731201 1.641888261 187.764022827
A 101.888595581 -73.728118896 54.052036285
A 247.997848511 -13.182867050 92.489349365
A 191.984634399 -149.670303345 299.732727051
A 19826.625000000 38522.250000000 18381.609375000
A 59.576606750 -103.626190186 282.955322266
A 198.115188599 12.438103676 296.355072021
A 177.695617676 -209.407638550 209.281951904
A 290.601562500 -69.308105469 137.046279907
A 63.014274597 -22.196104050 91.124229431
A 69.960304260 26.625776291 131.950607300
A 172.655731201 -181.699005127 272.077026367
A 227.630477905 51.479404449 161.277618408
A 28.648435593 -63.025363922 125.769332886
A 32.912620544 -34.112228394 241.198104858
A 167.732528687 -129.477081299 57.007278442
A 106.643913269 -17.249341965 294.347595215
A 74.885314941 -27.722991943 293.780334473
A 168.500473022 -133.596847534 313.490386963
A 279.445129395 -33.368293762 251.644760132
A 270.243988037 19.311426163 194.435272217
A 121.955017090 -205.513198853 166.364654541
A 197.613235474 -45.552291870 321.712066650
A 92.880119324 -188.522598267 142.504989624
A 121.267318726 44.509502411 260.843170166
A 57.082557678 -124.236366272 268.835296631
A 17.191251755 -93.341720581 190.085296631
A 134.747665405 -170.976333618 89.482147217
A 161.532165527 58.472888947 121.646591187
A 128.070877075 -23.506986618 209.539871216
A -3278.697265625 30143.199218750 -38518.816406250
A 241.252365112 24.373859406 121.010063171
A -337.419311523 -911.481201172 127.710968018
A 58.941829681 -140.894210815 260.832702637
A 266.109497070 -146.600296021 133.599151611
A 65.534049988 -45.230720520 79.683547974
A 202.782974243 10.219368935 76.138381958
A 5635.406250000 -362.173431396 -1254.479980469
A 273.235565186 -5.714981556 240.889541626
A 174.163360596 -57.149841309 44.610687256
A 75.887298584 17.118940353 262.959594727
A 84.820304871 -191.892944336 195.591232300
A 6463.234863281 7379.440429688 14118.875976562
A 224.760971069 35.912590027 117.667610168
A 17.127187729 -73.169532776 160.810882568
A 68.663795471 -14.192243576 283.079223633
A 14.775250435 -52.683681488 179.332809448
A 227.958221436 -163.165481567 105.285957336
A 266.860382080 -161.067993164 186.277893066
A 73.263343811 5.915428638 230.665008545
A 63.383670807 -75.417694092 293.107482910
A 22.528261185 -28.090883255 185.455230713
A -2573.394287109 -1036.383666992 2533.246582031
A 124.730545044 65.509460449 161.627136230
A 153.321533203 -142.725631714 62.391880035
A 87.783142090 -70.290756226 290.256439209
A 55.050682068 -4.587132454 257.475524902
A 78.624984741 25.194585800 116.216903687
A -15406.346679688 4880.424316406 3164.855712891
A 59.182876587 -155.764572144 130.506286621
A 191.096206665 -64.113693237 325.853820801
A 78.375991821 -184.612884521 220.296966553
A 27.655122757 -64.454895020 242.635955811
A 233.913650513 13.823818207 244.500900269
A 228.602142334 48.598384857 221.064437866
A 133.095077515 66.603584290 205.734634399
A 280.734863281 4.029001236 176.675567627
A 297.080596924 -33.985309601 194.270034790
A 177.999526978 -187.336013794 108.306922913
A -2066.453125000 1921.630249023 -409.995758057
A 72.011924744 -95.011428833 297.297943115
A 182.074768066 -116.629554749 52.165817261
A 218.244735718 58.892398834 180.727935791
A 170.055831909 -160.192810059 296.419891357
A 67.083602905 3.256127834 103.711479187
A 279.581420898 -140.193756104 208.214324951
A 225.766403198 -5.343690395 79.219810486
A 192.346191406 -200.615722656 232.763381958
A 221.038208008 -78.389610291 316.818115234
A 113.803489685 -53.388835907 50.260147095
A 77.559188843 39.290218353 224.170379639
A 162.716201782 47.138179779 104.193153381
A 300.312225342 -50.552478790 177.132141113
A 200.131500244 -1.705934405 166.992187500
A 145.189941406 -182.322891235 272.267761230
A 90.099014282 -107.252876282 305.758605957
A 168.520782471 -204.886566162 143.332794189
A 178.369766235 20.607494354 77.727493286
A 116.870689392 -158.647354126 82.346260071
A 225.012878418 -24.684654236 304.101196289
A 55.290954590 -165.570312500 218.379638672
A 112.025093079 58.721229553 211.343765259
A 129.542327881 -191.129241943 116.117210388
A 252.950881958 -14.625883102 277.696533203
A 205.823989868 -95.573379517 54.021160126
A 137.394836426 -148.098281860 304.007629395
A 267.013122559 -94.320060730 275.522003174
A 148.919601440 -200.217315674 241.542968750
A 146.845626831 -120.495506287 318.089935303
A -8855.846679688 8126.242187500 1911.573974609
A 236.507675171 -133.888275146 87.189201355
A 257.324645996 -63.828369141 290.225128174
A 7545.182617188 3380.750244141 -18.164066315
A 207.415390015 26.138946533 267.850006104
A 21.913492203 -95.934959412 155.616043091
