533

A 330.094238281 -46.293926239 119.424179077
A 90.084846497 -163.662170410 355.230834961
A 290.285980225 -126.151908875 386.588073730
A 238.051727295 -262.022552490 241.528961182
A 365.378265381 -36.938285828 281.399566650
A 379.765808105 -86.396820068 252.830429077
A 273.182769775 -191.123641968 272.057495117
A 268.675231934 -96.570610046 385.306701660
A 289.543090820 -4339.897949219 -41391.312500000
A 376.023101807 -121.158332825 229.811737061
A 102.875099182 1.229428053 109.776283264
A 276.059906006 -68.580795288 342.858306885
A 271.097229004 -243.815475464 188.970138550
A 339.654998779 -24.898899078 328.461944580
A 59.694187164 -41.947753906 131.703994751
A 2846.805664062 -655.521179199 6281.581054688
A 222.568664551 -115.885780334 409.329833984
A 162.069259644 -241.984710693 317.169158936
A 84.179077148 -150.234954834 245.076553345
A 274.493865967 20.145133972 113.645164490
A 200.846878052 83.087684631 284.972778320
A 373.250305176 -119.049957275 260.329742432
A 189.650482178 -120.133285522 411.881988525
A 5183.756347656 3911.304687500 3.685534239
A 259.445922852 30.307231903 355.145355225
A 265.302032471 -255.055297852 262.326263428
A 294.527465820 -6.463665009 364.106079102
A 372.889770508 -60.810726166 278.484436035
A 354.756713867 -168.832458496 204.897537231
A 165.393081665 -46.346763611 85.407981873
A 182.543258667 77.059982300 164.020751953
A 370.843261719 -89.302505493 285.185699463
A 372.830780029 -51.223117828 202.741424561
A 276.195281982 -230.939102173 311.489288330
A 351.262695312 -168.146057129 283.897827148
A 75.176467896 -162.979965210 129.563140869
A 218.687118530 -3.150466681 391.802825928
A 87.164703369 48.752536774 252.011260986
A 368.900756836 -113.542114258 181.753952026
A 28.576026917 -91.107948303 272.440093994
A 328.793823242 -124.575279236 115.864974976
A 106.415130615 -87.228233337 80.207389832
A 125.817558289 13.531570435 104.017364502
A 243.781204224 -219.010040283 350.589172363
A -968.052185059 325.235687256 244.776473999
A 257.640838623 -12.979787827 83.574821472
A -39879.527343750 52690.929687500 33490.246093750
A 177.600479126 80.472000122 280.233886719
A 126.400054932 46.870407104 326.269012451
A 122.273376465 -134.996978760 241.984420776
A 56.177921295 18.382616043 228.392990112
A 42.913043976 -52.005115509 154.714477539
A 79.093017578 -128.295257568 104.288536072
A 111.669670105 -181.546264648 360.190032959
A 217.350082397 86.938652039 264.780700684
A 180.363754272 -262.947845459 275.051177979
A 128.353042603 43.867702484 136.153182983
A 80.184875488 -221.466796875 247.027862549
A 66.629890442 -182.613265991 308.775421143
A -54831.656250000 13522.328125000 -42278.957031250
A 102.541114807 -62.178894043 85.300506592
A 200.389602661 -83.034568787 414.719726562
A 106.023674011 -150.978942871 372.302001953
A 149.623046875 -227.424987793 336.330383301
A 63.580272675 -206.743545532 230.616806030
A 281.175476074 -189.490982056 111.261451721
A 215.917800903 91.613281250 242.247879028
A 318.730529785 -219.678192139 205.000488281
A 325.782958984 -207.512252808 271.572235107
A 364.781433105 -156.411224365 234.726516724
A 363.563262939 -71.665107727 159.387374878
A 327.204589844 -145.276794434 186.302688599
A 310.515991211 -198.047927856 147.773376465
A 76.904724121 34.543369293 277.770050049
A 88.432350159 -215.032531738 301.778411865
A 48.725044250 -134.837326050 147.526702881
A 281.437835693 -32.143901825 86.072837830
A 236.426330566 -167.370086670 391.561035156
A 284.524536133 16.947124481 353.456756592
A 178.544570923 12.346021652 85.032806396
A 3377.559082031 -10342.353515625 19444.802734375
A 267.260253906 -10.640410423 381.405029297
A 115.670822144 -194.820022583 118.176788330
A 313.007080078 34.663188934 300.702606201
A 166.423080444 -137.350189209 65.140281677
A 41.884754181 -146.653488159 302.394500732
A 350.150360107 -73.325447083 137.138275146
A 205.763351440 -214.713790894 360.036895752
A 251.625061035 -37.021312714 399.842010498
A 156.492950439 -169.240982056 389.511932373
A 108.285133362 -200.474288940 341.116668701
A 135.281570435 -253.928466797 236.737594604
A 32581.849609375 -11107.118164062 -35392.476562500
A 351.935333252 -116.259857178 325.439971924
A 113.885643005 -223.022567749 156.604705811
A 365.025878906 -128.249206543 285.877746582
A -16357.496093750 -67047.210937500 8569.229492188
A 117.115234375 -127.025611877 78.329643250
A 260.446411133 -157.570709229 390.461578369
A 366.030883789 -140.641265869 191.954788208
A 59.516742706 -99.849517822 347.456481934
A 55.002017975 -73.164871216 134.792312622
A -2184.383056641 5025.515625000 5185.644531250
A 95.323776245 -179.602615356 121.129959106
A 314.226684570 -113.671638489 101.261695862
A 130.757110596 19.676015854 345.182464600
A 291.507720947 -184.010879517 353.981048584
A 185.125305176 -231.933975220 127.261322021
A 61.342933655 -76.427719116 115.585327148
A 181.094238281 -198.927154541 96.901451111
A 38.365932465 -159.624404907 194.797302246
A 297.871978760 -224.156051636 173.705047607
A 46.353954315 -19.289453506 169.515045166
A 241.033432007 -220.754104614 120.988670349
A 190.527847290 -267.978485107 207.191574097
A 330.603485107 -76.184341431 113.817733765
A 175.083297729 -44.574638367 61.529720306
A -1262.347534180 -68853.406250000 -16807.623046875
A 131.734466553 -224.735000610 139.956588745
A 230.402359009 -137.270141602 85.415832520
A 125.356735229 -11.462146759 90.175949097
A 194.922760010 -56.479755402 411.110931396
A 227.817672729 -192.937850952 119.201637268
A 68.536155701 -67.897766113 356.515319824
A -47214.386718750 -36497.156250000 -42254.605468750
A 356.612213135 -15.091029167 285.950775146
A 299.362152100 -231.345153809 197.324798584
A 288.761474609 -156.284759521 374.602142334
A 19.969408035 -82.444984436 249.179794312
A 40.031063080 -9.563973427 232.314941406
A 274.184875488 -66.500305176 397.304656982
A 182.163970947 -6.536977291 392.974365234
A 315.432189941 40.306671143 190.315841675
A 257.185150146 53.981582642 139.854598999
A 316.403198242 -70.265052795 98.959114075
A -693.674194336 -4912.203613281 1719.124389648
A 175.392303467 -164.384048462 71.748023987
A 161.792709351 -256.497528076 286.232360840
A 777.009948730 -626.132812500 90.029335022
A 245.007919312 77.299308777 279.392303467
A 146.203491211 52.738300323 135.104766846
A 93.875755310 -202.635421753 320.748657227
A 242.754180908 -67.781532288 59.343063354
A 218.721557617 -255.631973267 304.878234863
A 36.605037689 -21.331174850 257.772583008
A 24788.619140625 -8434.238281250 -36021.894531250
A 239.893676758 -134.730163574 404.257965088
A 220.281707764 -117.281379700 222.427093506
A -3365.079833984 -1002.035217285 1071.702636719
A 197.138183594 32.517475128 102.705223083
A 75.813705444 -178.451568604 211.894302368
A 67.332992554 -40.192573547 349.241607666
A 253.888076782 66.830787659 166.410659790
A 79.087791443 -215.012908936 211.772796631
A 128.149963379 25.853870392 355.510803223
A 54.797641754 8.531948090 189.814544678
A 331.771942139 -25.797512054 134.008392334
A 179.071502686 -86.076194763 53.173042297
A 322.763427734 -175.282821655 332.808471680
A 33.914749146 -107.382781982 303.829284668
A 60.397403717 -151.140396118 144.671768188
A 70.484466553 -21.264524460 140.978164673
A 210.977127075 88.384902954 198.378860474
A 235.120864868 48.729602814 344.384094238
A 113.492713928 54.865516663 171.321533203
A 70.169342041 -207.572616577 195.988967896
A 61.895622253 21.661962509 206.043243408
A 54.371681213 -189.746261597 258.097229004
A 81.775321960 44.257431030 215.510650635
A 305.555877686 -231.043472290 243.661376953
A 156.635009766 75.762100220 179.392974854
A 277.278411865 -227.823318481 151.052398682
A 27.301681519 -128.645126343 220.950561523
A 216.791229248 11.015667915 84.731307983
A 302.356048584 58.048725128 219.109313965
A 319.470367432 -149.708831787 117.678131104
A 316.915069580 2.748513937 334.028991699
A 266.257598877 -52.338298798 72.211853027
A 136.766799927 -249.492904663 285.434082031
A 143.800659180 80.021087646 227.589843750
A 245.731491089 -37.287551880 71.432052612
A 36.041511536 -109.762687683 162.817214966
A 364.188018799 -16.787038803 245.849334717
A 273.900054932 -180.703842163 368.746765137
A 162.225631714 69.611656189 306.947814941
A 151.425125122 -9.976931572 391.649444580
A 3449.629394531 8043.888671875 11008.888671875
A 216.818023682 88.531654358 219.986968994
A 77.164001465 -181.148452759 146.039871216
A 352.266418457 -181.760665894 235.110015869
A 160.674697876 -69.613967896 410.237762451
A 39.010200500 -15.911702156 202.547073364
A 314.279418945 -208.961013794 170.380401611
A 667.176269531 -1052.088745117 -49.962818146
A -24962.046875000 31782.417968750 25946.031250000
A 40.338359833 -160.357208252 272.535919189
A 267.608428955 -142.317291260 76.360954285
A 210.237899780 -220.606719971 113.261047363
A 66.633804321 28.855321884 250.502197266
A 34.626415253 -43.958003998 178.658477783
A 328.993286133 -154.591949463 341.003326416
A 203.600936890 -114.656623840 57.403228760
A 231.788757324 -183.809402466 84.029739380
A 123.502037048 -236.268005371 305.953674316
A 149.460830688 -157.359359741 79.526374817
A 104.093513489 60.254009247 241.806640625
A 142.981414795 -252.752502441 187.271453857
A 134.753051758 -174.976181030 377.032165527
A 242.389541626 -89.901664734 62.137104034
A 48.355697632 -182.883407593 202.435699463
A 232.585128784 -11.348535538 75.893180847
A 258.302825928 38.191738129 120.611358643
A 75.479660034 -90.043647766 102.897232056
A 140.527603149 -1133.751098633 -238.805496216
A 54.804576874 -132.935104370 332.345458984
A 332.187011719 33.806781769 215.877777100
A 217.887496948 -46.448867798 408.073059082
A 74.193794250 -111.491699219 111.467826843
A 228.147476196 -95.581436157 411.333007812
A 213.961227417 -27.815891266 63.753612518
A 281.672180176 -83.536819458 76.988540649
A 339.539245605 -14.996170044 226.969482422
A 165.222869873 -48.199127197 406.667449951
A 232.161743164 64.535789490 145.161056519
A 94.987564087 1.491472721 349.600738525
A 273.819274902 66.847511292 181.250808716
A 262.671661377 -250.648132324 215.076919556
A 199.469665527 -51.330654144 58.826107025
A 182.423660278 -253.907958984 233.568695068
A -5898.713378906 32977.875000000 -78302.335937500
A 47.608982086 -104.211578369 138.712738037
A 131.848907471 -138.783859253 394.108184814
A 138.763092041 -125.985282898 68.573974609
A 179.066482544 -121.387413025 58.112854004
A 177.614379883 88.521591187 237.235427856
A 210.703292847 81.860877991 178.634689331
A 362.755187988 -70.029006958 307.914642334
A 296.500732422 -131.793838501 90.693908691
A 340.772216797 -155.992507935 317.685485840
A 249.317962646 -235.568664551 324.499816895
A 66.575737000 13.179959297 168.710113525
A 322.078033447 -201.642456055 300.620117188
A 333.047302246 21.821352005 187.023498535
A 298.423400879 -101.487808228 85.572357178
A 353.331237793 -146.403106689 163.227981567
A 305.105926514 -38.916500092 97.685295105
A 43.345844269 -122.418640137 318.274597168
A 167.938262939 -216.444473267 356.149993896
A 222.277786255 27.140897751 368.174377441
A 352.891662598 -143.749572754 310.344238281
A 46470.378906250 21421.238281250 5573.380859375
A 591.004455566 -1396.673950195 -929.286621094
A 357.657562256 -111.045967102 153.958953857
A 208.642608643 -267.118927002 229.245361328
A 156.800338745 66.534751892 155.844177246
A 275.679168701 -210.369430542 340.674591064
A 54.755184174 -28.736843109 323.198577881
A 145.466079712 -38.272922516 67.920448303
A 335.482513428 -56.047306061 347.378143311
A 304.000701904 -223.193420410 289.051055908
A 245.345306396 69.365013123 305.516967773
A 168.369155884 52.284500122 124.195648193
A 47.822284698 -82.369705200 330.517364502
A 336.833801270 18.536527634 277.829223633
A 27.991512299 -67.059173584 285.336364746
A 316.214447021 -35.763423920 361.039093018
A 256.834777832 -171.845046997 86.924713135
A 38.344352722 -167.426574707 244.648040771
A 267.616027832 50.429050446 325.370208740
A 314.528198242 -106.286170959 371.309600830
A 206.335693359 -16.184061050 400.719757080
A 270.860412598 74.600212097 258.948120117
A 270.707977295 64.407546997 296.703338623
A 305.913848877 -194.707946777 336.134063721
A 34.473594666 -157.817169189 225.907913208
A -2640.196044922 -13475.768554688 7075.260253906
A 281.022369385 -159.799209595 92.883316040
A 331.137725830 -1.908098340 147.978530884
A 107.442085266 -218.630584717 272.909790039
A 24.240560532 -115.252693176 265.116241455
A 1403.930175781 5475.336425781 3813.131835938
A 200.598373413 34.678913116 180.401382446
A 355.258178711 -24.735877991 169.831695557
A 132.922637939 -203.586517334 355.183166504
A 116.433952332 -25.052635193 383.624816895
A 348.940338135 -174.468399048 184.215347290
A 226.764099121 -124.017601013 60.546619415
A 109.717285156 -154.611251831 94.207191467
A 147.958999634 -122.625846863 403.783294678
A 31.429779053 -73.606117249 221.051208496
A 301.179809570 59.218399048 254.718368530
A 292.038146973 -241.452697754 223.976272583
A 323.720245361 10.883759499 317.271392822
A 210.357788086 -141.664108276 404.622314453
A 155.791931152 -86.790382385 161.108535767
A 316.888885498 45.654846191 242.252868652
A 152.543548584 28.117938995 106.986671448
A 232.430984497 43.439022064 116.212417603
A 124.811607361 -95.440711975 398.642242432
A 197.792282104 -186.596542358 383.553436279
A 365.112945557 -51.407108307 181.716537476
A 336.119567871 -200.202224731 204.072235107
A 366.065521240 -67.576698303 254.221466064
A 97.536743164 -57.394100189 379.265960693
A 351.108154297 -73.158775330 328.933898926
A 378.693145752 -96.713623047 231.553344727
A -23230.158203125 -34111.875000000 26356.816406250
A 164.997360229 -3.115477800 83.869918823
A 88.863281250 43.954257965 186.522827148
A 207.058502197 -240.188781738 328.110504150
A -940.431396484 -2853.952148438 -1793.250732422
A 113.964088440 29.849439621 131.166946411
A 314.387603760 -126.634696960 365.993011475
A 338.956451416 4.349199295 168.862136841
A 28.979324341 -44.909603119 202.871185303
A 375.057983398 -89.985275269 201.199600220
A 26.635906219 -80.494247437 182.456573486
A 173.100433350 16.162040710 377.898193359
A 305.122711182 -52.021514893 376.179656982
A 100.011642456 -120.205841064 88.759529114
A 26.724664688 -50.611057281 263.788299561
A 249.638061523 83.173202515 216.628204346
A 147.567474365 -5.728001118 81.570510864
A 189.088577271 66.731719971 321.948181152
A 51.644439697 -63.282268524 332.453521729
A 247.164947510 83.126258850 245.296218872
A 289.386138916 -239.820190430 272.741851807
A 55.461471558 -177.476150513 291.038360596
A 210.940795898 -247.327056885 155.853958130
A 117.607101440 57.394580841 298.043243408
A 194.742355347 -8.819647789 70.393081665
A 53.678405762 -173.339141846 172.184066772
A 187.257049561 43.204090118 114.208183289
A 293.074310303 37.902317047 322.516967773
A 123.093696594 74.267372131 253.439041138
A 178.657501221 -91.665817261 412.614288330
A 267.341857910 -126.209114075 397.818450928
A 363.904693604 -104.991897583 303.147583008
A 369.629455566 -133.416091919 214.573547363
A 144.151748657 -216.860214233 124.427322388
A 94.748352051 37.630516052 311.410888672
A 298.867187500 46.089954376 174.251434326
A 344.030914307 -90.143844604 340.491546631
A 208.917617798 77.140068054 303.447937012
A -271.416351318 586.153137207 1448.562622070
A 220.974273682 -204.706237793 96.916015625
A -15789.002929688 44301.582031250 -3842.067138672
A 139.452407837 -38.125720978 395.754516602
A 364.237243652 -144.590179443 267.890899658
A 322.887207031 -214.957199097 248.074966431
A 51.828613281 6.130351543 259.428924561
A 192.979598999 -84.370025635 60.031993866
A 156.358078003 -199.599990845 369.509582520
A 346.131164551 -128.803543091 138.516128540
A 7382.953125000 2618.492919922 -4320.545410156
A 179.528289795 89.552345276 217.053009033
A 299.205535889 -73.627197266 385.969146729
A 121.176063538 -47.659198761 77.189941406
A 30.337215424 -137.194610596 271.315277100
A 99.081405640 -205.306549072 146.818496704
A 241.751235962 -255.329772949 188.637176514
A 243.597778320 -8.762971878 389.109588623
A 247.949035645 -236.123703003 150.779357910
A 222.992462158 61.405948639 325.707550049
A 201.574157715 54.875282288 339.273162842
A 202.124572754 39.043048859 360.302185059
A 351.000793457 5.143828869 263.543701172
A 181.578811646 -259.824981689 183.675170898
A 100.467102051 -236.805450439 211.907226562
A 136.329437256 10.342492104 372.793395996
A 296.403747559 -216.392822266 317.458282471
A 131.290725708 -253.211273193 261.946990967
A 121.818115234 71.207458496 214.923599243
A 304.366058350 17.760055542 135.762954712
A 251.932418823 -246.181594849 164.267089844
A 1663.607910156 -1868.920532227 0.931850195
A 102.863441467 57.677814484 205.934341431
A 314.045227051 -176.615539551 132.360427856
A 153.338424683 -96.131385803 61.750953674
A 184.309844971 -249.280212402 157.564285278
A 39.222175598 -24.575574875 284.604156494
A 147.518066406 -244.266693115 164.492401123
A 163.803482056 45.777549744 346.986999512
A -12697.761718750 9905.169921875 -13804.797851562
A 299.126800537 -67.166801453 85.671463013
A 144.588348389 -176.544204712 89.036582947
A 348.543090820 -42.757167816 147.145202637
A 196.600997925 -267.523010254 258.082580566
A 264.940704346 -249.501785278 284.828857422
A 162.062240601 -141.408081055 403.106719971
A -9233.625976562 4341.066894531 -7907.824707031
A 269.375061035 -253.708694458 231.611831665
A 316.410736084 41.818847656 275.441131592
A 269.640747070 -98.449310303 69.120033264
A 101.171424866 -25.438581467 97.462028503
A 366.332336426 -24.276456833 208.693893433
A 164.965621948 -265.354003906 237.678176880
A 51.884376526 -5.851319790 294.975128174
A 178.163726807 31.607875824 363.996246338
A 63.441776276 -4.105698586 149.211242676
A 90.670234680 -220.154327393 180.491760254
A 340.851959229 -97.358367920 123.049400330
A 126.476348877 -64.786796570 397.186187744
A 66.517539978 15.672014236 296.337097168
A 32746.460937500 -39790.132812500 50539.515625000
A 334.739044189 -185.438278198 296.555725098
A -6141.258300781 707.390258789 3887.604248047
A 1364.046875000 -3129.536621094 -495.010589600
A 126.231575012 -222.684692383 326.866516113
A 130.061203003 68.460189819 178.945861816
A 353.046173096 -2.218155146 194.105209351
A 261.475830078 -204.658477783 113.283729553
A 35.482532501 -137.883285522 176.961090088
A 305.027282715 4.377109528 119.457847595
A 245.435592651 79.846755981 187.363800049
A 312.134643555 -152.070724487 360.281799316
A 76.939018250 -143.929153442 115.921249390
A 121.420143127 -178.024505615 100.519851685
A -2981.215820312 1909.552001953 84.854484558
A 256.091217041 -204.610733032 359.371551514
A 150.815505981 -97.575027466 407.897308350
A 333.812286377 -160.714401245 140.243347168
A 139.052505493 68.911819458 286.858489990
A 196.712799072 -23.168081284 392.279052734
A 124.103210449 -250.905944824 212.726272583
A 97.960838318 -86.056396484 387.005828857
A 227.103668213 -263.511688232 209.426986694
A 218.962783813 -244.359603882 295.804046631
A 274.476593018 1.528182507 235.972030640
A 126.978767395 -91.934837341 68.072471619
A 312.685516357 -15.897471428 117.311874390
A 242.545074463 -188.808898926 378.204772949
A 24981.775390625 48537.609375000 23160.990234375
A 74.768188477 -130.335037231 356.386657715
A 250.513015747 16.607185364 373.806732178
A 225.436340332 -264.124603271 263.822814941
A 365.260101318 -87.938423157 172.583816528
A 80.593620300 -27.987222672 114.503166199
A 86.991378784 32.414077759 166.224319458
A 217.880355835 -228.473068237 343.005828857
A 287.696228027 64.408607483 201.508239746
A 36.020782471 -79.048301697 159.601913452
A 41.768547058 -42.233905792 303.517517090
A 212.385223389 -163.429275513 71.930320740
A 135.685913086 -22.191755295 370.046539307
A 95.027992249 -35.259418488 370.354675293
A 212.974685669 -168.423187256 394.753814697
A 351.663604736 -41.467063904 316.993560791
A 340.517059326 23.902544022 244.774475098
A 153.410430908 -259.559539795 210.226898193
A 247.966949463 -57.477710724 404.811553955
A 116.168098450 -237.382507324 179.617477417
A 152.533584595 56.821781158 327.292327881
A 71.393089294 -156.127227783 340.030517578
A 22.716981888 -119.278106689 239.685119629
A 170.628295898 -215.099960327 113.525032043
A 202.786773682 74.402954102 153.056228638
A 160.458618164 -29.659076691 263.679626465
A -4132.210449219 37978.964843750 -48533.406250000
A 304.014068604 31.100378036 152.712829590
A -425.712951660 -1147.960937500 160.324844360
A 72.595817566 -176.615631104 329.136077881
A 335.725555420 -184.672485352 168.126296997
A 81.946998596 -56.186077118 100.439552307
A 254.980331421 12.471593857 96.269935608
A 7100.271972656 -457.260620117 -1581.350219727
A 345.160095215 -7.435807228 303.019561768
A 220.654815674 -71.714736938 56.576675415
A 95.405502319 19.884731293 331.201965332
A 106.419364929 -243.376205444 246.959259033
A 8143.067382812 9297.156250000 17788.808593750
A 283.082855225 43.855072021 147.562149048
A 21.253311157 -92.728157043 203.662902832
A 86.851608276 -18.251895905 357.182830811
A 17.875885010 -65.638465881 228.041213989
A 288.899749756 -205.750213623 132.922286987
A 335.536682129 -202.208587646 234.845397949
A 93.152854919 7.007752419 291.420501709
A 79.588500977 -95.096611023 368.829132080
A 28.588842392 -36.217033386 233.824234009
A -3243.083251953 -1305.745361328 3191.573974609
A 157.624145508 82.298141479 201.828720093
A 193.453231812 -180.196731567 78.131217957
A 112.316909790 -88.080940247 364.572509766
A 69.231742859 -6.676249504 323.829528809
A 99.305747986 33.173851013 145.860580444
A -19411.900390625 6149.557128906 3987.732177734
A 75.643478394 -196.595901489 165.713119507
A 239.329421997 -80.700012207 410.998504639
A 99.083129883 -233.097976685 277.960937500
A 33.596439362 -82.301353455 305.665222168
A 295.033142090 19.024034500 307.267456055
A 288.359069824 60.691440582 277.039489746
A 167.014831543 83.398193359 260.175109863
A 354.409545898 6.584254742 223.495941162
A 374.517669678 -43.353893280 244.410232544
A 225.114166260 -235.997512817 134.697906494
A -2603.711181641 2420.645019531 -517.039123535
A 91.066207886 -120.583129883 373.889099121
A 230.090682983 -147.197341919 65.522354126
A 275.011932373 75.246788025 228.256896973
A 213.791519165 -201.858047485 373.674011230
A 83.571449280 3.406465769 130.376464844
A 351.319213867 -177.349960327 261.184722900
A 286.184936523 -6.126819134 100.580894470
A 241.770339966 -252.219436646 294.358123779
A 279.673370361 -98.728683472 400.569091797
A 144.569030762 -68.141387939 63.293392181
A 97.934425354 50.151683807 281.584716797
A 204.639617920 59.323204041 130.310134888
A 377.916778564 -64.817077637 222.084060669
A 251.630172729 -1.742057920 209.817764282
A 182.348388672 -230.246841431 342.096343994
A 114.099273682 -134.993286133 385.713897705
A 213.359191895 -258.243499756 181.924148560
A 225.645874023 26.979568481 98.042907715
A 147.812896729 -198.610153198 104.561378479
A 283.864501953 -31.712635040 382.628723145
A 69.920173645 -209.435806274 276.216979980
A 139.869552612 73.590682983 266.937408447
A 162.946166992 -240.053375244 147.423736572
A 318.894317627 -17.795150757 351.783508301
A 259.975341797 -119.963363647 68.249565125
A 173.240188599 -185.661163330 382.610687256
A 338.214874268 -119.332000732 346.293853760
A 186.346069336 -252.908477783 304.127258301
A 185.305587769 -151.792755127 400.677246094
A -11158.179687500 10240.067382812 2408.986816406
A 297.347717285 -169.122665405 109.157218933
A 324.141326904 -80.132949829 366.002136230
A 9507.981445312 4260.595214844 -22.759010315
A 260.913909912 31.301717758 336.410583496
A 27.849346161 -122.622337341 196.526962280
