533

W 7014.184570312 2089.464843750 -6680.723144531
Z -3340.222900391 -2240.864501953 3442.155273438
V -1776.749877930 443.509552002 -3016.651123047
Z -833.890258789 3446.894287109 60.956089020
Z -9.634072304 99.392105103 46.642707825
W -1943.891113281 -476.899108887 443.450714111
V -7194.670410156 5933.168945312 -390.854217529
W -4898.429687500 379.314453125 -10322.372070312
Z 110.089416504 -2712.555908203 -26166.431640625
V -2526.782958984 -232.843536377 442.542266846
V -354.673919678 1054.772949219 -1019.274719238
Z 5956.205566406 -5028.507324219 -2135.523193359
V 607.434753418 55.459625244 640.851806641
V 7082.721191406 3430.185791016 4815.294921875
Z -382.639343262 266.955657959 -502.045745850
V 6533.208984375 -1571.481689453 14849.546875000
V 406.605987549 -210.562026978 -1482.721191406
V 877.968872070 16.566690445 453.480377197
V 747.414489746 -2226.865722656 -8694.697265625
C 928.068359375 -302.867584229 733.870605469
V 365.222869873 8695.993164062 2390.616455078
Z -2472.368896484 48.971866608 331.975250244
V 829.007629395 -164.891647339 313.252380371
Y 12597.369140625 10087.646484375 -570.440734863
V -1691.469360352 -4593.621093750 -5320.155273438
C 874.142944336 34.360706329 663.118469238
C 823.897705078 -445.862243652 719.829406738
V 9586.861328125 1148.021362305 2264.295410156
V -8384.719726562 4671.036621094 1974.815063477
V -2428.826171875 3107.305908203 -9947.354492188
V 614.108642578 -378.295684814 571.343322754
Z -2462.302490234 47.751026154 323.706054688
V -8392.537109375 -2020.735839844 1396.854736328
Z 2037.832641602 -2904.952392578 1942.617553711
V -664.695068359 430.593353271 -1419.013427734
W -5705.890136719 -3175.661621094 -4207.557128906
V 1608.135986328 4033.306152344 8018.457031250
Z 3641.371093750 -4146.450195312 -617.521789551
V 519.503295898 -245.881546021 636.348327637
V 9019.874023438 -746.209350586 -1586.893188477
Z -2217.150390625 -1048.473266602 1145.003784180
W -282.197631836 594.394714355 -1231.792358398
Z -1747.387573242 869.101867676 -438.660400391
V -1549.440551758 -386.143096924 333.875549316
I -13829.414062500 4667.834960938 -10.002923012
V 725.100524902 -388.342468262 801.563049316
I -19067.523437500 25122.195312500 15921.371093750
Z -742.826843262 2416.627441406 57.447708130
W -2987.416748047 6690.701660156 4182.203125000
W 10898.505859375 5870.312988281 -782.075195312
V -7467.656250000 6021.003417969 -592.181945801
Z -3319.551025391 842.523620605 -1926.369506836
V -166.711120605 162.922042847 -142.460464478
C 927.002258301 -118.504577637 362.604583740
W -1612.546020508 -385.109985352 336.940277100
Z 311.381317139 2701.818115234 -245.662811279
V 113.164520264 1170.093505859 -842.564208984
V -2522.116455078 -2688.309814453 308.877319336
Z 6798.462890625 5015.797363281 -4377.413574219
Z -26698.890625000 6570.729980469 -20582.273437500
V -55.185482025 859.838806152 -986.877990723
V 427.684539795 -346.018890381 -8034.613769531
V 4561.885742188 2112.307373047 -6695.047363281
C 988.939270020 -45.102241516 517.351806641
V 1004.103881836 -108.998535156 548.730651855
C 639.713134766 -149.144607544 687.050415039
V 750.120727539 -508.876037598 515.927307129
Z -2469.743652344 1477.609497070 1250.802856445
C 595.628173828 -75.897651672 488.814392090
Z 93.728172302 -35.073410034 250.346084595
V 3687.191162109 38.722038269 -1785.682983398
V -7833.961914062 5545.683593750 1753.521728516
C 588.028564453 1.670490742 615.761901855
V 804.132080078 -369.571044922 374.236633301
V -171.629699707 -775.287780762 551.973571777
V -1248.429565430 -721.340515137 -160.216751099
Z -1265.938720703 -1422.950927734 2976.021728516
Z -685.423889160 1455.998901367 -3004.278808594
W 589.009399414 -238.358566284 351.510864258
V 309.588714600 1194.262329102 -750.698608398
Z 3031.786621094 -9645.664062500 18037.818359375
W -4228.383789062 -4806.230957031 -9506.225585938
V -4702.661132812 -4489.288085938 -5322.739257812
C 783.065673828 -454.322326660 713.756652832
V 735.084411621 -81.249176025 767.473815918
Z 1232.961547852 -367.982727051 751.342529297
C 610.321411133 -168.021499634 541.140991211
V -176.837112427 800.955505371 -655.362976074
W -2514.643310547 -2538.506347656 -9238.091796875
W 897.783447266 -127.033950806 356.030151367
Z 1286.128417969 3180.449707031 -935.783874512
V 910.504394531 -2.877590418 533.954895020
I 18772.628906250 -6388.996093750 -20454.119140625
V -1738.872802734 1390.152832031 -311.155212402
V 940.053039551 -134.816665649 672.417846680
W 518.211975098 -258.366638184 529.337280273
I -8064.663085938 -32789.148437500 4166.355957031
V -143.395126343 -669.878112793 -1253.421020508
C 347.905120850 -126.475051880 243.821746826
W -9273.214843750 2737.070800781 1611.377075195
V 948.957458496 -154.052993774 382.763397217
W 9046.963867188 -1227.284545898 6751.528320312
Z -5109.839355469 11055.057617188 10858.487304688
V -305.702270508 -1234.771972656 -877.045715332
C 567.107543945 -149.439346313 624.871520996
V 4783.350585938 -6569.204101562 -7694.366699219
W -3992.928955078 3531.990234375 -5008.361328125
V 878.511352539 -75.608314514 685.412231445
Z -222.176559448 71.842231750 -184.904556274
V 917.667114258 -149.840438843 722.913024902
W -5619.210449219 -3720.660888672 -2231.064208984
V 518.475341797 -2484.927490234 -960.605102539
Z 1543.214477539 -532.005004883 890.805358887
V -1440.109252930 5628.186035156 5688.973632812
Q 444.158569336 156.733413696 336.209899902
V -6227.771484375 -1569.029418945 6134.440429688
W 214.235748291 1176.152221680 -3693.641357422
I -647.979431152 -33389.421875000 -8210.926757812
Z 2012.063232422 2860.068603516 1978.320922852
W -240.153335571 3897.503173828 7226.224609375
V 49.549797058 1110.843627930 -900.714050293
C 789.263061523 -256.389343262 341.821990967
V -1454.450073242 7059.455566406 8175.896972656
C 941.575927734 -236.056060791 414.270019531
I -22653.990234375 -17452.744140625 -20256.964843750
V 544.731506348 -365.280029297 538.975219727
W 812.079162598 -37.352741241 774.106750488
Z 393.103729248 21.409696579 91.205711365
V 1130.541748047 622.714721680 -1148.021606445
Z 4897.393554688 -2454.266601562 43.959129333
W 1677.646606445 -907.525268555 789.174926758
W 917.500854492 -402.491546631 615.741027832
C 589.680419922 -357.847961426 572.829895020
V 921.971801758 -285.555999756 644.918884277
W 2145.271240234 500.965667725 -1826.849121094
V -2679.982421875 -14811.693359375 4715.955078125
V 676.019653320 -32.485080719 641.534118652
W 831.112915039 72.639610291 481.894775391
W 10633.706054688 -9448.338867188 -2406.199707031
W 691.233947754 -299.610260010 485.468750000
V 196.443557739 1185.282104492 -861.354675293
V 864.619873047 -34.046546936 399.986236572
V 714.093627930 -315.444335938 786.474487305
Z 511.591918945 -3488.086181641 1718.890380859
Z 5490.101074219 -3017.151611328 -1417.395996094
I 15003.374023438 -5090.887695312 -21995.214843750
V 299.299957275 -159.533462524 115.844032288
W 338.824981689 852.719482422 -10576.361328125
I -14449.901367188 -3978.674316406 3440.227783203
Z 377.804168701 -3068.117187500 2989.338867188
Z -10962.401367188 -8054.274414062 -1948.680664062
V 865.257324219 -247.855072021 315.987304688
Z 1378.600341797 2534.105468750 -847.441833496
V 7657.227050781 7229.151855469 1258.890991211
Z -1473.983032227 3022.227539062 3467.674804688
Z -164.466567993 160.029251099 -617.295776367
C 610.398620605 -251.400650024 594.923034668
V 544.222839355 -262.697937012 650.157958984
W 431.304962158 -175.131408691 379.153381348
V 2040.291992188 404.424041748 -1094.089721680
Z -3191.303466797 1367.070190430 3298.482421875
Z -5174.054687500 4253.510253906 -5778.755859375
Z 543.735900879 2905.552246094 -466.851837158
C 729.372619629 -371.898742676 317.195434570
V 689.390319824 -418.776184082 500.590240479
Z -6167.372558594 -5788.008300781 -769.431396484
V 33.393745422 -1194.843872070 79.259864807
V -653.903808594 445.493652344 -412.050506592
V -924.264587402 1140.833740234 19.977390289
C 598.451354980 -52.905220032 518.601135254
Z 786.984558105 -3254.424560547 975.656311035
C 623.270202637 32.462429047 599.456848145
V -3355.281738281 -718.078430176 -140.340927124
V 685.644714355 -392.928588867 646.351074219
Z -1622.599121094 -2682.487548828 1279.392456055
C 566.648681641 -135.093276978 622.224731445
W 5719.761230469 4477.867675781 5457.306152344
Z -1242.941894531 -649.258300781 3370.289062500
Q 616.297119141 -50.210338593 387.243560791
V 690.551574707 -406.143737793 492.522918701
W 1176.280029297 1377.605102539 -5615.477539062
V -556.007812500 -634.695739746 -968.764892578
V 438.711090088 -2323.755371094 130.474548340
V -355.521881104 1267.614257812 -735.002563477
V 831.094482422 -459.607635498 483.121002197
C 868.299743652 -324.111999512 383.907196045
Z 4360.392089844 10557.826171875 14209.593750000
Z 396.356414795 3727.634277344 -216.245040894
W -7907.421386719 -5297.098144531 -4954.052246094
Z 4494.611328125 -2148.795898438 -152.739166260
Z 947.567260742 -826.130310059 -3157.648925781
Z -376.493469238 -50.038658142 -536.214843750
V -6063.822265625 7325.096679688 4073.723632812
Z 6197.251953125 -12660.577148438 -3591.304931641
I -14691.101562500 18609.011718750 15162.395507812
W -1885.011230469 -1376.020629883 549.518676758
Z 1194.847412109 -1230.828002930 -2832.777832031
V -1119.568359375 7585.702148438 6366.290527344
V 608.182983398 -273.675476074 359.568359375
Z -168.390502930 172.589965820 -500.571716309
Z -4670.185546875 2291.872558594 -3613.116943359
V 139.750686646 -826.469055176 -7767.795898438
Z -341.037078857 1645.038696289 3120.891845703
V 869.683349609 40.620342255 441.944702148
V 845.944152832 -7.226151466 708.786621094
V -1793.932250977 2648.940185547 427.091827393
W -2848.202880859 -7207.692871094 -2067.783935547
C 870.599548340 -117.294776917 375.938262939
W 1859.406372070 906.447082520 -6055.703613281
V -165.549331665 -339.045837402 -225.220947266
W 785.076843262 -224.912445068 583.919860840
Z -712.272033691 -2753.508300781 2204.947509766
V -556.848022461 321.074279785 -1061.983642578
W -868.450317383 -13281.871093750 -5927.433593750
Z 876.596801758 -146.624450684 439.715972900
Z -1717.026855469 -2591.616455078 694.388610840
V -643.013854980 -3445.635498047 -5675.087402344
V -6264.994140625 -1467.290039062 -6189.613769531
V -1328.100463867 -146.157348633 -8522.149414062
V 752.093811035 891.667907715 -918.782653809
Z -1588.166259766 -568.683776855 2715.382080078
V 10147.407226562 5264.160644531 172.940261841
A 737.501403809 -252.710250854 225.543228149
Z 78.426185608 -209.120025635 -425.171112061
Q 630.890441895 -280.396728516 220.555252075
C 632.088317871 -384.092437744 624.905212402
W 4659.559082031 -8019.258789062 -206.765045166
V -129.001419067 -2661.285156250 8611.826171875
V -565.674987793 -9070.717773438 1860.021972656
I -2669.650634766 14773.774414062 -35091.382812500
Z -204.563186646 233.205612183 -99.066368103
C 843.786560059 -168.963256836 381.308441162
Z -1069.634643555 -710.742736816 -2899.397705078
V 775.856750488 -95.909278870 807.347534180
V -734.509765625 8214.024414062 -218.412429810
V 791.608825684 -464.959472656 694.174560547
Z 1504.738769531 -275.880889893 1412.304687500
C 618.876281738 -164.933151245 667.395690918
V -5456.361328125 1637.602050781 -4653.339843750
C 821.910095215 63.475429535 545.169250488
Z 2688.917480469 -1841.925415039 1417.231445312
V 457.308441162 -149.889389038 399.068908691
C 755.814453125 -389.750732422 776.450561523
Z -2075.161621094 -688.520507812 3688.083740234
V 572.744873047 -269.216918945 730.917907715
C 855.745422363 -331.854003906 784.673156738
W 8714.535156250 2185.490966797 -4800.974121094
V 869.310363770 8.723134041 421.976226807
V 1172.500976562 5932.770507812 6709.460449219
Z -1690.046508789 1062.147460938 -1240.418090820
Z 26237.789062500 12110.482421875 3078.223632812
W 3289.379882812 -10772.155273438 -9840.370117188
C 491.721557617 -137.379806519 629.932983398
V 903.191345215 -180.357620239 644.057250977
Z 623.248962402 -3195.904052734 1475.734497070
Z 2510.524169922 -3152.539550781 3096.231933594
V 880.809936523 -259.963134766 322.736846924
W 35.311733246 1190.601196289 -897.754821777
Z 83.132308960 -241.667648315 -56.565788269
Z 2521.732666016 -2461.830566406 1416.947998047
Z 901.008544922 3151.669189453 1606.947509766
W 492.367034912 1413.398071289 -465.120635986
W -10388.882812500 204.791610718 6969.054687500
V -628.701782227 -327.287658691 -56.746013641
V -1339.903686523 -443.645935059 93.134063721
Z -2730.908203125 -3159.495605469 -4028.999267578
Q 423.947967529 -56.727485657 544.046691895
W -1418.942871094 -368.493316650 285.394378662
C 612.378662109 -305.957183838 420.328399658
C 564.659729004 -204.546630859 427.556365967
V 929.520690918 3306.985839844 7696.677734375
Z 2016.216796875 2948.244873047 656.990173340
V 698.782653809 -468.969268799 602.576599121
V -1146.231323242 2507.645507812 -839.051452637
V -3119.071044922 -1749.891479492 264.596343994
Z -3380.552246094 -16311.180664062 8459.443359375
C 616.747924805 -124.086791992 608.440917969
W 639.310363770 -379.635498047 743.251403809
V -3246.714843750 -6429.070800781 -4935.494628906
Z -2236.459960938 327.903747559 335.355041504
Z 3025.543945312 13335.740234375 8563.073242188
V 1159.327758789 3575.933593750 8238.946289062
C 568.829772949 -262.748016357 544.733947754
V 845.396972656 -42.153182983 353.467163086
W -1706.600585938 -375.615539551 351.445037842
C 569.597290039 -137.531448364 470.585113525
V 641.247070312 -162.060394287 795.029541016
Z -2193.296386719 -2065.057128906 -2350.527343750
V 1934.079833984 -3507.389160156 -882.764343262
W 11240.573242188 -879.210571289 260.860900879
V 654.278442383 -425.440887451 644.617736816
V 4982.196289062 -8049.136230469 -680.983764648
Z 67.497077942 -197.228332520 28.750759125
C 812.177490234 -156.570281982 379.621673584
Z 8148.161132812 -1331.238037109 7250.047851562
C 509.608489990 -325.449005127 464.836273193
V 92.554710388 1170.813110352 -928.855224609
V 660.709777832 -423.858184814 629.646057129
Z 1686.157836914 -325.648590088 -3149.868896484
V 835.900451660 -66.522972107 379.021423340
W -1923.595581055 -473.239135742 440.367126465
Z -2337.489257812 -438.697296143 365.553283691
Z -8696.763671875 -786.651916504 -2663.594238281
V 2267.723144531 -874.103454590 -3439.568847656
V 8262.730468750 1000.151367188 5458.990722656
Z -2528.551757812 -345.795379639 433.222045898
I -13544.386718750 -19731.914062500 15236.041992188
V 2465.318603516 -3503.412353516 8171.012695312
V -478.661315918 1623.165283203 -135.017333984
Z 238.713119507 2240.089111328 -1181.429443359
Z -4904.834960938 -11766.352539062 -8639.127929688
V -3126.367187500 5207.659667969 -4291.156738281
W 6675.768554688 -2038.575561523 7354.856445312
Z -2144.831054688 -1961.325927734 1301.870849609
Z -571.706237793 -238.414642334 -205.765335083
W -1732.198608398 -203.022628784 137.346145630
V -516.365661621 -497.801361084 -778.105957031
Z -2003.696289062 979.250305176 4.144870281
Z 347.775451660 -99.406593323 20.592308044
V -693.702880859 -602.675903320 -1202.914672852
V -832.312072754 -843.294006348 -323.393066406
Q 484.196746826 -468.574737549 461.104370117
W -1706.938476562 -379.555541992 348.489013672
V 314.039611816 -5639.203613281 -2804.502685547
V 986.143249512 -180.988616943 450.502899170
V -1620.871948242 -6556.896972656 -1116.967407227
W 658.351013184 39.459922791 563.493530273
V 759.226196289 -73.296218872 348.999969482
Z 649.191894531 -3406.458496094 -2081.600830078
W 621.351623535 -295.802062988 299.440979004
W 219.306976318 3824.699218750 -7437.016113281
W -5458.250000000 -3330.663330078 -2093.130126953
V 243.249267578 2510.673095703 -2675.062011719
Z -1829.411499023 -2591.598388672 -1573.105102539
V 874.230041504 -432.560668945 544.038085938
C 780.402221680 -187.372711182 346.925994873
C 630.747131348 -179.312088013 371.898284912
Z 614.999755859 -2045.353027344 284.182098389
V -9389.601562500 2887.891845703 1126.005004883
V 834.347229004 26.634218216 673.341979980
V -4712.433105469 5732.290527344 3629.367675781
Z 1680.493408203 407.918823242 1869.914916992
V 422.138610840 -215.493759155 361.416198730
V 735.710571289 -447.307800293 525.455322266
I -4596.554199219 6508.381835938 12435.075195312
V 668.633789062 -130.887176514 595.083129883
I -9349.160156250 26171.707031250 -2383.860839844
W 970.241394043 -329.616058350 505.592742920
W 828.843627930 -361.351135254 817.615112305
Z 3812.713134766 -3450.799316406 229.063980103
Z 2438.713867188 -2637.763671875 -208.245208740
V 126.807876587 -1301.053955078 8733.898437500
W 968.145446777 -77.076843262 437.237518311
W -2476.536865234 649.728332520 384.315093994
Z 13464.704101562 5038.678710938 -8582.718750000
V 809.027282715 -498.550048828 563.825988770
W -128.859390259 -724.888916016 -1490.260986328
V 1.517622352 846.538146973 -1161.660278320
W -2132.541503906 -982.340698242 285.687072754
C 653.361633301 -101.182533264 476.595245361
V -1433.035522461 -554.695617676 -47.640735626
C 792.998229980 -404.832458496 433.756530762
W 3078.156250000 -9573.969726562 -5223.286621094
V 1120.769287109 7487.997558594 4911.521972656
V 771.170349121 -432.191009521 433.033630371
C 706.199035645 -247.860076904 338.161956787
V 5905.471191406 3398.515869141 945.056579590
W -1678.630371094 -364.722015381 345.114776611
Z 181.976806641 1084.387573242 247.666152954
W -1680.270263672 -379.226409912 339.746582031
C 626.230834961 -82.659461975 480.555603027
W 3579.675292969 6435.723144531 -982.537292480
V 845.181274414 -465.536407471 588.234375000
Z 2217.480468750 1640.044799805 -1435.253295898
C 554.758544922 11.896474838 571.108093262
W 9711.730468750 -11632.613281250 -1205.649536133
W -3479.951416016 5525.578125000 -1283.988403320
C 619.063171387 -184.711380005 778.001770020
W -2495.930175781 194.472625732 -10873.657226562
V 750.179565430 45.320705414 644.393005371
V -615.704284668 -1107.746093750 -503.485992432
W 749.033325195 -85.902458191 531.276489258
V 1818.408325195 -6278.739746094 -5225.641113281
I -12170.947265625 9501.866210938 -13364.534179688
C 610.362365723 -264.073303223 709.312072754
W -1697.628173828 -373.397186279 340.424957275
V 685.670104980 -346.086486816 785.818359375
W 668.735839844 98.196739197 484.495300293
V -1509.655883789 -324.327056885 340.130218506
V 527.702087402 686.767333984 -833.514404297
Z -12748.406250000 5930.235839844 -11091.614257812
V 822.782653809 69.806861877 624.811523438
C 597.159973145 -372.436584473 561.600769043
V 664.729980469 -90.894401550 -1706.933471680
V -182.465362549 1082.660888672 -874.168945312
V -8678.929687500 -3087.274658203 1415.013916016
C 928.132873535 4.615523815 556.874572754
V 970.854492188 -278.117584229 607.430541992
V 651.852111816 -5108.656738281 -5550.412597656
Z -218.553863525 4.367327690 -670.478149414
V 823.930908203 -40.188823700 506.592254639
W 414.738311768 -164.103652954 480.699676514
C 870.501220703 -224.534851074 297.615020752
V 879.615722656 -439.132324219 458.833129883
I 15741.074218750 -19158.843750000 24315.355468750
W 8380.674804688 -6075.185058594 4093.134033203
Z -13947.614257812 1581.264160156 8244.666992188
Z 5391.423828125 -14163.997070312 -3171.841308594
Z 1565.280029297 1799.711181641 -1410.191772461
Z 733.591979980 -233.915054321 534.136230469
Z -2423.283935547 -1753.896728516 700.697143555
W 424.599151611 20.075033188 569.890136719
V -919.380493164 -651.953857422 781.782592773
V -4478.520019531 -4002.187988281 4661.865722656
A 413.987518311 -404.998809814 457.722686768
Z -201.073226929 -68.826049805 -214.292480469
W -4847.704589844 -2729.550537109 -4109.055664062
V 764.679626465 -188.507720947 564.371459961
Z -12930.643554688 8113.389648438 -680.334594727
V 432.319122314 -742.269653320 227.663986206
W 957.564025879 -214.607299805 376.466125488
Z 2544.409423828 -1272.234985352 -1495.742553711
V 844.935546875 -465.552368164 475.100860596
V 1445.878906250 2641.566650391 8599.668945312
Z -1435.007690430 -3172.883300781 -315.457336426
C 996.034057617 -243.124893188 443.377349854
C 719.515686035 35.371063232 495.743133545
W -960.906616211 9520.508789062 -2899.665283203
V 6337.614257812 8767.666992188 1540.944335938
V -105.637168884 214.523422241 -1494.143188477
V 4838.277832031 3928.643798828 -5636.221191406
C 778.210205078 -65.108383179 389.794616699
I 13141.271484375 25620.277343750 12143.905273438
V 952.023864746 -140.054122925 361.045928955
V 722.101989746 -408.735931396 378.313903809
Z 432.271606445 -3884.802490234 650.971618652
V -8813.072265625 -139.552597046 3246.281494141
V 6141.140625000 -3344.085937500 5799.908691406
Z 2257.263671875 -2194.021972656 1674.878295898
V 481.068389893 -6101.725097656 5014.416015625
V 4920.266113281 8828.247070312 -1934.412475586
Z -354.476440430 116.075820923 -272.994781494
V 860.112609863 -232.290786743 391.133392334
V -663.402160645 4354.529296875 9023.399414062
V -4266.138183594 4607.287109375 9245.782226562
V 3869.955322266 -2921.750976562 -5811.848144531
C 780.444030762 -117.401977539 360.095733643
V -603.845825195 -1294.468872070 -994.569824219
Z 58.422664642 66.105049133 -48.558109283
V 937.102539062 -10.679867744 564.564208984
Z -498.985443115 -1529.069824219 -3345.337402344
V 3226.528320312 4723.784667969 2284.606445312
W 571.013427734 -289.540374756 295.069641113
V 6029.395507812 3603.331054688 -5593.686523438
V -1369.166992188 -394.621215820 298.471496582
V -521.586975098 -6054.686035156 -5955.723632812
V -284.089904785 -8228.899414062 3996.051269531
W -2045.525268555 -4178.113281250 -8640.240234375
I -2161.420166016 19650.458984375 -25101.648437500
C 622.880676270 -319.251922607 583.772216797
I -7436.727539062 -12605.533203125 -687.571594238
Z -2668.995849609 -381.460601807 892.302490234
V 6802.649414062 -4193.633300781 -3121.954589844
Z -200.982894897 255.231445312 -486.257263184
V -1417.984252930 -3251.239257812 4419.711425781
Z 15858.301757812 -972.174133301 -4080.323486328
Z 2263.540039062 2804.729736328 2679.633056641
C 341.796722412 -191.696487427 657.795715332
V 916.278503418 -366.760223389 432.090698242
V 1012.087951660 -128.057189941 579.908325195
Z 7687.847167969 8817.786132812 16846.382812500
Z -63.901340485 -38.333576202 -43.194366455
Z 1326.763427734 -787.633239746 944.072082520
Q 687.326416016 -330.081359863 249.452560425
V -883.233337402 -366.046875000 -674.984680176
V -1326.835327148 -2478.170898438 4637.351074219
W 614.082458496 -36.834724426 589.861938477
V -7143.426757812 6648.349609375 4450.670410156
Z -1698.259155273 156.476882935 2709.346191406
V -57.325328827 356.125640869 -231.586990356
I -11235.229492188 -4279.083984375 9975.786132812
W -1630.202758789 -386.655029297 329.899414062
W -1607.654052734 -385.381317139 327.759033203
W -6103.465332031 457.332519531 9485.442382812
Z 2951.913330078 -2548.438232422 -2316.154296875
Z -629.214904785 2176.630126953 -1880.179077148
I -19102.564453125 5947.977050781 3734.872802734
Z 1214.638305664 -558.414855957 732.075317383
C 698.253173828 -204.194091797 287.134643555
Z 2965.298583984 2852.232421875 -697.325622559
Z 5109.459960938 -558.082763672 -2190.474853516
W 7719.657714844 2753.541503906 4743.541503906
W 4511.097167969 7070.113769531 1208.239013672
Z 200.956634521 -4414.416992188 -49.514236450
Z 18.860689163 206.055084229 -99.080307007
C 752.016296387 -390.310119629 790.439636230
Z 2187.348876953 -486.406341553 1243.845581055
Z -11003.701171875 10088.709960938 -3210.255615234
C 687.968017578 -131.465454102 137.953292847
Z -561.875976562 1294.658081055 4075.460693359
W 3211.837158203 6879.367675781 -552.040832520
Z -2485.230712891 525.527893066 1073.759155273
V -321.275421143 1017.629028320 -912.550354004
Z 30.057170868 138.263305664 49.815185547
C 607.885070801 -310.265380859 680.000488281
V 714.557922363 84.032577515 529.340270996
V 933.580139160 -355.200439453 20.308380127
W 94.868606567 725.684631348 -1366.248901367
V 4106.676757812 -7508.306640625 -3313.886474609
V 339.147827148 3151.792724609 -2058.321533203
Z -2215.382080078 -1216.071533203 550.680236816
W 7130.377441406 11607.071289062 -3556.146240234
W -1586.644897461 -357.507080078 329.133361816
Z -1557.085815430 -588.267028809 2869.821777344
V 548.520263672 43.638256073 513.451293945
Z -1323.553344727 1049.113037109 -1084.417724609
V 767.697143555 -90.441360474 664.531982422
V 505.143829346 -457.251464844 -1607.101928711
V 892.368652344 -24.465103149 451.990051270
V -2323.293212891 8379.181640625 1882.960571289
V -336.816040039 -853.599121094 -1458.952880859
Z -860.216796875 2046.135620117 -667.402404785
V 635.975891113 -228.913635254 822.144836426
Z -2769.557617188 -426.549072266 526.608947754
Z 83.026039124 -6.793143749 -3.065007448
C 425.678649902 25.646224976 300.402252197
V -1570.144531250 -522.185852051 144.239715576
Z -13625.592773438 12475.683593750 2683.620849609
C 604.795898438 -106.747535706 645.599121094
Z 900.078430176 -494.160186768 -264.023040771
Z 15623.331054688 7164.398437500 -358.608825684
V 4433.915527344 7725.789550781 6985.441406250
V -1036.538452148 -891.521423340 -215.636428833
