533

A 285.487701416 -40.349998474 102.712417603
A 77.138977051 -142.300643921 307.175170898
A 251.420730591 -109.559654236 334.361236572
A 205.942779541 -226.781539917 208.950317383
A 316.329925537 -32.067226410 243.876892090
A 327.845642090 -73.982238770 219.131332397
A 236.469436646 -165.625579834 234.926574707
A 232.564361572 -83.128684998 333.392120361
A 249.842926025 -3754.205810547 -35801.773437500
A 324.964294434 -104.735908508 199.580825806
A 89.849601746 0.509076834 95.721481323
A 239.109329224 -59.258995056 296.022338867
A 234.577651978 -211.103012085 163.176406860
A 293.303192139 -20.909856796 284.098846436
A 51.804248810 -35.760139465 114.221343994
A 2462.016845703 -567.351745605 5433.844238281
A 192.450180054 -101.147186279 354.882324219
A 141.433898926 -209.206268311 274.563262939
A 72.696998596 -129.734909058 212.560089111
A 237.942855835 17.162191391 97.979782104
A 175.125579834 71.413139343 246.436187744
A 322.726531982 -103.451629639 225.078308105
A 163.999359131 -103.629241943 356.400848389
A 4484.197753906 3382.445800781 3.128249884
A 223.662078857 26.604690552 307.562622070
A 229.863952637 -219.356643677 226.702239990
A 254.544418335 -5.275903702 315.091369629
A 322.887786865 -53.516639709 240.374679565
A 306.945159912 -147.199417114 177.779495239
A 142.163558960 -40.774467468 73.797554016
A 157.685470581 67.100379944 141.729644775
A 321.288940430 -77.798255920 246.957214355
A 321.856964111 -43.337951660 175.105834961
A 237.809783936 -199.696716309 269.200225830
A 303.187255859 -146.222991943 245.925460815
A 64.619697571 -141.110214233 111.779724121
A 189.108612061 -3.177746296 338.405700684
A 76.086181641 41.730987549 217.623031616
A 319.261993408 -97.884750366 157.411682129
A 24.990846634 -78.695526123 235.838012695
A 284.513122559 -107.372856140 100.096290588
A 91.578453064 -75.717544556 69.532447815
A 108.919052124 11.492745399 89.951522827
A 209.749893188 -189.775482178 303.575164795
A -837.278564453 281.241210938 212.082427979
A 223.224273682 -10.645256042 72.279624939
A -34494.929687500 45575.851562500 28967.228515625
A 152.823898315 70.156661987 242.928802490
A 108.951545715 40.310260773 282.540527344
A 105.623611450 -116.485984802 208.798706055
A 48.796340942 15.760393143 198.387130737
A 37.400409698 -45.203845978 133.297058105
A 68.471817017 -110.943229675 90.125450134
A 96.625297546 -156.771301270 312.240142822
A 188.146743774 75.064140320 229.080551147
A 155.673095703 -226.796035767 238.000900269
A 111.358901978 38.085910797 118.195877075
A 68.669418335 -192.046630859 213.877258301
A 57.582557678 -158.119384766 267.594909668
A -47427.023437500 11696.258789062 -36569.914062500
A 88.112274170 -53.636138916 73.558547974
A 173.333374023 -72.716087341 358.921722412
A 91.062614441 -130.980728149 321.541687012
A 129.864151001 -197.378311157 290.912414551
A 54.888980865 -178.934036255 199.489181519
A 242.465499878 -164.061431885 96.189567566
A 187.189926147 79.059822083 210.067779541
A 275.521850586 -189.874893188 177.490585327
A 282.314025879 -179.715957642 235.401138306
A 315.645996094 -135.371887207 203.513183594
A 313.476837158 -62.630317688 138.789886475
A 282.606292725 -125.322296143 160.387634277
A 269.038726807 -171.186431885 128.124130249
A 66.789039612 29.968660355 240.503448486
A 77.036140442 -186.348083496 261.113250732
A 42.105648041 -116.270637512 128.065872192
A 243.514007568 -27.648067474 74.565513611
A 205.193954468 -144.807907104 338.449981689
A 246.249160767 15.288755417 305.403350830
A 154.629211426 10.396940231 73.849754333
A 2922.306640625 -8945.302734375 16818.605468750
A 231.972183228 -9.276214600 329.053924561
A 100.411445618 -168.055923462 102.258621216
A 271.327911377 30.534715652 259.778259277
A 143.935546875 -119.191177368 56.043712616
A 37.038059235 -126.482910156 261.291595459
A 302.628601074 -63.905628204 118.526275635
A 177.718872070 -186.177673340 312.309020996
A 217.690124512 -31.732765198 345.630859375
A 135.897689819 -145.996627808 336.644317627
A 93.524917603 -173.480010986 294.297271729
A 116.561950684 -219.635650635 204.574478149
A 28181.351562500 -9607.329101562 -30613.662109375
A 303.585418701 -100.899742126 281.487182617
A 98.651962280 -193.575897217 135.272308350
A 316.500061035 -111.277374268 247.061294556
A -14148.581054688 -57993.175781250 7412.824218750
A 101.401687622 -109.739578247 67.850723267
A 225.035903931 -136.628570557 337.092224121
A 316.759216309 -121.231445312 167.037063599
A 51.870681763 -86.845115662 299.728302002
A 46.857986450 -62.580909729 116.480583191
A -1889.048583984 4346.972167969 4485.834960938
A 82.640716553 -155.758056641 104.469734192
A 271.841491699 -97.801803589 87.243309021
A 113.281616211 16.384643555 298.801422119
A 252.304519653 -159.151473999 305.666870117
A 159.170120239 -200.225204468 110.410507202
A 53.707183838 -65.751029968 99.500556946
A 157.239669800 -172.911102295 83.599761963
A 33.039772034 -138.222335815 168.189697266
A 257.330261230 -193.812088013 149.527313232
A 39.567127228 -16.434686661 147.243865967
A 209.338119507 -191.452896118 104.674797058
A 164.410827637 -231.978790283 179.110839844
A 286.397918701 -65.137695312 99.040138245
A 152.258117676 -37.257476807 52.529617310
A -1091.743652344 -59556.199218750 -14538.200195312
A 114.042510986 -194.271377563 121.657684326
A 199.012756348 -118.451873779 74.622932434
A 108.331085205 -10.091157913 77.472984314
A 169.117660522 -48.646862030 355.901977539
A 197.157714844 -167.197860718 103.843048096
A 59.276111603 -58.362472534 309.209564209
A -40837.929687500 -31568.015625000 -36547.882812500
A 308.327087402 -12.796655655 247.048248291
A 258.031951904 -200.702270508 169.984741211
A 249.067031860 -134.849929810 324.262084961
A 17.602676392 -72.002624512 215.675979614
A 33.783374786 -8.280549049 200.569015503
A 237.239013672 -57.200263977 343.516967773
A 158.108551025 -5.312264442 339.624023438
A 273.143524170 34.203796387 164.222366333
A 222.560302734 46.725978851 121.640296936
A 273.012359619 -61.377445221 86.158554077
A -600.582336426 -4248.519042969 1486.856079102
A 151.978225708 -142.516967773 61.795940399
A 139.302764893 -222.711746216 247.511703491
A 671.619506836 -541.214294434 77.378082275
A 210.828018188 67.043998718 241.017456055
A 126.322776794 45.618480682 116.963226318
A 80.885223389 -176.029098511 277.622222900
A 210.218704224 -58.595478058 51.756942749
A 189.219787598 -221.178161621 263.578002930
A 31.711172104 -17.444469452 222.137893677
A 21441.261718750 -7295.066894531 -31157.861328125
A 208.038803101 -115.709892273 348.666534424
A 190.440734863 -101.420272827 192.837036133
A -2910.830810547 -867.103576660 926.496765137
A 170.413024902 28.068838120 89.014739990
A 65.408813477 -154.219299316 183.764923096
A 58.475387573 -35.489318848 301.448608398
A 219.714447021 58.400596619 144.440841675
A 68.222877502 -185.850936890 182.986724854
A 111.058593750 22.638492584 307.226196289
A 47.872779846 7.679222107 164.671356201
A 287.674560547 -22.543766022 116.032821655
A 154.710662842 -74.366630554 46.647293091
A 279.039398193 -152.603790283 287.436492920
A 29.361558914 -93.112876892 261.789184570
A 51.085849762 -130.303726196 125.274742126
A 61.857673645 -18.408279419 122.070808411
A 182.241424561 76.502647400 170.848266602
A 203.901123047 41.599372864 298.281158447
A 98.922843933 47.125553131 148.598403931
A 60.084232330 -179.155502319 169.645401001
A 53.528869629 18.537586212 178.478408813
A 45.653717041 -164.559158325 223.659545898
A 70.682640076 38.295867920 186.596801758
A 264.160339355 -200.143463135 210.721252441
A 136.051467896 65.932640076 156.065963745
A 238.702758789 -197.047317505 130.252807617
A 22.517219543 -111.498466492 191.236083984
A 187.272735596 9.323254585 73.760475159
A 261.692016602 50.031303406 189.702819824
A 276.294281006 -129.614501953 101.157279968
A 274.464569092 2.150209188 289.096282959
A 230.408874512 -45.059364319 62.532691956
A 117.903121948 -215.253829956 246.580612183
A 124.370414734 69.112548828 197.615280151
A 213.737213135 -32.533622742 61.399734497
A 31.140254974 -95.238418579 140.883041382
A 314.165222168 -14.150119781 213.720642090
A 237.523040771 -155.997161865 318.570373535
A 139.991683960 59.639339447 265.580200195
A 131.265350342 -9.322082520 337.975067139
A 2983.534667969 6956.964843750 9522.722656250
A 186.939987183 77.093772888 188.989639282
A 66.358543396 -157.318923950 126.976432800
A 304.952545166 -157.114807129 204.092895508
A 139.473571777 -60.095222473 354.605834961
A 33.675407410 -13.558876991 174.417434692
A 271.205688477 -180.108886719 147.003128052
A 576.550537109 -910.094604492 -43.210041046
A -21591.791015625 27489.769531250 22442.042968750
A 35.136867523 -139.272079468 235.391494751
A 231.173461914 -122.973136902 65.580635071
A 182.358276367 -190.740036011 97.622245789
A 57.550453186 25.812160492 216.302459717
A 30.322460175 -38.107227325 154.368270874
A 285.220520020 -132.617935181 294.272857666
A 176.179565430 -99.041542053 49.655673981
A 200.294754028 -158.528518677 72.228614807
A 107.282638550 -202.942855835 264.213775635
A 128.753524780 -135.147277832 67.392517090
A 90.133537292 52.388957977 208.426467896
A 124.839202881 -218.722686768 162.014282227
A 116.879707336 -151.727554321 325.878845215
A 210.621383667 -77.982276917 53.757766724
A 42.069118500 -158.176849365 175.799636841
A 201.295913696 -9.075249672 65.502388000
A 223.315292358 32.737300873 103.467254639
A 65.327087402 -78.309623718 88.654037476
A 121.713066101 -980.584167480 -206.442550659
A 47.125350952 -115.219001770 288.111206055
A 286.872741699 28.910373688 186.211624146
A 188.989517212 -39.926952362 353.136383057
A 63.554679871 -96.476753235 96.447914124
A 198.693222046 -82.820549011 355.156646729
A 184.872024536 -23.774993896 54.896923065
A 244.395156860 -71.341308594 66.600219727
A 293.957885742 -13.688902855 196.361007690
A 143.045181274 -40.919792175 351.982940674
A 201.087997437 55.065929413 124.684150696
A 81.806755066 1.189226627 302.585906982
A 236.446823120 58.281539917 156.764221191
A 227.105819702 -216.859298706 186.507858276
A 173.684066772 -44.398731232 51.168258667
A 158.258056641 -219.778366089 202.168304443
A -5102.195800781 28525.529296875 -67728.148437500
A 41.398021698 -89.960189819 119.349891663
A 113.769927979 -120.043441772 341.005981445
A 119.617774963 -108.834693909 59.533191681
A 154.787155151 -105.824302673 50.672645569
A 154.001647949 76.648963928 205.453048706
A 181.853530884 71.104858398 154.629516602
A 313.822113037 -60.589427948 266.524505615
A 256.341247559 -114.445274353 78.741172791
A 294.739776611 -135.330200195 275.081451416
A 216.752990723 -203.221954346 280.612976074
A 57.442176819 11.458665848 145.757125854
A 278.468078613 -175.055709839 260.171875000
A 288.734771729 18.998802185 161.665710449
A 258.354553223 -87.287765503 74.647285461
A 305.533020020 -126.761405945 140.774276733
A 264.240570068 -33.449138641 84.595046997
A 37.989227295 -106.248603821 274.274505615
A 144.599655151 -187.635437012 308.131103516
A 191.528976440 23.778369904 318.683502197
A 305.031890869 -124.250381470 267.171325684
A 40195.042968750 18528.509765625 4820.744140625
A 511.757873535 -1207.556152344 -803.316955566
A 309.220153809 -96.737533569 132.820251465
A 180.023071289 -230.760742188 198.684402466
A 134.832244873 57.327392578 135.137054443
A 238.887145996 -182.024154663 294.738433838
A 47.697963715 -24.811677933 279.322570801
A 126.194618225 -32.993274689 58.654235840
A 290.093139648 -48.698833466 299.716552734
A 262.327148438 -194.261260986 250.286590576
A 211.918258667 59.352504730 264.346923828
A 145.870681763 45.000843048 107.621475220
A 41.818599701 -71.906402588 285.535461426
A 290.984375000 16.905797958 240.737777710
A 24.582937241 -57.891395569 245.806427002
A 274.007141113 -31.199848175 312.246490479
A 221.894332886 -148.992660522 74.769683838
A 32.974670410 -145.059951782 212.174819946
A 232.075469971 44.872425079 281.805145264
A 272.298095703 -91.360221863 321.792663574
A 178.489868164 -14.700935364 347.246337891
A 234.364379883 64.093315125 224.217315674
A 234.937820435 55.271965027 256.480194092
A 264.695404053 -167.948776245 289.943328857
A 29.777355194 -137.018478394 195.186706543
A -2283.612792969 -11656.528320312 6119.312011719
A 243.232421875 -137.981063843 80.694343567
A 286.866546631 -1.162327409 128.567489624
A 92.744667053 -188.682189941 235.960144043
A 20.485372543 -100.393234253 228.405288696
A 1215.041015625 4735.057128906 3298.907226562
A 173.724014282 30.200710297 155.847900391
A 306.968292236 -21.349166870 146.990447998
A 114.313201904 -176.071807861 306.814849854
A 100.747001648 -22.042341232 332.163879395
A 301.259368896 -151.115234375 159.299224854
A 195.626449585 -106.632781982 51.720993042
A 95.335449219 -133.644104004 81.463165283
A 127.460266113 -105.225822449 349.236389160
A 26.778924942 -63.909908295 191.390701294
A 260.068786621 51.697731018 220.516006470
A 252.599899292 -207.915802002 193.589401245
A 280.684570312 9.451272964 274.284942627
A 181.625335693 -122.867813110 349.848297119
A 135.099731445 -74.623420715 139.853439331
A 274.706237793 39.290775299 208.886352539
A 131.472824097 24.036594391 92.358863831
A 201.040206909 36.765377045 100.319564819
A 108.286483765 -82.244773865 343.855072021
A 170.713470459 -162.126266479 332.007080078
A 315.723449707 -44.396152496 156.199142456
A 290.202514648 -172.655059814 175.999862671
A 316.548522949 -58.411170959 219.103546143
A 83.643928528 -49.338031769 328.097351074
A 304.091918945 -62.856605530 284.242187500
A 327.978698730 -83.427955627 199.871368408
A -20092.853515625 -29505.472656250 22796.443359375
A 142.632507324 -2.153023005 73.543128967
A 77.171234131 38.158397675 162.536834717
A 179.380172729 -208.562713623 283.475830078
A -813.082580566 -2467.833251953 -1551.236572266
A 98.991050720 25.461301804 112.149871826
A 271.643463135 -109.644485474 316.541198730
A 293.073638916 3.782364130 146.147064209
A 24.679311752 -38.845375061 175.423278809
A 324.480407715 -78.321830750 173.886627197
A 22.439105988 -69.530197144 158.311843872
A 150.087036133 13.702291489 327.359985352
A 263.803985596 -45.293933868 325.831970215
A 86.367134094 -103.340904236 76.397270203
A 23.404447556 -44.132278442 228.237487793
A 216.216781616 71.356193542 188.179290771
A 128.813812256 -5.256608963 70.343055725
A 162.622467041 57.374595642 276.932006836
A 44.188606262 -54.472553253 286.824310303
A 213.885604858 72.091255188 212.289367676
A 250.920791626 -206.851913452 235.517822266
A 48.112316132 -153.705810547 250.829833984
A 182.603271484 -213.976348877 134.638183594
A 101.571800232 50.034591675 258.202148438
A 169.291824341 -8.183775902 60.641746521
A 46.380950928 -149.659149170 148.388702393
A 161.507827759 37.881072998 98.737449646
A 253.836395264 32.656162262 278.725036621
A 106.932243347 64.214691162 218.848175049
A 155.113800049 -78.728309631 358.011047363
A 231.047760010 -110.552680969 344.238739014
A 315.175354004 -90.516921997 262.281005859
A 319.357208252 -115.608406067 186.108200073
A 124.680496216 -186.978485107 107.773643494
A 82.192565918 31.481616974 269.962402344
A 258.262603760 41.374183655 151.509094238
A 297.739624023 -78.294967651 294.519104004
A 180.593368530 66.895111084 262.218078613
A -234.645843506 507.571319580 1252.982910156
A 190.793655396 -176.150329590 83.244544983
A -13657.634765625 38318.628906250 -3322.934326172
A 120.544418335 -32.552947998 343.312927246
A 315.567169189 -125.822929382 231.986648560
A 280.214904785 -186.524734497 214.471664429
A 43.898521423 5.730440617 224.268066406
A 167.524002075 -72.434761047 50.625705719
A 135.483627319 -171.690338135 319.763122559
A 299.363250732 -110.726509094 119.924880981
A 6385.234375000 2264.848876953 -3736.901855469
A 155.715408325 77.417869568 187.591751099
A 258.702301025 -63.621433258 333.225128174
A 103.963317871 -41.144863129 67.298416138
A 25.971952438 -118.760208130 234.281890869
A 85.318984985 -178.286666870 127.144844055
A 209.720932007 -221.676010132 162.516403198
A 209.798156738 -7.699643135 337.493286133
A 214.773742676 -204.152938843 130.345489502
A 193.090255737 54.131889343 281.831451416
A 174.046859741 47.692478180 294.053955078
A 174.201400757 34.158798218 311.639373779
A 303.877746582 4.608829975 227.476531982
A 157.714828491 -224.925323486 159.303237915
A 87.308113098 -204.709899902 183.405166626
A 118.621932983 8.634330750 322.563629150
A 256.402679443 -187.452697754 274.251556396
A 113.769889832 -217.362289429 227.336441040
A 105.421028137 61.933795929 185.597183228
A 264.202514648 15.023560524 117.589355469
A 218.143722534 -213.122253418 142.527496338
A 1438.191772461 -1616.643310547 0.785287857
A 90.058288574 50.454868317 178.850967407
A 271.533905029 -153.069442749 114.261688232
A 133.004531860 -83.507278442 53.368671417
A 158.990539551 -215.897888184 136.315994263
A 33.341579437 -21.084611893 245.041656494
A 127.358406067 -211.749740601 142.429382324
A 141.489852905 40.053302765 300.179840088
A -10982.533203125 8566.685546875 -11940.708007812
A 258.365905762 -57.524208069 74.209144592
A 124.185966492 -152.966598511 75.828170776
A 302.067016602 -37.449375153 127.138954163
A 169.992462158 -230.800827026 223.342330933
A 228.828598022 -215.267059326 246.597961426
A 140.110977173 -121.170021057 349.251190186
A -7987.040527344 3753.709228516 -6840.423828125
A 232.796600342 -220.533966064 200.777725220
A 273.952239990 35.774791718 238.412124634
A 232.343627930 -85.505027771 60.062709808
A 87.266204834 -23.235307693 83.957641602
A 316.778625488 -21.163930893 180.597183228
A 142.843032837 -229.631515503 205.745132446
A 44.426593781 -5.102617741 255.147186279
A 153.857086182 27.670631409 315.645111084
A 54.832950592 -3.186743021 129.317947388
A 78.277160645 -190.927246094 156.186370850
A 294.420745850 -85.386245728 106.414505005
A 109.050079346 -56.113277435 343.783996582
A 57.636245728 12.828394890 257.168701172
A 28324.689453125 -34417.015625000 43715.050781250
A 290.150115967 -160.039688110 256.141845703
A -5311.366210938 611.136047363 3362.433349609
A 1180.039550781 -2706.072265625 -427.602386475
A 109.022636414 -192.298980713 282.832061768
A 112.917137146 59.500671387 155.964675903
A 305.473388672 -2.393511534 167.460266113
A 225.762847900 -177.509674072 98.185813904
A 31.394294739 -119.858612061 152.641891479
A 262.581665039 3.313574553 103.854194641
A 211.134780884 69.506401062 162.360046387
A 270.142822266 -131.973175049 311.784057617
A 66.433708191 -125.048233032 99.896606445
A 105.103515625 -154.254074097 86.906639099
A -2578.235595703 1651.885375977 73.628700256
A 222.203079224 -177.207031250 310.592468262
A 130.402786255 -84.771903992 352.732452393
A 288.556488037 -138.360336304 121.783302307
A 119.672271729 60.038318634 249.007293701
A 170.249694824 -19.776062012 339.374816895
A 107.131439209 -215.927459717 183.732406616
A 85.301803589 -74.398460388 335.159851074
A 196.265930176 -227.587707520 181.049453735
A 189.292663574 -210.833999634 255.568023682
A 236.481918335 2.335204363 204.207351685
A 110.322036743 -80.311119080 58.942363739
A 270.249969482 -13.988002777 100.753097534
A 209.227554321 -162.891876221 326.977935791
A 21607.837890625 41982.769531250 20032.701171875
A 65.160446167 -112.680526733 308.538665771
A 216.412139893 13.928946495 323.381958008
A 193.852325439 -228.237762451 228.205810547
A 317.051086426 -76.040878296 149.206405640
A 69.330421448 -23.576047897 99.066940308
A 76.021270752 28.268037796 144.142517090
A 188.640472412 -198.105926514 296.744720459
A 248.353179932 55.844657898 175.590179443
A 30.936113358 -68.280456543 137.409851074
A 35.795608521 -36.750968933 263.138336182
A 182.949188232 -140.825561523 61.811965942
A 116.948684692 -19.006729126 320.473480225
A 82.252670288 -30.129713058 320.141296387
A 184.255310059 -145.369049072 341.400543213
A 304.326477051 -35.690544128 274.347808838
A 293.869323730 21.430521011 211.814300537
A 133.243408203 -224.076797485 181.328842163
A 215.003372192 -49.637310028 349.824707031
A 100.427917480 -205.132965088 155.237869263
A 132.173416138 48.190155029 284.260467529
A 62.124683380 -135.163208008 293.735107422
A 19.066501617 -101.697837830 206.995239258
A 147.179855347 -186.017105103 97.216316223
A 176.045104980 64.284721375 132.477432251
A 139.497116089 -25.711229324 228.250671387
A -3573.806884766 32851.578125000 -41979.664062500
A 262.853515625 26.168760300 132.103164673
A -367.890777588 -993.075073242 139.374908447
A 63.536117554 -153.774383545 283.893554688
A 290.634307861 -159.669555664 146.183837891
A 71.252105713 -48.770538330 86.984458923
A 220.661499023 10.989214897 83.090652466
A 6141.783203125 -394.676452637 -1367.333251953
A 298.442169189 -5.959708214 263.039001465
A 190.397384644 -61.600841522 48.911808014
A 83.213188171 18.067234039 286.865844727
A 92.579704285 -209.712799072 213.569549561
A 7043.504882812 8042.245117188 15387.100585938
A 244.661590576 37.609668732 128.096206665
A 18.360780716 -80.176727295 176.000686646
A 74.812271118 -15.242984772 308.654296875
A 15.676523209 -57.189044952 196.531173706
A 249.075317383 -177.794555664 115.522300720
A 290.652435303 -175.527557373 202.800338745
A 80.962135315 6.332192421 251.081451416
A 69.275901794 -82.187728882 318.691253662
A 24.662120819 -31.276626587 202.360916138
A -2804.605957031 -1129.870849609 2760.559082031
A 136.208251953 70.654518127 175.189468384
A 167.510131836 -155.369033813 67.560234070
A 96.583885193 -76.449874878 315.587951660
A 59.759498596 -5.264028549 280.740264893
A 85.995582581 28.163753510 126.119415283
A -16790.171875000 5319.729980469 3449.127197266
A 65.048156738 -169.208770752 142.042678833
A 207.601455688 -70.030525208 355.410675049
A 85.100601196 -201.564544678 240.829452515
A 29.611589432 -71.081756592 264.565002441
A 255.271331787 16.120782852 266.614562988
A 249.316711426 52.994297028 240.171554565
A 144.601791382 72.049095154 224.811706543
A 305.842864990 4.559125900 192.900314331
A 324.568359375 -37.447261810 211.330429077
A 194.295516968 -204.517532349 117.451347351
A -2252.255371094 2094.572021484 -446.748718262
A 78.646926880 -103.918685913 324.110870361
A 199.167007446 -127.054115295 56.646884918
A 237.703048706 64.331398010 197.281356812
A 184.833450317 -174.456756592 323.465911865
A 72.476844788 2.698955297 113.018424988
A 304.602325439 -153.133178711 226.312683105
A 246.540481567 -5.823497772 86.455108643
A 209.512847900 -218.453292847 253.739868164
A 242.023574829 -85.366149902 346.304351807
A 123.819793701 -58.753574371 54.652580261
A 84.283531189 43.192005157 244.007766724
A 177.196670532 51.571830750 113.515319824
A 327.413726807 -55.914955139 193.081649780
A 217.372909546 -1.217257142 181.728607178
A 157.375991821 -199.315505981 295.639099121
A 98.608283997 -117.416893005 333.695251465
A 183.745681763 -223.031433105 156.979934692
A 195.520751953 23.075956345 84.576492310
A 127.327301025 -172.139480591 89.792648315
A 244.838851929 -26.662126541 331.546203613
A 60.386081696 -180.226959229 238.713684082
A 121.583381653 63.774196625 230.758132935
A 141.688980103 -208.190475464 126.723121643
A 275.741058350 -15.599099159 303.448364258
A 224.493621826 -104.050872803 58.940528870
A 149.532562256 -160.690399170 331.643310547
A 291.585449219 -103.355491638 300.292327881
A 161.942932129 -218.534927368 262.794769287
A 159.756591797 -131.380508423 346.902221680
A -9651.305664062 8856.960937500 2083.807373047
A 257.291229248 -145.824295044 94.268363953
A 280.182708740 -69.904006958 316.423126221
A 8223.140625000 3684.352294922 -20.169054031
A 225.554382324 27.521749496 291.431976318
A 24.208984375 -105.431327820 169.636886597
