533

A 397.651489258 -56.942691803 144.095474243
A 108.498817444 -197.933090210 427.722381592
A 349.908294678 -151.762939453 464.759338379
A 285.870147705 -315.244750977 289.885040283
A 439.934051514 -44.656894684 337.990936279
A 456.817321777 -104.626335144 303.969940186
A 328.784667969 -229.841552734 326.768341064
A 323.695465088 -115.696060181 464.187164307
A 348.084930420 -5225.362792969 -49844.804687500
A 451.955627441 -146.887725830 276.968719482
A 123.782493591 1.642594576 132.187164307
A 332.615783691 -82.697158813 413.675842285
A 325.996551514 -292.738464355 228.267395020
A 409.208953857 -29.676200867 396.360900879
A 72.681030273 -50.945972443 158.972595215
A 3428.870117188 -788.414489746 7566.264648438
A 267.684692383 -139.617675781 492.327026367
A 194.531127930 -291.611480713 381.545257568
A 102.179626465 -181.324371338 295.333007812
A 330.243530273 24.246315002 137.247177124
A 241.305572510 100.997810364 343.684234619
A 449.188720703 -143.563385010 314.027160645
A 228.632736206 -143.687438965 496.085083008
A 6242.462890625 4709.804199219 4.471187592
A 312.200897217 35.407985687 427.634643555
A 319.995361328 -307.447296143 316.530242920
A 354.812896729 -8.444089890 436.834777832
A 448.272491455 -72.940093994 334.391906738
A 426.635681152 -203.363357544 247.279159546
A 199.895919800 -55.509967804 102.792465210
A 220.151901245 92.285758972 197.500488281
A 445.427673340 -107.458663940 343.056793213
A 450.038116455 -62.113254547 243.486053467
A 332.746795654 -277.755493164 374.839019775
A 423.399536133 -202.502166748 343.035614014
A 89.979469299 -196.010650635 157.809249878
A 263.559143066 -3.547180891 472.349121094
A 103.820922852 58.893520355 302.988677979
A 444.603515625 -137.328918457 220.418182373
A 33.952552795 -109.700607300 328.839111328
A 395.880462646 -149.668685913 139.697402954
A 129.380767822 -105.528945923 95.784690857
A 151.341339111 16.089490891 125.677848816
A 293.603424072 -263.715118408 420.903747559
A -1165.513183594 392.703033447 294.873565674
A 311.748138428 -15.613535881 100.194747925
A -48024.546875000 63452.175781250 40329.503906250
A 213.890838623 97.044853210 338.343109131
A 152.003433228 56.945789337 392.374450684
A 146.497589111 -162.940200806 291.918762207
A 67.476173401 22.406990051 274.009674072
A 53.035076141 -62.374317169 186.003997803
A 94.003234863 -154.606414795 127.750091553
A 134.183410645 -218.091033936 433.326904297
A 262.040405273 103.993820190 319.701751709
A 217.011184692 -316.559082031 330.637451172
A 153.638244629 52.932395935 163.168426514
A 96.949668884 -266.402954102 298.144134521
A 80.532356262 -220.718719482 373.143524170
A -66029.664062500 16284.363281250 -50914.175781250
A 123.597320557 -74.914825439 103.563133240
A 240.708786011 -100.569862366 499.680511475
A 126.723381042 -181.660934448 448.507537842
A 180.216171265 -272.767822266 404.451934814
A 76.500091553 -249.210235596 278.069793701
A 338.415039062 -227.555587769 133.407806396
A 260.236450195 110.850784302 291.789947510
A 384.983398438 -264.639739990 246.657775879
A 391.972229004 -249.583526611 327.207183838
A 439.390350342 -189.789672852 283.204132080
A 437.218627930 -85.545951843 191.813110352
A 393.317138672 -175.085952759 224.606979370
A 373.488616943 -238.175292969 177.418472290
A 92.382369995 40.515228271 334.516815186
A 105.949859619 -259.952819824 363.598419189
A 59.614669800 -162.454971313 176.618347168
A 337.146423340 -38.895645142 103.896408081
A 285.677154541 -202.690093994 471.086120605
A 342.418914795 19.449817657 425.608154297
A 215.145080566 15.003736496 103.603782654
A 4068.129394531 -12454.540039062 23416.304687500
A 320.889984131 -13.951944351 459.525970459
A 139.192596436 -235.331176758 143.279373169
A 375.193420410 40.876647949 361.081634521
A 200.778274536 -165.151931763 78.738769531
A 50.994892120 -177.101913452 365.562103271
A 422.258514404 -87.327598572 165.156478882
A 248.270492554 -259.262145996 432.273651123
A 302.260406494 -44.797496796 480.708099365
A 189.055419922 -204.106811523 468.951995850
A 129.729370117 -240.392211914 410.168975830
A 164.463790894 -305.531646729 285.051208496
A 39235.781250000 -13375.089843750 -42621.367187500
A 423.373291016 -141.282669067 392.127044678
A 138.265136719 -269.213287354 188.566909790
A 439.232177734 -154.880050659 345.126068115
A -19698.150390625 -80740.632812500 10319.208984375
A 140.914688110 -152.568725586 94.579719543
A 312.810821533 -189.909606934 470.638458252
A 441.041290283 -169.757354736 232.131118774
A 71.382507324 -120.361610413 418.608215332
A 66.379966736 -87.565368652 161.150878906
A -2630.500000000 6052.408691406 6244.723144531
A 115.787948608 -216.097290039 146.662857056
A 378.429321289 -137.310150146 122.051307678
A 157.072525024 22.367095947 415.970062256
A 350.243865967 -221.525863647 425.561920166
A 222.733139038 -280.834716797 153.701354980
A 73.680015564 -92.567771912 138.958175659
A 217.695312500 -239.911010742 116.627487183
A 44.911624908 -193.416015625 235.537017822
A 358.999145508 -269.548645020 209.463043213
A 55.821819305 -23.120931625 204.956542969
A 290.079681396 -266.594879150 144.854110718
A 230.189956665 -322.931854248 249.842864990
A 399.491058350 -90.885467529 137.377609253
A 211.382125854 -53.613742828 74.197547913
A -1521.238525391 -82915.632812500 -20239.791015625
A 158.824386597 -270.208892822 168.839111328
A 278.720184326 -166.210113525 103.070228577
A 150.398376465 -14.212327957 109.203689575
A 234.283645630 -67.825164795 494.936096191
A 275.719268799 -233.053588867 143.249633789
A 82.510284424 -81.991920471 428.954132080
A -56859.023437500 -43951.019531250 -50884.968750000
A 430.397796631 -17.946933746 344.687591553
A 361.676910400 -279.128570557 238.264022827
A 347.280426025 -187.547836304 451.788116455
A 23.500595093 -99.447891235 298.996276855
A 48.899742126 -11.705115318 279.773376465
A 329.790710449 -80.302520752 478.284667969
A 219.442276001 -7.955514908 473.911163330
A 380.116333008 49.127273560 227.038558960
A 310.362304688 66.137130737 168.741226196
A 381.431762695 -84.754844666 119.660537720
A -834.736267090 -5916.063964844 2068.804443359
A 210.847991943 -198.050216675 86.527870178
A 194.679290771 -308.487121582 343.541595459
A 936.668151855 -753.801574707 108.166038513
A 293.835144043 92.457405090 336.938049316
A 176.557128906 64.394966125 162.861373901
A 112.536155701 -244.105377197 387.637390137
A 293.612854004 -80.227684021 71.671859741
A 264.428436279 -307.235839844 367.575561523
A 43.260940552 -26.424690247 310.505157471
A 29852.552734375 -10156.858398438 -43378.992187500
A 288.987365723 -162.045349121 487.284027100
A 265.955291748 -140.494766235 268.031402588
A -4051.470458984 -1206.532226562 1290.668212891
A 238.171905518 39.653335571 125.004486084
A 92.121330261 -215.631027222 255.431045532
A 81.470787048 -47.356643677 419.799987793
A 306.278686523 80.783782959 200.031127930
A 94.773017883 -258.801635742 255.631942749
A 153.703750610 30.673366547 428.767974854
A 66.618438721 11.350530624 227.986358643
A 398.378265381 -31.122848511 162.058227539
A 214.738449097 -103.940910339 63.518970490
A 388.927673340 -210.504821777 400.323852539
A 40.879371643 -128.277664185 364.420104980
A 73.654220581 -182.733551025 174.608108521
A 85.613327026 -25.384782791 169.134414673
A 253.653503418 107.168006897 238.036682129
A 282.512084961 58.235904694 414.894897461
A 137.021606445 65.853729248 206.599105835
A 84.422912598 -249.488449097 236.365325928
A 75.248466492 24.942501068 247.424270630
A 65.666625977 -228.541168213 309.886535645
A 98.591102600 53.503582001 259.516418457
A 367.771881104 -278.148956299 292.840942383
A 188.354782104 90.870628357 215.460250854
A 334.604583740 -273.840820312 182.407775879
A 32.750400543 -155.511444092 265.679473877
A 260.563690186 13.297236443 101.597084045
A 365.028045654 70.422119141 262.855773926
A 384.332275391 -179.306060791 142.017013550
A 381.330108643 3.710678577 401.867004395
A 320.027191162 -62.322170258 86.755584717
A 163.667297363 -300.408447266 344.132080078
A 174.155822754 96.290771484 274.504516602
A 295.667724609 -45.899673462 84.188018799
A 43.441307068 -131.994705200 194.555526733
A 438.671539307 -19.631015778 296.858856201
A 329.753509521 -217.843887329 444.883117676
A 195.968460083 83.814491272 370.011596680
A 182.179885864 -11.593839645 471.187500000
A 4154.097656250 9687.360351562 13257.539062500
A 261.248016357 106.867431641 265.587371826
A 92.809196472 -217.629470825 175.779968262
A 423.242492676 -219.381195068 281.624908447
A 193.245407104 -85.073684692 494.954895020
A 48.100269318 -19.308319092 243.823150635
A 378.960571289 -251.781234741 204.839416504
A 803.720703125 -1267.259521484 -60.270313263
A -30061.080078125 38272.304687500 31244.613281250
A 47.391082764 -194.474349976 327.909851074
A 321.567962646 -170.730148315 92.147293091
A 252.807388306 -266.364746094 136.128601074
A 79.696517944 34.784374237 301.232177734
A 41.565319061 -53.014873505 215.061828613
A 395.992095947 -185.654907227 410.913970947
A 245.498367310 -138.485412598 69.261611938
A 278.782379150 -222.098236084 100.316566467
A 148.414184570 -284.900054932 368.950256348
A 179.701705933 -189.703002930 94.655555725
A 125.075080872 71.891342163 291.535949707
A 171.988494873 -304.494262695 225.625549316
A 162.268432617 -211.806427002 454.280487061
A 293.372802734 -108.319702148 74.713027954
A 57.858009338 -220.494384766 243.856430054
A 281.843719482 -13.142622948 90.992843628
A 311.125793457 47.349334717 145.070144653
A 91.167617798 -107.437919617 123.744522095
A 169.120605469 -1366.006958008 -286.786102295
A 65.206275940 -159.380508423 399.841094971
A 400.043457031 41.656578064 260.326721191
A 262.714477539 -55.308757782 491.591430664
A 89.463439941 -134.678466797 134.639175415
A 275.062530518 -114.236412048 495.995025635
A 258.652252197 -34.505393982 76.766754150
A 339.735260010 -99.360244751 93.394042969
A 408.372497559 -17.940776825 272.593231201
A 198.894470215 -57.981002808 490.043121338
A 279.515045166 77.571426392 174.642608643
A 114.223762512 2.071334839 420.865417480
A 328.841949463 79.959640503 218.166336060
A 316.330017090 -302.120880127 259.315307617
A 240.643981934 -60.873985291 70.925407410
A 219.507675171 -305.452514648 280.437286377
A -7103.932617188 39712.746093750 -94294.335937500
A 56.935722351 -125.364952087 168.077850342
A 159.373977661 -166.259246826 472.753265381
A 167.619445801 -152.179306030 82.563453674
A 216.346908569 -146.379119873 69.557220459
A 213.030487061 106.815353394 285.658782959
A 252.847274780 98.831039429 215.424224854
A 437.490692139 -84.525794983 370.572906494
A 358.751831055 -159.131637573 109.407211304
A 410.848968506 -187.087371826 382.373565674
A 299.597747803 -283.798736572 389.096740723
A 81.405448914 14.996360779 203.225418091
A 387.467742920 -243.380737305 361.621734619
A 401.264923096 25.848726273 225.784439087
A 359.290313721 -121.521041870 103.079521179
A 425.214691162 -177.097213745 196.214141846
A 366.564941406 -45.689670563 117.336395264
A 52.885280609 -147.457641602 383.310607910
A 202.077697754 -261.303039551 428.919097900
A 267.757507324 33.381683350 444.012817383
A 424.417388916 -173.199005127 373.532562256
A 55961.636718750 25796.054687500 6711.863281250
A 711.287963867 -1681.080566406 -1118.476074219
A 430.380798340 -133.966506958 185.284133911
A 250.990402222 -321.418609619 275.135314941
A 188.987121582 81.098587036 186.871627808
A 332.054504395 -252.869338989 409.854431152
A 64.904273987 -33.935676575 389.365081787
A 174.372970581 -47.319686890 82.338951111
A 404.095672607 -67.730773926 418.080902100
A 366.639038086 -268.853210449 348.940795898
A 295.768127441 83.490753174 367.592681885
A 203.529342651 62.860458374 149.053619385
A 58.220901489 -99.472320557 398.867340088
A 405.938049316 22.940587997 333.972961426
A 35.275478363 -80.242469788 343.854217529
A 381.573303223 -42.835987091 434.934600830
A 309.392578125 -206.830902100 103.201896667
A 45.438796997 -202.247650146 295.123596191
A 321.998077393 61.125694275 392.979797363
A 379.112670898 -128.137969971 446.960693359
A 248.615371704 -19.870302200 482.280853271
A 326.391082764 89.093269348 311.386260986
A 325.662567139 76.241569519 357.210540771
A 368.247161865 -234.518981934 405.654876709
A 41.016124725 -190.699676514 272.928558350
A -3180.275146484 -16229.177734375 8520.521484375
A 338.505462646 -192.859329224 112.090080261
A 398.319427490 -1.926342130 178.055816650
A 130.194534302 -263.281402588 328.289031982
A 29.293951035 -138.004989624 319.834014893
A 1691.681152344 6593.760253906 4591.429687500
A 240.688049316 41.973609924 215.913406372
A 427.445281982 -29.822204590 204.278549194
A 160.255905151 -244.408920288 427.375549316
A 140.126831055 -30.194103241 462.205657959
A 420.828033447 -211.243362427 221.608993530
A 274.088134766 -149.031494141 73.648353577
A 132.303009033 -186.580017090 112.792999268
A 178.818572998 -147.439361572 486.042694092
A 37.622856140 -89.424247742 266.779876709
A 361.653839111 70.802444458 307.078369141
A 351.676055908 -290.616027832 268.952636719
A 389.572814941 12.602426529 381.850189209
A 253.799407959 -170.529724121 488.327453613
A 187.430892944 -104.311149597 194.863693237
A 381.961151123 54.407413483 291.858795166
A 183.417129517 34.351390839 128.597229004
A 279.701202393 53.133934021 140.811813354
A 148.491912842 -114.798141479 480.960144043
A 239.125671387 -224.642608643 462.239440918
A 439.299102783 -62.192687988 218.893920898
A 404.939239502 -240.745208740 245.800094604
A 440.863372803 -82.203666687 305.633544922
A 116.567466736 -69.224166870 457.555664062
A 423.075469971 -88.581306458 397.931335449
A 455.172760010 -117.597610474 278.942687988
A -27976.480468750 -41078.433593750 31740.009765625
A 198.611206055 -2.440225601 100.334701538
A 107.423301697 54.015342712 225.350021362
A 249.810760498 -289.315765381 395.276306152
A -1133.459106445 -3436.141357422 -2159.996582031
A 136.970596313 34.968723297 157.482849121
A 378.149169922 -152.291931152 440.427215576
A 407.385864258 6.150591850 203.513595581
A 36.227760315 -54.517543793 243.997375488
A 450.501525879 -108.547752380 241.866592407
A 31.767055511 -96.841766357 219.010223389
A 207.596618652 20.523082733 454.605346680
A 366.327453613 -62.075557709 452.867309570
A 120.447669983 -145.659408569 106.743392944
A 31.973934174 -60.220314026 317.119750977
A 299.947692871 100.688766479 259.890686035
A 177.943420410 -6.265322208 98.422416687
A 228.060531616 79.048751831 386.271820068
A 61.846935272 -76.065612793 400.601165771
A 297.858245850 98.917991638 295.158599854
A 346.512573242 -288.533538818 329.197631836
A 65.615905762 -214.843032837 349.830322266
A 253.896209717 -298.363769531 187.759857178
A 142.439468384 68.468856812 359.298828125
A 235.504486084 -11.250698090 84.106704712
A 63.387653351 -209.017791748 208.187545776
A 225.929458618 52.179107666 137.556472778
A 352.226593018 45.663490295 388.021240234
A 148.617156982 89.215110779 304.932403564
A 214.279266357 -109.175704956 496.647766113
A 321.580535889 -151.731597900 479.521697998
A 437.767395020 -126.664299011 364.758728027
A 445.328796387 -160.971374512 258.433013916
A 174.443008423 -261.436645508 149.015762329
A 115.061309814 45.685497284 373.705780029
A 360.048126221 55.643394470 211.660934448
A 413.492095947 -108.423431396 408.781372070
A 252.436523438 92.959739685 365.504394531
A -327.710144043 705.016967773 1745.619018555
A 266.676666260 -246.767059326 117.897468567
A -19014.003906250 53349.519531250 -4627.470703125
A 169.264648438 -45.791656494 475.853912354
A 437.801788330 -174.561096191 321.642059326
A 388.048156738 -258.389770508 297.843078613
A 62.761074066 6.899292946 312.020050049
A 232.247604370 -101.101478577 72.676406860
A 188.436828613 -240.417037964 444.618957520
A 416.367462158 -155.238525391 166.015838623
A 8889.958984375 3152.369873047 -5201.872558594
A 216.051055908 107.534912109 261.282470703
A 359.403533936 -88.517700195 464.452758789
A 146.585357666 -56.462421417 92.503196716
A 38.687118530 -166.509460449 327.228027344
A 119.307518005 -247.062133789 176.882827759
A 290.985504150 -307.776763916 228.148406982
A 293.127075195 -10.180388451 469.587615967
A 296.374176025 -283.404785156 180.980163574
A 267.651397705 73.626457214 391.670440674
A 242.814437866 66.326866150 408.610717773
A 242.862030029 47.043235779 434.261047363
A 422.592285156 7.254272938 317.880554199
A 219.198028564 -312.255371094 220.927322388
A 119.785148621 -285.094818115 254.331771851
A 164.129196167 11.837206841 449.272857666
A 358.002197266 -260.900115967 383.465057373
A 158.091629028 -305.838745117 315.859405518
A 147.050079346 86.224380493 258.128356934
A 366.484252930 21.271657944 163.278671265
A 303.141510010 -298.444091797 198.276565552
A 2003.811279297 -2250.322265625 1.848958015
A 122.741607666 68.983116150 247.934005737
A 377.985595703 -213.702438354 159.115997314
A 184.204467773 -115.323577881 74.486900330
A 222.661758423 -299.780212402 190.047592163
A 48.357250214 -29.741329193 343.126403809
A 178.679611206 -292.929595947 198.004699707
A 196.997772217 56.643886566 417.653411865
A -15290.544921875 11927.504882812 -16623.521484375
A 360.668609619 -79.962867737 102.880798340
A 173.477706909 -212.438934326 106.728050232
A 419.348236084 -50.728179932 177.267379761
A 237.570648193 -322.071166992 311.706146240
A 319.414825439 -301.038757324 342.178649902
A 194.919433594 -170.089202881 485.902740479
A -11118.342773438 5227.916992188 -9522.673828125
A 324.639282227 -306.065093994 279.121368408
A 380.534637451 50.484512329 331.690734863
A 324.605529785 -118.505950928 82.320724487
A 122.978897095 -30.614326477 117.261459351
A 440.850463867 -28.910913467 252.073257446
A 199.982604980 -319.505371094 287.161712646
A 62.443511963 -7.774188519 355.718963623
A 214.552169800 39.107818604 438.616638184
A 76.034469604 -4.974870205 177.189498901
A 109.467155457 -265.099670410 217.492507935
A 409.633972168 -117.091758728 148.455688477
A 152.141189575 -77.656723022 478.969726562
A 79.737983704 19.863464355 357.360656738
A 39434.957031250 -47916.785156250 60861.121093750
A 403.955871582 -222.150650024 356.648651123
A -7394.883300781 850.970397949 4681.877929688
A 1643.327758789 -3769.589355469 -595.666381836
A 151.260421753 -268.502807617 395.315765381
A 156.462707520 83.465957642 216.451293945
A 425.906616211 -2.881505966 233.220138550
A 314.879150391 -246.030090332 136.379272461
A 43.529155731 -165.931564331 213.634674072
A 366.674743652 5.184020996 143.863281250
A 295.480499268 96.743209839 224.527191162
A 373.487274170 -184.040863037 432.324981689
A 90.940353394 -173.166290283 138.620925903
A 146.557418823 -215.780990601 120.410186768
A -3589.520019531 2299.536621094 101.439521790
A 308.327148438 -245.604904175 433.538665771
A 182.839782715 -117.862113953 491.883178711
A 402.263488770 -193.542785645 169.246322632
A 167.434875488 82.616638184 344.613342285
A 236.060317993 -27.711055756 473.152038574
A 148.056762695 -302.713500977 256.666900635
A 116.691169739 -103.576019287 466.722625732
A 273.645996094 -317.584106445 252.825500488
A 263.988128662 -296.017425537 356.462463379
A 329.043670654 0.644794881 284.427368164
A 152.954010010 -110.685081482 80.967071533
A 377.666839600 -19.855468750 140.695831299
A 291.484893799 -227.716461182 456.367675781
A 30082.488281250 58451.500000000 27892.097656250
A 89.298294067 -155.797790527 429.443878174
A 301.387329102 20.292255402 450.301513672
A 273.115600586 -319.000122070 317.330841064
A 439.744873047 -105.798988342 207.188262939
A 95.553382874 -33.606746674 137.622436523
A 105.824150085 39.720359802 199.154449463
A 261.567718506 -275.698059082 413.182952881
A 346.146118164 77.329551697 241.843139648
A 43.264137268 -94.906860352 192.210479736
A 51.161674500 -50.112991333 363.693725586
A 256.458740234 -196.551071167 86.697105408
A 163.818634033 -25.654890060 445.085083008
A 113.947372437 -42.096050262 446.337677002
A 256.888397217 -202.785140991 475.884246826
A 423.393402100 -50.858306885 381.456329346
A 408.883392334 29.105659485 295.462432861
A 185.451095581 -312.871032715 252.930053711
A 299.641174316 -67.856674194 488.457824707
A 140.475097656 -286.499572754 216.825576782
A 182.691787720 68.566741943 394.200012207
A 85.888664246 -188.325683594 409.255554199
A 27.236469269 -143.587692261 287.481506348
A 206.739730835 -258.667053223 135.861633301
A 245.340057373 89.130271912 184.024826050
A 192.182800293 -35.948665619 317.949584961
A -4977.062500000 45736.332031250 -58444.890625000
A 366.716888428 37.823135376 183.657379150
A -512.775756836 -1382.703369141 192.947128296
A 87.776809692 -212.029083252 396.783325195
A 403.777191162 -222.552124023 202.969955444
A 99.339088440 -68.980903625 121.805892944
A 306.809448242 15.691395760 116.315895081
A 8550.878906250 -550.020568848 -1904.981445312
A 415.165802002 -9.023275375 365.182922363
A 266.720672607 -85.520309448 68.359939575
A 114.998725891 24.153556824 398.560363770
A 127.605690002 -293.247222900 298.427124023
A 9806.900390625 11195.105468750 21420.386718750
A 341.445892334 53.718189240 177.156158447
A 24.914297104 -112.557189941 244.672592163
A 104.546615601 -21.189661026 431.288543701
A 20.751443863 -79.871772766 275.206146240
A 349.348205566 -248.136413574 159.815475464
A 404.798553467 -244.089859009 283.503082275
A 112.529891968 9.225384712 350.826080322
A 95.799545288 -114.029045105 444.331726074
A 35.623382568 -43.486949921 281.739776611
A -3905.123291016 -1572.905883789 3843.843261719
A 190.652633667 99.506523132 243.545944214
A 233.605163574 -216.680465698 94.129913330
A 135.998367310 -106.980659485 437.709259033
A 83.531295776 -8.039659500 390.672576904
A 120.814117432 40.124610901 176.207717896
A -23376.689453125 7406.376464844 4801.941406250
A 92.102996826 -235.991943359 200.560607910
A 287.940124512 -97.638885498 495.433074951
A 119.327835083 -278.982849121 333.980194092
A 40.276504517 -99.073402405 368.385772705
A 355.310455322 22.978471756 370.396179199
A 347.612548828 73.191352844 334.502532959
A 201.651992798 100.883705139 313.965484619
A 427.036621094 7.833421707 269.388275146
A 451.317718506 -51.878578186 293.784851074
A 270.601837158 -284.245697021 163.082962036
A -3135.812255859 2914.780761719 -622.770935059
A 108.536911011 -146.060775757 449.417541504
A 278.048156738 -178.036437988 77.587501526
A 332.449401855 91.988616943 274.806762695
A 258.280456543 -243.647247314 450.215606689
A 101.224555969 6.491369724 158.665298462
A 423.441772461 -214.223983765 314.502349854
A 344.701538086 -7.077877045 122.814086914
A 291.049255371 -304.467346191 354.212860107
A 336.797729492 -118.721443176 482.977905273
A 174.906906128 -81.093879700 77.662933350
A 118.032539368 59.559791565 338.859802246
A 246.789535522 70.021995544 156.380233765
A 454.435424805 -76.796989441 267.165832520
A 302.745758057 -1.827259421 251.778045654
A 219.302474976 -277.106140137 412.368408203
A 136.079025269 -161.763824463 464.505340576
A 256.992431641 -311.958709717 219.060852051
A 271.713073730 32.736701965 117.259971619
A 177.783859253 -238.254333496 125.658645630
A 341.783294678 -38.522945404 460.956237793
A 83.562377930 -253.312194824 332.270843506
A 168.229721069 88.707435608 321.176696777
A 194.578338623 -287.992126465 177.834960938
A 384.749114990 -21.629627228 423.210357666
A 313.772399902 -144.426940918 81.379020691
A 207.966232300 -223.065643311 460.921447754
A 407.040374756 -143.049652100 416.131134033
A 224.125076294 -304.656188965 365.650634766
A 224.194122314 -182.378250122 482.117889404
A -13437.343750000 12332.389648438 2900.829101562
A 358.533203125 -203.999633789 129.705917358
A 389.193878174 -96.271736145 440.839752197
A 11449.453125000 5130.628906250 -26.859844208
A 315.126037598 38.174530029 405.149139404
A 33.033023834 -148.063766479 236.897338867
