533

W 41.665447235 -85.179039001 256.457336426
W 280.343566895 22.276996613 29.677047729
W 78.561363220 -13.352217674 -2.680063725
W 126.479728699 122.303680420 136.386337280
W 5.731093884 -92.567245483 99.535873413
W -4.246086597 -56.787120819 118.436950684
W 136.003570557 -3.936699152 128.900451660
W -350.605834961 -31.172742844 -932.740722656
W 199.832855225 -3262.729492188 -31090.390625000
W -1.587834597 -6.968253136 154.596633911
W 260.489654541 -133.256500244 258.680877686
W 135.715408325 -61.309856415 95.407775879
W 97.609046936 108.100593567 181.938720703
W 36.441261292 -113.857971191 49.575405121
W 300.569763184 -90.286628723 241.727325439
W 4185.389160156 -961.168884277 9368.592773438
W 141.180480957 -27.407960892 -28.354047775
W 202.672805786 104.882957458 66.004806519
W 207.973037720 -26.782905579 138.723083496
W 95.103507996 -152.398971558 258.488861084
W 165.262084961 -210.223327637 91.275283813
W -1.706120253 -15.902177811 120.067123413
W 178.237655640 -18.640798569 -27.521245956
W 7903.117675781 6165.557617188 -213.487762451
W 116.509544373 -150.745986938 40.219715118
W 103.074249268 112.763931274 118.147598267
W 74.387779236 -125.463813782 18.171031952
W 16.715314865 -68.221939087 107.923461914
W 42.375671387 19.899894714 169.996627808
W 187.380401611 -68.500595093 223.151184082
W 181.215713501 -204.785324097 210.136276245
W 0.307877123 -51.357685089 93.734451294
W 2.705173731 -81.307746887 169.342544556
W 93.059501648 90.535530090 67.171890259
W 25.077114105 35.949993134 89.142242432
W 292.586181641 23.132593155 237.161605835
W 156.114654541 -110.288146973 10.909336090
W 278.551605225 -174.469528198 119.582603455
W 3.198553085 -19.585178375 192.963073730
W 277.304321289 -46.674282074 120.605293274
W 42.267421722 -8.183117867 255.292877197
W 255.381912231 -47.617717743 289.065063477
W 241.057678223 -141.145385742 265.693145752
W 128.916275024 78.928466797 28.267856598
W -6171.622558594 2128.238769531 159.165466309
W 113.758285522 -118.375755310 291.268127441
W -27324.210937500 36086.738281250 22933.638671875
W 193.646926880 -212.531280518 103.230575562
W 237.978836060 -163.741928101 63.040180206
W 2466.311279297 1204.247680664 -13.816967964
W 298.228820801 -144.979110718 146.712814331
W 314.900726318 -80.316009521 222.239334106
W 285.835540771 -10.143077850 261.912841797
W 255.252960205 40.478153229 21.323392868
W 156.031814575 -215.417968750 113.276931763
W 187.059692383 121.138404846 103.399154663
W 237.087951660 -171.470199585 239.025451660
W 286.337402344 76.758003235 130.560852051
W 294.836425781 40.305805206 70.226081848
W -37786.042968750 9312.934570312 -29130.166015625
W 260.513519287 -70.416572571 283.891113281
W 174.112747192 -49.139297485 -26.319402695
W 252.253158569 3.430159569 23.116262436
W 217.583526611 87.343620300 45.818481445
W 294.360504150 69.024383545 150.936264038
W 91.356323242 58.137149811 257.104522705
W 153.063827515 -217.981124878 133.479385376
W 55.440391541 83.119537354 171.331024170
W 46.422916412 70.908790588 103.425926208
W 6.654694080 19.996513367 150.611877441
W 7.292569637 -59.702060699 207.289825439
W 105.102722168 -16.628940582 164.630752563
W 59.812793732 65.543258667 223.138290405
W 280.451171875 -166.182495117 96.389205933
W 274.216033936 73.977386475 82.041542053
W 307.835510254 6.227179050 226.125152588
W 91.662818909 -103.556076050 287.514617920
W 131.056762695 30.181503296 -8.238744736
W 91.660598755 -149.871780396 25.680850983
W 192.302520752 -134.139923096 288.951782227
W 2955.377929688 -9141.373046875 17157.357421875
W -250.666503906 -518.300720215 -782.400024414
W 250.715026855 44.433372498 251.373321533
W 58.910179138 -160.571960449 72.477600098
W 197.244262695 -1.543814301 305.290161133
W 318.127960205 4.046587467 77.351959229
W 20.347564697 -59.696434021 232.752410889
W 157.615158081 81.312164307 24.131065369
W 120.604995728 -97.838386536 -17.332857132
W 207.820526123 28.646900177 -7.798602581
W 256.206695557 60.230407715 44.971878052
W 233.773056030 113.359115601 136.229064941
W 23712.603515625 -8084.858886719 -25764.167968750
W 20.602577209 -18.357637405 53.304946899
W 253.030761719 82.707984924 215.349105835
W 7.367243290 -7.570370197 88.641540527
W -11305.583007812 -46292.882812500 5912.032226562
W 246.489944458 -13.006493568 290.559143066
W 108.110771179 16.644477844 -7.369939804
W 2.487864971 6.334492207 172.034133911
W 304.399261475 -37.410182953 39.871059418
W 275.106842041 -58.519660950 220.623428345
W -3236.297119141 7177.808593750 7182.440917969
W 270.992156982 41.306056976 247.591629028
W 57.709075928 -19.608772278 273.471527100
W 294.316101074 -240.682998657 -75.178153992
W 82.383209229 45.139801025 30.990921021
W 177.837463379 89.099441528 248.167800903
W 298.975067139 -58.317214966 251.481048584
W 183.908355713 65.266830444 272.767425537
W 310.381256104 22.122621536 179.551681519
W 68.010604858 82.415206909 204.843841553
W 312.309112549 -109.107780457 206.712234497
W 137.927764893 65.758666992 238.682296753
W 178.174682617 124.169830322 164.343551636
W 45.372375488 -61.925006866 258.280578613
W 187.510757446 -84.880462646 308.908843994
W -869.474182129 -47417.070312500 -11590.012695312
W 233.913970947 84.951957703 229.672332764
W 154.373062134 -15.138094902 221.641220093
W 235.761154175 -120.907127380 281.324432373
W 165.760025024 -82.519226074 -26.446802139
W 152.295181274 9.161828041 206.736831665
W 292.996368408 -66.492759705 29.396501541
W -32385.583984375 -25026.867187500 -28980.841796875
W 17.575098038 -115.388175964 89.511390686
W 72.888473511 96.173255920 176.806091309
W 81.760536194 17.386915207 5.333256721
W 337.015075684 -49.821063995 124.057701111
W 322.120239258 -120.542015076 138.877059937
W 99.942977905 -70.245536804 -15.067924500
W 172.974853516 -125.772613525 -11.146630287
W 56.550502777 -172.418029785 181.686889648
W 113.836959839 -183.498718262 231.562347412
W 47.565780640 -64.851951599 267.674713135
W -1460.255004883 -8698.208984375 2822.506835938
W 187.167861938 24.903259277 297.850311279
W 208.424011230 115.262680054 96.323051453
W 4832.858886719 -4300.946777344 -985.273376465
W 124.342811584 -205.814193726 95.776390076
W 216.609466553 -179.978057861 239.191726685
W 271.106201172 63.866794586 58.770629883
W 128.473770142 -57.467029572 312.814239502
W 148.367050171 112.668251038 76.620376587
W 313.984436035 -104.080276489 122.359512329
W 18361.044921875 -6248.887207031 -26722.841796875
W 126.305847168 -5.601049900 -20.141881943
W 168.291809082 -44.146507263 144.967666626
W -7717.318359375 -2129.123046875 1969.689208984
W 170.357467651 -164.970184326 264.845581055
W -4189.128906250 -3199.588867188 -661.973205566
W 291.228363037 -91.967864990 35.460437775
W 112.618438721 -197.951080322 203.294403076
W 262.708465576 44.037300110 159.418212891
W 233.021377563 -149.577728271 26.062597275
W 303.444793701 -140.568847656 184.833618164
W 40.899326324 -108.144546509 242.970001221
W 185.910644531 -48.656570435 313.866424561
W 42.661727905 32.837642670 47.968818665
W 324.307739258 -32.861232758 73.181564331
W 278.239379883 4.242417812 212.876800537
W 249.130126953 -84.932037354 201.871093750
W 155.027374268 -214.566787720 175.688476562
W 126.681098938 -173.552947998 32.403285980
W 249.599655151 -185.591217041 200.727600098
W 292.661834717 68.296455383 169.151092529
W 302.398345947 -149.830490112 164.304336548
W 307.181396484 50.729415894 120.288101196
W 284.867492676 -170.206848145 156.524658203
W 67.124832153 96.130622864 137.514831543
W 209.299865723 -205.437545776 192.274856567
W 95.990348816 88.900932312 224.348449707
W 334.033966064 -10.038443565 154.152603149
W 156.277252197 -140.992691040 286.067718506
W 70.801391602 -186.516571045 158.442871094
W 46.723148346 14.161017418 250.674728394
W 75.950614929 -117.216201782 65.388496399
W 106.068046570 -83.575637817 300.787292480
W 230.939895630 109.238838196 98.651275635
W 220.222900391 -210.839019775 142.383010864
W 126.780601501 -91.454421997 285.152252197
W 323.109863281 -22.382619858 210.014648438
W 9.948427200 -114.750892639 131.269760132
W 89.583206177 44.180885315 15.341145515
W 206.325912476 -196.790679932 70.726356506
W 210.819152832 -122.295379639 -3.829529285
W 3553.541015625 8448.016601562 11453.201171875
W 154.212081909 -217.647949219 157.747238159
W 272.451507568 24.121280670 210.891159058
W 16.162769318 39.665679932 145.925140381
W 202.177886963 -67.309486389 -23.937166214
W 321.894470215 -113.170326233 170.866943359
W 72.907104492 57.541648865 205.347045898
W 2933.603759766 -5819.106445312 -1547.732299805
W -18271.195312500 23237.378906250 18967.632812500
W 319.641784668 23.894264221 105.250221252
W 107.668991089 7.236048222 294.663238525
W 146.411376953 82.709365845 256.825347900
W 294.770050049 -159.881805420 127.129402161
W 324.606689453 -87.780395508 194.352935791
W 43.802867889 22.691144943 46.819194794
W 169.186630249 -22.480133057 310.242767334
W 143.298782349 46.614730835 286.185791016
W 240.222229004 96.006797791 77.062072754
W 214.285140991 20.140188217 293.245422363
W 259.451202393 -190.762481689 131.521240234
W 221.032897949 109.109207153 184.797866821
W 234.137344360 35.975173950 5.883576870
W 127.963325500 -51.668872833 306.626403809
W 310.900360107 44.264762878 173.851882935
W 139.483581543 -119.020141602 297.620788574
W 114.648834229 -169.815521240 250.964248657
W 289.067382812 -39.556636810 262.964294434
W -250.741287231 -6099.998535156 -2610.185791016
W 309.164794922 -8.486213684 53.075283051
W 43.728614807 -164.913848877 159.535751343
W 148.670928955 -95.976470947 -18.882040024
W 265.113800049 -27.313890457 238.047271729
W 137.673477173 -40.447917938 -19.418954849
W 162.581771851 -103.050003052 305.691070557
W 87.190467834 -50.750438690 295.317901611
W 851.490722656 312.372192383 155.812057495
W 203.300064087 -87.154632568 -20.373077393
W 139.758087158 -193.670425415 226.862533569
W 264.318664551 -135.324447632 35.064426422
W 93.761520386 -194.613342285 191.037231445
W 112.265594482 83.066497803 151.221450806
W 170.700973511 -79.155746460 311.991851807
W 177.218368530 54.273872375 141.187301636
W -3974.190917969 22209.720703125 -52741.753906250
W 312.981628418 -35.566356659 232.547454834
W 232.917022705 -1.820758581 -11.637424469
W 225.606185913 -13.996471405 300.420501709
W 186.116302490 -20.656528473 312.406463623
W 187.748748779 -196.869110107 142.839431763
W 158.276687622 -211.076263428 194.185638428
W 9.941329002 -63.476100922 69.623939514
W 75.607391357 -1.119863629 280.902160645
W 42.885444641 13.397806168 68.175003052
W 116.538223267 96.808074951 59.197151184
W 297.451202393 -138.985702515 203.843734741
W 44.575084686 58.997833252 81.173767090
W 38.288574219 -150.919342041 185.697219849
W 73.026283264 -34.865684509 285.422851562
W 17.372087479 14.609491348 206.469650269
W 63.578090668 -97.526985168 271.440124512
W 294.907592773 -20.735691071 74.308670044
W 200.555969238 81.574363708 30.536430359
W 149.277694702 -155.341659546 16.852268219
W 23.780485153 13.956893921 63.927268982
W 33591.601562500 15483.100585938 4012.260742188
W 1673.365966797 -5171.301269531 -4505.802246094
W 13.621755600 -21.725856781 219.016784668
W 160.028625488 126.497566223 144.910781860
W 208.172714233 -196.802398682 215.274612427
W 89.632026672 69.523666382 39.364082336
W 303.443298340 -101.699295044 56.927131653
W 216.761383057 -95.331916809 299.508026123
W 32.736312866 -75.297073364 35.189678192
W 66.986541748 85.098281860 92.032691956
W 121.340591431 -194.644943237 69.989021301
W 195.512863159 -179.713973999 247.819808960
W -2496.757080078 49.873657227 1863.441650391
W 37.863243103 -150.353576660 97.967094421
W 330.716827393 -60.601474762 92.934638977
W 61.090972900 -103.275054932 26.745410919
W 117.549110413 33.364994049 286.410552979
W 321.811309814 28.225475311 134.646331787
W 100.722656250 -175.682754517 48.636985779
W 56.624912262 -27.326543808 9.347174644
W 158.315612793 -119.465568542 -13.290314674
W 98.307899475 -203.343231201 121.233131409
W 96.557449341 -190.123214722 81.143211365
W 62.624958038 53.615077972 46.546440125
W 323.499877930 24.160057068 149.192489624
W -2721.694091797 -13557.217773438 7047.139160156
W 89.757011414 22.963586807 279.839630127
W 41.889205933 -132.378692627 223.487411499
W 218.568344116 19.599937439 125.641227722
W 334.669067383 -25.884925842 112.560058594
W 1980.872924805 8342.110351562 5547.087402344
W 167.731658936 -89.671569824 157.837829590
W 17.737382889 -107.477638245 203.047698975
W 233.979034424 64.792175293 27.848228455
W 245.359909058 -104.952377319 2.923964262
W 22.255588531 39.001220703 189.625823975
W 148.838439941 -11.240600586 310.731445312
W 253.793930054 20.099666595 274.243133545
W 214.960250854 -15.699033737 -1.951803684
W 269.142089844 -53.630844116 145.174530029
W 72.975875854 -187.357803345 117.570381165
W 90.191535950 89.960029602 150.559906006
W 50.358566284 -140.279022217 56.570537567
W 158.815963745 5.673959255 -21.654237747
W 181.149749756 -48.978916168 157.650863647
W 54.423809052 -175.865722656 137.822845459
W 214.409805298 -155.377014160 267.471282959
W 136.142623901 -169.791046143 258.565368652
W 237.948822021 -42.605243683 -13.887525558
W 170.722732544 50.479415894 -0.777351141
W 4.335922241 -77.557617188 192.303115845
W 31.800788879 58.597229004 173.574203491
W 68.148513794 -61.866584778 127.677223206
W 263.532165527 -77.570487976 5.607686043
W 42.057636261 -60.467407227 59.267589569
W -5.611760139 -34.863800049 145.188858032
W -16956.408203125 -24859.248046875 19202.585937500
W 192.710769653 -101.344306946 246.623886108
W 273.651947021 -173.145797729 186.955398560
W 159.393356323 103.621192932 54.403873444
W -2484.808349609 -6342.140136719 -4500.930664062
W 246.999023438 -151.412109375 234.302505493
W 78.827621460 -20.117198944 36.836330414
W 33.846900940 -136.282760620 203.360916138
W 331.890045166 -84.196830750 169.355957031
W -4.019731045 -43.872669220 174.533706665
W 331.399780273 -53.305625916 190.168807983
W 191.371810913 -142.258392334 2.087035894
W 68.278175354 -84.805244446 5.319686890
W 266.478912354 -17.088459015 279.196075439
W 332.495666504 -80.005340576 113.925964355
W 118.258377075 -212.373870850 150.358489990
W 213.977584839 -124.068977356 289.116027832
W 173.616210938 -195.942535400 59.797149658
W 311.876007080 -63.419071198 53.333518982
W 120.950202942 -205.089187622 135.039093018
W 78.965522766 97.901535034 105.377113342
W 305.559387207 39.441051483 86.342674255
W 151.221740723 104.180366516 222.012619019
W 247.619247437 -184.407257080 78.581451416
W 172.000762939 -119.901451111 296.785583496
W 305.629608154 33.231906891 201.598373413
W 178.629592896 -173.296890259 259.291748047
W 77.639556885 -166.111145020 56.301292419
W 234.259460449 -203.443099976 117.919563293
W 181.515014648 -46.674221039 -31.007276535
W 100.092544556 -10.675036430 -12.653429985
W 7.844429970 -30.306648254 76.177345276
W 23.622577667 -3.793128490 159.622940063
W 217.709197998 78.077072144 249.674545288
W 263.437011719 -166.192077637 66.263832092
W 74.502593994 -180.985076904 196.065628052
W 26.602649689 -51.230186462 39.474964142
W 162.219329834 -204.843185425 79.199577332
W -2025.027099609 3039.393066406 5850.122070312
W 144.465591431 64.828964233 271.684051514
W -11588.117187500 32495.552734375 -2842.650146484
W 223.066116333 -99.177253723 -9.484534264
W 7.432565689 9.885987282 107.470512390
W 46.478820801 77.078941345 131.272445679
W 311.358642578 -135.121063232 122.710891724
W 179.148147583 -50.942207336 273.869995117
W 210.113800049 59.181087494 12.490389824
W 24.851961136 -7.887848377 233.360382080
W 9403.787109375 3427.360839844 -5756.111328125
W 188.160964966 -218.198089600 150.330825806
W 75.946784973 -61.058570862 -4.037161350
W 239.978698730 -85.419281006 292.369506836
W 328.828857422 -2.299113274 104.032409668
W 267.466796875 66.070281982 223.118576050
W 124.028755188 115.165847778 186.625183105
W 126.855003357 -120.242965698 -8.963309288
W 351.414489746 -639.975402832 -192.275268555
W 146.547485352 -186.200622559 50.488056183
W 160.493942261 -185.642364502 41.557495117
W 168.275817871 -164.688232422 16.367490768
W 22.570737839 -135.055374146 115.027076721
W 182.763534546 118.638679504 186.517288208
W 264.118011475 94.030799866 162.118453979
W 229.472183228 -143.671432495 16.010269165
W 77.416908264 78.604393005 63.097270966
W 231.072601318 99.070968628 114.227371216
W 241.422119141 -200.656570435 157.890426636
W 63.589153290 -146.721466064 239.508972168
W 119.767501831 101.819808960 216.852096558
W 4856.580566406 -5748.839355469 -548.751464844
W 260.258636475 -187.771865845 168.084182739
W 52.036773682 44.418033600 235.830978394
W 20.219001770 -51.663555145 -438.664947510
W 179.788131714 108.318656921 215.923767090
W 321.247375488 -106.949241638 98.626190186
W 219.737823486 105.600044250 204.741500854
W 206.780654907 -171.632354736 34.424552917
W -11351.436523438 8835.426757812 -12373.459960938
W 72.156417847 -65.107421875 285.651885986
W 221.828811646 38.027206421 281.172698975
W 21.005855560 -88.554298401 224.884704590
W 171.584304810 125.142417908 118.436393738
W 109.390541077 109.777114868 94.777870178
W 209.030578613 -0.099024870 -18.970315933
W -9945.783203125 4647.152832031 -8577.882812500
W 98.640403748 114.081436157 148.613128662
W 58.477024078 -172.046447754 99.289054871
W 105.822654724 -38.170478821 303.404602051
W 265.092193604 -102.861541748 272.111694336
W 6.055955887 -104.516784668 163.740814209
W 199.429336548 123.389259338 138.540161133
W 307.735046387 -122.057586670 83.084785461
W 185.027465820 -158.379699707 16.911783218
W 295.990844727 -122.254104614 225.791717529
W 276.719390869 77.780311584 187.692092896
W 31.820371628 -38.355045319 249.305694580
W 241.808471680 -69.339042664 -9.524079323
W 290.659179688 -145.353317261 79.797012329
W 22506.921875000 -27344.509765625 34731.953125000
W 40.716392517 42.460250854 83.890800476
W -8957.543945312 1044.783081055 5405.596191406
W 2954.063720703 -7424.564453125 -1600.423828125
W 241.514221191 83.237113953 55.473869324
W 233.327163696 -196.720046997 193.035842896
W 20.875106812 -129.654983521 177.777648926
W 113.098907471 71.129760742 256.744781494
W 323.183288574 5.371019840 194.223114014
W 64.612380981 -132.429901123 250.473815918
W 125.930351257 -206.997467041 187.540771484
W 58.265644073 12.874189377 20.274715424
W 288.284942627 3.978515625 252.267807007
W 245.244613647 41.175537109 267.691619873
W -6886.352539062 4336.396484375 -207.994171143
W 111.937919617 67.448532104 23.742633820
W 218.157455444 -35.379325867 -22.055030823
W 41.385803223 31.629692078 232.634658813
W 232.602996826 -197.058395386 91.465950012
W 166.589843750 -93.938064575 43.722133636
W 240.523086548 108.290962219 160.050140381
W 264.671569824 -51.318168640 2.457497597
W 139.537612915 122.722511292 164.365310669
W 155.660415649 53.025802612 106.297080994
W 142.594436646 -79.493949890 136.213516235
W 227.814529419 -42.092597961 302.346588135
W 70.934341431 -114.664138794 243.620010376
W 126.937416077 48.169212341 3.548218727
W 17647.841796875 34294.691406250 16351.986328125
W 287.355377197 -5.044904232 25.992855072
W 117.610382080 -146.682815552 10.007880211
W 146.902175903 123.488708496 114.955245972
W 26.429718018 -51.100486755 194.505493164
W 283.978424072 -98.864204407 249.336975098
W 271.604980469 -164.118713379 211.983413696
W 154.671463013 85.411163330 40.742912292
W 90.992729187 -177.328948975 167.655807495
W 321.617431641 -55.886802673 214.857757568
W 317.715881348 -86.436096191 73.249549866
W 156.460327148 19.293897629 274.418579102
W -134.874526978 280.190246582 760.299011230
W 262.767456055 -98.406059265 14.829678535
W 154.897033691 29.023374557 -12.698959351
W 23.957817078 -95.331932068 56.480556488
W 32.581989288 -152.267715454 130.233718872
W 214.324081421 117.966224670 166.108612061
W 119.676895142 -84.803764343 -18.388982773
W 247.545944214 94.676979065 195.504791260
W 215.352310181 -180.731094360 47.155193329
W 283.195770264 17.368146896 43.003700256
W 335.754699707 -21.023248672 136.145736694
W 189.138580322 65.162544250 252.936050415
W 165.026107788 -198.713592529 215.842361450
W 179.139938354 -63.013782501 134.789657593
W -2900.614990234 26654.687500000 -34057.613281250
W 69.410324097 -161.649993896 224.551834106
W -3287.255615234 -5814.977539062 -237.909545898
W 290.990356445 36.335132599 54.023773193
W 47.579879761 34.223506927 194.308456421
W 281.596191406 -77.867507935 266.629394531
W 114.795013428 -142.281341553 276.631164551
W 10216.904296875 -628.278320312 -2495.063964844
W 33.103302002 -122.382820129 71.553321838
W 150.292953491 -63.027137756 313.516510010
W 263.055694580 -152.972274780 50.075946808
W 256.284118652 100.904205322 123.607261658
W 7244.135742188 8300.233398438 15835.260742188
W 85.251693726 -175.910903931 220.457122803
W 336.031066895 -45.245532990 169.169311523
W 269.264282227 -113.614166260 24.825107574
W 336.773315430 -62.801189423 151.034820557
W 80.249198914 63.395271301 230.572952271
W 34.598308563 65.577873230 143.136459351
W 216.340728760 -91.574722290 112.673431396
W 278.175262451 -40.168670654 12.648386955
W 330.838714600 -96.117416382 138.534027100
W -6359.690917969 -2415.527587891 5770.696289062
W 207.320938110 -211.346725464 169.526550293
W 165.086181641 36.855819702 293.553466797
W -265.761260986 8.269429207 775.011657715
W 289.509246826 -126.891136169 55.988327026
W 261.537445068 -161.257232666 229.389038086
W -17528.751953125 5526.421386719 3533.080322266
W 291.683105469 49.226947784 211.759841919
W 127.665840149 -53.365077972 -26.671875000
W 266.082122803 89.738792419 104.597755432
W 322.392395020 -49.430606842 76.518852234
W 121.900306702 -97.529762268 101.835006714
W 82.602432251 -189.466308594 102.092567444
W 200.432388306 -210.263687134 113.735923767
W 19.533700943 -133.705078125 151.177856445
W 0.032007799 -87.895408630 131.529235840
W 140.226852417 92.447425842 240.411102295
W -5933.035644531 5407.143554688 -1549.956542969
W 274.376861572 -18.322448730 10.590253830
W 141.816040039 13.006439209 302.768127441
W 94.781822205 -202.361282349 149.698211670
W 155.082046509 66.008071899 11.404721260
W 278.542724609 -133.718704224 240.189498901
W 19.363370895 39.453243256 114.897636414
W 80.725502014 -124.728355408 271.383239746
W 130.750289917 112.848449707 84.276718140
W 89.665756226 -38.909683228 -12.405866623
W 215.746948242 -63.576675415 305.655975342
W 251.646575928 -156.089965820 97.190811157
W 165.305480957 -190.906265259 237.077957153
W -3.397441149 -75.453346252 154.269088745
W 3183.317871094 4855.667480469 -1330.612060547
W 181.434890747 89.531959534 35.849639893
W 251.813064575 1.953990340 -0.790580034
W 153.175964355 116.553741455 196.499374390
W 150.646667480 -157.081649780 273.558959961
W 214.743484497 60.520137787 268.066589355
W 92.751472473 -110.233818054 0.105589934
W 287.827056885 69.730705261 105.042045593
W 214.214828491 -169.792755127 116.737121582
W 201.380294800 99.816497803 224.729507446
W 53.842052460 -117.812149048 31.126502991
W 112.113624573 -14.495933533 302.549285889
W 192.663345337 46.184677124 -0.779913425
W 37.146980286 -17.211442947 30.599201202
W 175.577575684 113.188476562 75.815971375
W 183.973449707 10.585146904 -19.680582047
W -11245.166015625 10288.720703125 2330.506347656
W 75.253875732 34.081268311 264.714904785
W 49.082191467 -51.422599792 15.181858063
W 11342.149414062 5154.426757812 -153.123092651
W 447.906311035 466.996124268 604.596496582
W 330.883941650 -9.907630920 176.480743408
