533

A 400.264007568 -57.246631622 145.404785156
A 109.321548462 -199.183792114 430.413757324
A 352.165588379 -152.711059570 467.720306396
A 287.782592773 -317.419586182 291.703155518
A 442.828094482 -45.061027527 340.121643066
A 459.774505615 -105.314056396 306.181518555
A 331.094848633 -231.574996948 328.833496094
A 325.747985840 -116.471908569 467.273986816
A 350.424011230 -5259.740234375 -50173.484375000
A 455.043670654 -148.079696655 278.625396729
A 124.507965088 1.480775714 132.912734985
A 334.880859375 -83.470397949 416.502105713
A 328.119659424 -294.643859863 229.875122070
A 411.959777832 -29.808780670 398.956481934
A 73.308135986 -51.408958435 159.945419312
A 3451.350341797 -793.499877930 7616.086425781
A 269.549987793 -140.562103271 495.639434814
A 195.955627441 -293.394165039 384.044830322
A 102.897842407 -182.474456787 297.116485596
A 332.371490479 24.337621689 137.914505005
A 243.036865234 101.832099915 345.967254639
A 452.256347656 -144.438644409 316.033843994
A 230.048568726 -144.511718750 499.097473145
A 6283.627929688 4740.680175781 4.421482086
A 314.255767822 35.696571350 430.363189697
A 322.113067627 -309.518859863 318.525329590
A 357.152374268 -8.467095375 439.658599854
A 451.181579590 -73.478729248 336.635375977
A 429.501831055 -204.843948364 248.711944580
A 201.246170044 -55.958183289 103.540023804
A 221.640960693 92.656181335 198.800415039
A 448.476684570 -108.081237793 345.270690918
A 452.881500244 -62.579860687 245.333267212
A 335.186065674 -279.760711670 377.342437744
A 426.131591797 -204.056533813 345.219482422
A 90.573623657 -197.238876343 158.917526245
A 265.307037354 -3.405740976 475.601593018
A 104.414840698 59.319118500 304.911621094
A 447.681854248 -138.178405762 221.861724854
A 34.303607941 -110.436836243 331.167297363
A 398.443634033 -150.648605347 140.713043213
A 130.137145996 -106.171905518 96.250114441
A 152.440139771 16.109199524 126.367309570
A 295.514739990 -265.474029541 423.696441650
A -1173.066528320 395.296722412 296.876922607
A 313.567932129 -15.748661995 100.851211548
A -48340.828125000 63870.289062500 40595.289062500
A 215.156524658 97.643135071 340.447448730
A 153.014877319 57.221431732 394.948760986
A 147.637405396 -164.301895142 293.916198730
A 67.900184631 22.666234970 275.716766357
A 53.413951874 -62.703147888 187.309326172
A 94.833396912 -155.662063599 128.447143555
A 135.078598022 -219.584732056 436.180053711
A 263.696075439 104.730934143 321.880767822
A 218.604965210 -318.732360840 332.683410645
A 154.677597046 53.318817139 164.299743652
A 97.493278503 -268.127105713 300.190979004
A 81.020072937 -222.162261963 375.572631836
A -66464.765625000 16391.785156250 -51249.781250000
A 124.287277222 -75.513641357 104.190010071
A 242.171325684 -101.298988342 503.033111572
A 127.632751465 -182.844680786 451.372955322
A 181.414169312 -274.527770996 407.127655029
A 77.052932739 -250.678329468 279.999572754
A 340.760894775 -228.938659668 134.330902100
A 261.982666016 111.530670166 293.376312256
A 387.454101562 -266.465759277 248.298400879
A 394.546386719 -251.381698608 329.425170898
A 442.218872070 -190.990707397 285.125000000
A 440.106445312 -86.083755493 193.094894409
A 395.781066895 -176.217300415 226.132308960
A 375.776702881 -239.688659668 178.614913940
A 93.126914978 40.773284912 336.808258057
A 106.741813660 -261.789398193 365.963470459
A 60.088325500 -163.559814453 177.725662231
A 339.329162598 -39.237384796 104.624732971
A 287.561798096 -204.105697632 474.030456543
A 344.678894043 19.612707138 428.234405518
A 216.555648804 14.982292175 104.054435730
A 4094.879882812 -12536.493164062 23570.541015625
A 322.949768066 -14.339979172 462.415740967
A 140.055969238 -236.820510864 144.256713867
A 377.511047363 41.070713043 363.516906738
A 202.111648560 -166.274261475 79.290000916
A 51.346038818 -178.272781372 367.719665527
A 424.954437256 -87.723526001 166.158386230
A 249.859588623 -260.842926025 435.108367920
A 304.191162109 -44.810943604 483.767272949
A 190.250015259 -205.437072754 472.045166016
A 130.488433838 -241.813751221 412.902191162
A 165.476821899 -307.470611572 286.911651611
A 39494.320312500 -13463.213867188 -42902.070312500
A 426.046081543 -142.245330811 394.742218018
A 139.171615601 -271.133331299 189.892211914
A 441.940856934 -155.922454834 347.465209961
A -19827.800781250 -81272.445312500 10387.213867188
A 141.707656860 -153.450820923 95.306434631
A 314.912445068 -191.225860596 473.690948486
A 443.919677734 -170.940292358 233.585189819
A 71.799942017 -120.922668457 421.381225586
A 67.097831726 -88.149070740 162.342330933
A -2647.852783203 6092.217285156 6285.798339844
A 116.544609070 -217.465377808 147.400787354
A 380.860687256 -138.231048584 122.757896423
A 158.066070557 22.513813019 418.694824219
A 352.571289062 -222.918151855 428.276275635
A 224.150161743 -282.636779785 154.626235962
A 74.001686096 -93.168251038 139.768112183
A 219.263610840 -241.500747681 117.368812561
A 45.250316620 -194.390441895 237.041091919
A 361.357818604 -271.215393066 211.012069702
A 56.220409393 -23.070388794 206.279602051
A 292.144622803 -268.280639648 145.690109253
A 231.709274292 -325.097778320 251.455917358
A 402.007385254 -91.595176697 138.054367065
A 212.684310913 -53.946025848 74.720054626
A -1531.297851562 -83462.015625000 -20373.123046875
A 159.725784302 -272.031585693 169.905563354
A 280.541656494 -167.348205566 103.713958740
A 151.323883057 -14.193346977 109.946525574
A 235.776412964 -68.374511719 498.225067139
A 277.573516846 -234.356277466 144.267074585
A 83.080238342 -82.618576050 431.994873047
A -57233.621093750 -44240.699218750 -51220.265625000
A 433.191406250 -17.860708237 346.936676025
A 364.121734619 -281.142486572 239.693069458
A 349.462646484 -188.644973755 454.760986328
A 23.651090622 -100.121223450 300.873168945
A 49.104755402 -11.882023811 281.671264648
A 332.047149658 -81.077453613 481.397247314
A 220.975067139 -7.931719780 477.132598877
A 382.602813721 49.491596222 228.565963745
A 312.446258545 66.566291809 169.790557861
A 383.976470947 -85.288673401 120.671897888
A -840.296081543 -5955.082519531 2082.430664062
A 212.269134521 -199.454757690 87.009117126
A 195.950317383 -310.433380127 345.833251953
A 942.899414062 -759.007934570 108.889884949
A 295.799591064 92.908775330 339.264129639
A 177.603607178 64.678016663 163.944702148
A 113.140274048 -245.756622314 390.335449219
A 295.448730469 -80.531959534 72.133804321
A 266.317626953 -309.562255859 369.866333008
A 43.507732391 -26.767950058 312.651306152
A 30049.259765625 -10223.815429688 -43664.875000000
A 291.083251953 -163.080566406 490.487884521
A 267.916015625 -141.392745972 270.096801758
A -4078.353515625 -1214.540161133 1299.220092773
A 239.711639404 40.005413055 125.856788635
A 92.860679626 -216.935317993 257.240081787
A 82.003135681 -47.492172241 422.382049561
A 308.177124023 81.369308472 201.261901855
A 95.461471558 -260.427734375 257.028015137
A 154.632324219 30.961341858 431.560363770
A 67.112564087 11.463247299 229.516143799
A 401.133728027 -31.336585999 163.123291016
A 216.119415283 -104.653366089 63.960041046
A 391.505218506 -211.842132568 402.809509277
A 40.988418579 -129.003692627 366.863525391
A 74.143577576 -183.850509644 175.808227539
A 86.155250549 -25.573511124 170.134140015
A 255.305633545 107.996940613 239.722351074
A 284.244903564 58.537021637 417.410888672
A 137.981826782 66.389961243 207.964370728
A 85.055984497 -251.249725342 237.975006104
A 75.637092590 25.175579071 249.136169434
A 65.988494873 -230.076599121 312.088867188
A 99.248901367 53.813537598 261.210235596
A 370.200744629 -280.086883545 294.723815918
A 189.515167236 91.402679443 216.930938721
A 336.694030762 -275.294372559 183.735931396
A 33.170688629 -156.548812866 267.388031006
A 262.134826660 13.219841957 102.173164368
A 367.612670898 70.882354736 264.436614990
A 386.850219727 -180.513153076 142.866485596
A 383.914337158 3.857573509 404.456878662
A 322.213714600 -62.974491119 87.271873474
A 164.666763306 -302.356475830 346.321563721
A 175.295257568 96.708305359 276.125671387
A 297.543670654 -46.180419922 84.896301270
A 43.712009430 -133.005371094 195.907241821
A 441.415985107 -19.698541641 298.742858887
A 331.903839111 -219.266174316 447.749267578
A 197.270431519 84.330139160 372.348175049
A 183.123962402 -11.579529762 474.135498047
A 4181.725097656 9751.173828125 13344.793945312
A 263.063690186 107.670715332 267.399047852
A 93.334892273 -218.928161621 176.952133179
A 426.190643311 -220.974044800 283.655822754
A 194.584030151 -85.578681946 498.248748779
A 48.448295593 -19.354450226 245.683868408
A 381.591217041 -253.511520386 206.015060425
A 808.938598633 -1275.638671875 -60.587356567
A -30259.236328125 38524.574218750 31450.417968750
A 47.550212860 -195.845092773 330.107360840
A 323.749816895 -171.963104248 92.765586853
A 254.387207031 -268.049285889 137.101989746
A 80.447891235 35.057826996 303.148559570
A 41.755214691 -53.280994415 216.623397827
A 398.589111328 -187.064971924 413.567596436
A 247.111206055 -139.520217896 69.656181335
A 280.604766846 -223.374481201 100.983901978
A 149.286285400 -286.816436768 371.190917969
A 181.052459717 -190.889373779 95.395492554
A 125.794708252 72.503250122 293.577209473
A 173.137680054 -306.577270508 226.941207886
A 163.460571289 -213.180770874 457.214324951
A 295.333251953 -109.006172180 75.122383118
A 58.181686401 -222.159713745 245.558486938
A 283.697052002 -13.155108452 91.662178040
A 313.061096191 47.672702789 146.072235107
A 91.849800110 -107.993858337 124.494239807
A 170.406799316 -1374.907836914 -288.685089111
A 65.754623413 -160.504043579 402.344451904
A 402.851867676 41.949680328 261.967132568
A 264.404724121 -55.678455353 494.691284180
A 90.131271362 -135.753173828 135.430023193
A 276.817291260 -114.928192139 499.358367920
A 260.422912598 -34.720367432 77.067344666
A 341.887786865 -99.958335876 93.793807983
A 411.116088867 -18.053489685 274.152679443
A 200.272644043 -58.419563293 493.329803467
A 281.396087646 78.000526428 175.713562012
A 114.930854797 1.944288969 423.511199951
A 330.923309326 80.563079834 219.609725952
A 318.280029297 -304.241027832 261.262939453
A 242.284301758 -61.351806641 71.426696777
A 220.699829102 -307.286560059 282.326263428
A -7150.755859375 39974.500000000 -94915.734375000
A 57.288852692 -126.101081848 169.215805054
A 160.378311157 -167.409835815 475.888397217
A 168.679702759 -153.035614014 83.145347595
A 217.659942627 -147.317565918 69.897659302
A 214.590225220 107.494621277 287.679992676
A 254.431610107 99.393074036 216.783584595
A 440.283416748 -85.029640198 373.095977783
A 361.223876953 -160.223297119 109.983314514
A 413.533996582 -188.348892212 384.992858887
A 301.610107422 -285.828460693 391.560455322
A 81.985900879 15.182320595 204.630538940
A 389.924713135 -244.750137329 364.195556641
A 403.915374756 25.967718124 227.286407471
A 361.553558350 -122.471649170 103.628532410
A 427.943634033 -178.236541748 197.533645630
A 368.908294678 -45.901638031 118.115371704
A 53.314441681 -148.563552856 385.967285156
A 203.489364624 -263.164794922 431.755035400
A 269.458007812 33.725093842 446.840515137
A 427.190765381 -174.590560913 375.922637939
A 56330.445312500 25966.220703125 6756.149414062
A 715.943481445 -1692.090454102 -1125.835693359
A 433.167358398 -134.898223877 186.462005615
A 252.769378662 -323.382873535 276.916809082
A 190.060714722 81.651863098 188.440887451
A 334.317810059 -254.473846436 412.605957031
A 65.342750549 -34.202613831 392.206054688
A 175.468643188 -47.593017578 82.780006409
A 406.730773926 -68.114128113 420.815948486
A 369.096435547 -270.545227051 351.177062988
A 297.741851807 83.916229248 370.232604980
A 204.878692627 63.296600342 150.114624023
A 58.558803558 -100.296508789 401.299865723
A 408.603973389 23.197999954 336.161102295
A 35.614894867 -80.886596680 346.145172119
A 383.992706299 -43.063560486 437.877105713
A 311.415557861 -208.181793213 103.732116699
A 45.745403290 -203.614730835 297.025848389
A 324.189697266 61.363456726 395.762329102
A 381.540985107 -129.056747437 449.960144043
A 250.515747070 -20.028694153 485.467742920
A 328.493682861 89.599205017 313.280792236
A 327.868408203 76.813713074 359.654907227
A 370.644775391 -235.970733643 408.272705078
A 41.198375702 -192.001052856 274.894989014
A -3201.289550781 -16336.086914062 8576.733398438
A 340.713653564 -194.052154541 112.951728821
A 400.961853027 -1.910850167 179.095535278
A 131.184783936 -264.835235596 330.428924561
A 29.562837601 -138.960296631 322.221191406
A 1702.774169922 6637.114257812 4621.405761719
A 242.350463867 42.258556366 217.361114502
A 430.307525635 -29.785160065 205.484771729
A 161.182830811 -246.166900635 430.188751221
A 141.099838257 -30.550127029 465.299102783
A 423.544311523 -212.630752563 223.162643433
A 275.814208984 -150.018508911 74.291503906
A 133.173889160 -187.913604736 113.383605957
A 179.984527588 -148.336166382 489.489166260
A 37.940101624 -89.816955566 268.482055664
A 363.772125244 71.260162354 309.212554932
A 353.914184570 -292.470092773 270.810119629
A 392.195068359 12.585272789 384.259796143
A 255.454116821 -171.716491699 491.428405762
A 188.539779663 -104.849472046 196.316665649
A 384.518981934 54.698646545 293.654754639
A 184.739944458 34.637928009 129.553543091
A 281.678375244 53.532524109 141.777267456
A 149.568206787 -115.528503418 484.147888184
A 240.743698120 -226.020156860 465.175628662
A 442.120910645 -62.708904266 220.373580933
A 407.609527588 -242.310531616 247.425262451
A 443.792938232 -82.783279419 307.563079834
A 117.446495056 -69.655639648 460.699310303
A 425.892272949 -89.277458191 400.614929199
A 457.978668213 -118.411109924 280.720306396
A -28160.775390625 -41349.226562500 31949.033203125
A 199.939819336 -2.623870611 101.014251709
A 108.117622375 54.495033264 226.867614746
A 251.417449951 -291.356964111 397.816741943
A -1141.107910156 -3458.736816406 -2174.239990234
A 137.997512817 35.239894867 158.563003540
A 380.659515381 -153.173461914 443.251373291
A 410.060516357 5.941869736 204.890731812
A 36.657840729 -55.014854431 245.650238037
A 453.365692139 -109.288764954 243.473495483
A 31.959163666 -97.432746887 220.422988892
A 208.898727417 20.532331467 457.590087891
A 368.858520508 -62.479557037 455.855987549
A 121.291221619 -146.656448364 107.562667847
A 32.072597504 -60.579593658 319.426818848
A 301.822906494 101.514373779 261.720245361
A 179.036605835 -6.242956161 99.053497314
A 229.565093994 79.570846558 388.974182129
A 62.286170959 -76.649932861 403.236328125
A 299.685913086 99.559989929 297.341369629
A 348.648376465 -290.343780518 331.366119385
A 66.126144409 -216.082168579 352.263946533
A 255.624176025 -300.248504639 189.069671631
A 143.174591064 68.951141357 361.654235840
A 237.210113525 -11.102470398 84.649803162
A 63.559020996 -210.471527100 209.627182007
A 227.326324463 52.372016907 138.475265503
A 354.755920410 45.947971344 390.681274414
A 149.621490479 89.726997375 306.945739746
A 215.858779907 -109.916427612 499.819366455
A 323.793914795 -152.833969116 482.618377686
A 440.555389404 -127.590080261 367.332214355
A 448.389007568 -162.009109497 260.066162109
A 175.711730957 -263.209350586 150.027114868
A 115.786552429 45.850471497 376.334472656
A 362.329681396 56.170185089 213.122955322
A 416.310211182 -109.146080017 411.740325928
A 253.944061279 93.456954956 367.860717773
A -330.138183594 709.769348145 1757.289184570
A 268.585510254 -248.285919189 118.661331177
A -19139.244140625 53701.062500000 -4657.871582031
A 170.421829224 -46.012275696 479.041534424
A 440.703491211 -175.937316895 323.906738281
A 390.453582764 -260.137176514 299.750946045
A 63.217269897 7.001672268 314.252746582
A 233.810440063 -101.622261047 73.139656067
A 189.662170410 -241.837799072 447.298461914
A 419.279205322 -156.316192627 167.146362305
A 8948.439453125 3173.244384766 -5236.091308594
A 217.411544800 108.261322021 263.027923584
A 361.626190186 -89.122116089 467.676910400
A 147.429672241 -56.820259094 92.753509521
A 39.213001251 -167.726303101 329.215972900
A 120.153289795 -248.839538574 178.057601929
A 293.012298584 -309.777435303 229.713562012
A 295.124938965 -10.181291580 472.650665283
A 298.435882568 -285.149444580 182.250335693
A 269.539245605 74.152809143 394.216369629
A 244.237869263 66.576293945 411.305511475
A 244.293777466 47.204654694 437.205596924
A 425.387756348 7.298459053 319.964935303
A 220.669540405 -314.179901123 222.347015381
A 120.288505554 -287.009216309 255.943710327
A 165.142730713 11.870804787 452.122161865
A 360.432769775 -262.499145508 386.176116943
A 159.255645752 -307.840637207 318.009796143
A 147.986434937 86.716362000 259.733276367
A 368.895294189 21.324981689 164.254531860
A 305.073730469 -300.405059814 199.586441040
A 2017.162963867 -2265.077392578 1.761872530
A 123.620651245 69.433090210 249.460540771
A 380.458984375 -215.283508301 160.230880737
A 185.463211060 -116.069763184 74.849510193
A 224.125274658 -301.810485840 191.354125977
A 48.463100433 -29.950096130 345.414215088
A 179.994705200 -294.901275635 199.195037842
A 198.447189331 56.901195526 420.722167969
A -15391.180664062 12006.338867188 -16732.873046875
A 362.861846924 -80.531036377 103.730148315
A 174.582580566 -213.880096436 107.345588684
A 422.249481201 -51.175128937 178.618591309
A 239.347656250 -324.139801025 313.741851807
A 321.334197998 -303.054687500 344.507446289
A 196.149749756 -171.170028687 489.116699219
A -11191.702148438 5262.397460938 -9585.258789062
A 326.867431641 -308.111602783 280.934051514
A 383.061614990 50.909320831 333.978454590
A 326.706481934 -119.347671509 82.996643066
A 123.820487976 -30.764595032 117.996520996
A 443.791259766 -29.052297592 253.722518921
A 201.291030884 -321.696075439 289.104431152
A 62.790756226 -7.727561474 358.172027588
A 215.947814941 39.213584900 441.431762695
A 76.656204224 -4.983048439 178.301635742
A 110.208168030 -266.802947998 219.189361572
A 412.385711670 -117.889221191 149.364318848
A 153.070541382 -78.166816711 482.159576416
A 80.180099487 19.946580887 359.746429443
A 39694.773437500 -48232.648437500 61262.207031250
A 406.549621582 -223.622421265 358.854827881
A -7443.660644531 856.516784668 4712.663574219
A 1654.061767578 -3794.160888672 -599.470092773
A 152.299423218 -270.232696533 397.911193848
A 157.651626587 84.071968079 217.951553345
A 428.763153076 -2.926831722 234.739822388
A 316.793640137 -247.612991333 137.377685547
A 43.838134766 -167.108200073 215.070724487
A 369.052246094 5.115736008 144.738662720
A 297.453460693 97.482933044 225.931182861
A 375.861450195 -185.229690552 435.026214600
A 91.679061890 -174.212249756 139.487823486
A 147.478897095 -217.350891113 121.253730774
A -3613.225097656 2314.597900391 102.228256226
A 310.286254883 -247.234695435 436.302551270
A 184.029083252 -118.647476196 494.958618164
A 404.888153076 -194.909713745 170.432312012
A 168.386444092 83.225738525 346.875305176
A 237.798568726 -27.888305664 476.195343018
A 149.031524658 -304.782470703 258.354583740
A 117.387886047 -104.335159302 469.800445557
A 275.390533447 -319.705688477 254.508911133
A 265.711364746 -297.981262207 358.657745361
A 331.292266846 0.521038234 286.183532715
A 153.956954956 -111.452629089 81.539955139
A 380.127258301 -19.935070038 141.600967407
A 293.529357910 -229.400238037 459.377593994
A 30280.929687500 58836.769531250 28075.828125000
A 89.822257996 -156.733856201 432.181854248
A 303.246063232 20.446729660 453.348175049
A 274.926574707 -321.285308838 319.494598389
A 442.653411865 -106.535308838 208.442398071
A 96.113426208 -33.879302979 138.572708130
A 106.604888916 40.034542084 200.627273560
A 263.280456543 -277.536987305 415.869140625
A 348.560882568 77.746986389 243.438766479
A 43.638622284 -95.652938843 193.514907837
A 51.615623474 -50.357109070 366.123229980
A 258.019348145 -197.767730713 87.117408752
A 164.842376709 -25.690891266 448.057556152
A 114.860633850 -42.451251984 449.149963379
A 258.672027588 -204.084625244 478.950622559
A 426.027465820 -51.314414978 384.055206299
A 411.645996094 29.313884735 297.457092285
A 186.350784302 -314.710327148 254.426025391
A 301.540100098 -68.264572144 491.700073242
A 141.214981079 -288.301666260 218.221115112
A 183.982360840 68.898429871 396.788513184
A 86.598564148 -189.699813843 411.674499512
A 27.377975464 -144.629455566 289.515991211
A 207.999572754 -260.354370117 136.724334717
A 247.016174316 89.679397583 185.201278687
A 193.480194092 -36.250576019 320.017639160
A -5009.720214844 46037.875000000 -58830.199218750
A 369.025299072 38.086029053 185.038970947
A -516.099304199 -1391.774414062 194.457229614
A 88.567131042 -213.496170044 399.324829102
A 406.376312256 -224.001022339 204.381988525
A 99.917007446 -69.485153198 122.638877869
A 308.873168945 15.860619545 117.093734741
A 8607.154296875 -553.498962402 -1917.462646484
A 417.969024658 -8.890854836 367.499481201
A 268.601562500 -85.873741150 69.112579346
A 115.852531433 23.941013336 401.114074707
A 128.480102539 -295.175659180 300.311340332
A 9871.470703125 11268.949218750 21561.570312500
A 343.867736816 54.109775543 178.255462646
A 24.936922073 -113.170349121 246.242095947
A 105.364440918 -21.240152359 434.270721436
A 20.861705780 -80.449707031 277.033050537
A 351.629211426 -249.666488647 160.880737305
A 407.547302246 -245.726364136 285.387084961
A 113.106704712 9.324561119 353.101623535
A 96.313804626 -114.642936707 447.111999512
A 35.971523285 -43.831573486 283.730102539
A -3930.898925781 -1583.163452148 3869.204345703
A 191.978927612 100.268165588 245.208358765
A 235.178909302 -218.280487061 94.870491028
A 136.771423340 -107.780433655 440.702941895
A 83.914756775 -8.086554527 393.063171387
A 121.670654297 40.289398193 177.631011963
A -23530.779296875 7455.216796875 4833.583007812
A 92.757118225 -237.578994751 201.772674561
A 289.990051270 -98.215675354 498.776306152
A 120.010353088 -280.688995361 336.268371582
A 40.708877563 -99.643272400 370.872039795
A 357.627838135 23.201904297 372.901428223
A 349.995819092 73.645759583 336.697967529
A 203.095245361 101.613563538 315.938659668
A 429.706298828 8.045753479 271.115783691
A 454.097198486 -52.079689026 295.816223145
A 272.369659424 -286.198211670 164.152038574
A -3156.383300781 2934.087890625 -626.923339844
A 109.246795654 -146.937789917 452.360015869
A 279.857543945 -179.057968140 78.079483032
A 334.687103271 92.764099121 276.486602783
A 259.868041992 -245.301010132 453.324768066
A 101.992317200 6.411767960 159.646270752
A 426.205993652 -215.525512695 316.516540527
A 346.991485596 -6.972377777 123.695152283
A 293.036346436 -306.357940674 356.483154297
A 339.009857178 -119.520645142 486.134338379
A 175.997909546 -81.618110657 78.066841125
A 118.900474548 59.966491699 341.102539062
A 248.412979126 70.386978149 157.448669434
A 457.406829834 -77.213668823 269.082305908
A 304.807006836 -1.858010054 253.452224731
A 220.956481934 -279.002563477 415.167327881
A 136.827911377 -162.995788574 467.534271240
A 258.708465576 -313.944580078 220.448379517
A 273.605194092 32.858203888 118.209709167
A 178.855072021 -239.785400391 126.526901245
A 344.185119629 -38.774318695 463.991180420
A 84.089775085 -255.078094482 334.207000732
A 169.366287231 89.218498230 323.353179932
A 195.809661865 -289.753540039 179.097335815
A 387.587554932 -21.784881592 426.118072510
A 315.770263672 -145.332794189 81.774101257
A 209.306442261 -224.483688354 463.962463379
A 409.554595947 -143.858535767 418.872955322
A 225.598571777 -306.776855469 368.212799072
A 225.554504395 -183.496856689 485.143432617
A -13526.043945312 12413.718750000 2920.004150391
A 360.809722900 -205.563476562 130.778060913
A 391.707214355 -96.955505371 443.713775635
A 11525.012695312 5164.525878906 -27.062393188
A 317.243316650 38.377490997 407.744964600
A 33.288528442 -149.083007812 238.429794312
