533

A 377.287078857 -54.090415955 136.259796143
A 102.996902466 -188.179229736 406.051910400
A 332.129730225 -144.344192505 441.420318604
A 271.454956055 -299.504882812 275.294372559
A 417.285705566 -42.597572327 321.133087158
A 433.985290527 -99.309455872 288.277343750
A 312.073760986 -218.141845703 310.366607666
A 306.822998047 -109.757850647 440.733703613
A 330.337310791 -4959.243652344 -47303.671875000
A 429.393035889 -138.821121216 262.863525391
A 117.370292664 1.061581612 125.360466003
A 315.161285400 -78.659454346 392.355133057
A 309.537200928 -277.953369141 216.730804443
A 388.463653564 -28.470449448 375.550109863
A 68.793869019 -48.097293854 150.500183105
A 3253.738525391 -748.424621582 7180.401855469
A 254.152252197 -132.720123291 467.305084229
A 184.934844971 -276.655822754 362.201049805
A 96.562149048 -171.835632324 280.580169678
A 313.672119141 22.852600098 130.277359009
A 229.597366333 95.815261841 325.902679443
A 426.383666992 -135.991271973 298.154479980
A 217.418457031 -135.951431274 470.735626221
A 5924.305664062 4469.701171875 4.091099262
A 296.826751709 34.057189941 405.459472656
A 303.623809814 -291.356292725 299.918792725
A 336.914184570 -7.868083477 415.166809082
A 425.428924561 -68.961265564 317.707977295
A 405.097991943 -192.786041260 234.444503784
A 190.180587769 -52.712036133 97.490158081
A 208.525344849 87.739974976 187.291900635
A 423.012908936 -102.302833557 325.519531250
A 426.904418945 -58.596294403 231.258758545
A 315.733886719 -263.576751709 355.616058350
A 401.520538330 -192.174301147 324.863311768
A 85.057922363 -185.878982544 149.364730835
A 249.941390991 -3.499917746 448.336975098
A 98.583274841 55.967178345 287.464569092
A 422.056518555 -130.556259155 208.775817871
A 32.225742340 -103.532348633 311.791198730
A 375.705871582 -141.829879761 132.639938354
A 122.163475037 -100.320091248 91.204467773
A 143.739059448 14.985499382 119.665809631
A 278.561004639 -250.793380737 399.919708252
A -1106.015747070 372.708709717 279.495788574
A 295.665893555 -14.978220940 94.848373413
A -45576.253906250 60217.558593750 38273.933593750
A 202.865447998 91.912330627 321.148651123
A 144.263656616 53.641063690 372.800201416
A 138.952438354 -154.415313721 276.847595215
A 63.667865753 21.049552917 260.312866211
A 49.305358887 -59.398880005 176.459640503
A 89.280235291 -146.617782593 120.578765869
A 127.229568481 -206.859359741 411.396026611
A 249.028335571 98.908111572 303.173767090
A 205.989196777 -300.154602051 313.992553711
A 145.704757690 50.003791809 154.982543945
A 91.556167603 -252.869293213 282.543060303
A 76.464447021 -209.484405518 353.153869629
A -62664.265625000 15454.093750000 -48319.003906250
A 116.749702454 -70.815147400 98.048385620
A 228.083740234 -95.177497864 473.963500977
A 120.247451782 -172.134597778 425.879333496
A 170.787048340 -259.218017578 383.529968262
A 72.494865417 -236.690811157 264.449615479
A 320.889801025 -215.793121338 126.744667053
A 246.589447021 104.621734619 276.900207520
A 365.101379395 -251.122787476 233.803222656
A 371.993072510 -236.960250854 310.663421631
A 416.930877686 -179.861206055 268.836456299
A 415.061309814 -81.156555176 182.251480103
A 373.554809570 -166.073410034 212.888565063
A 355.029693604 -226.095748901 168.190490723
A 87.424179077 39.122333527 317.575195312
A 100.899978638 -246.541687012 344.736968994
A 55.995975494 -154.190444946 167.355804443
A 320.739013672 -37.027229309 98.824943542
A 270.500640869 -192.024093628 446.699005127
A 324.890045166 18.475954056 404.161132812
A 203.380172729 14.456693649 97.915992737
A 3860.792480469 -11819.483398438 22222.615234375
A 304.530883789 -12.254192352 435.916229248
A 131.910705566 -223.181686401 135.629623413
A 356.384429932 38.538879395 342.807250977
A 190.584671021 -156.587844849 74.461502075
A 48.050113678 -167.880554199 347.432128906
A 400.778869629 -83.426727295 156.609756470
A 235.799011230 -245.575088501 410.683166504
A 286.923095703 -42.504959106 456.870544434
A 179.258712769 -192.933883667 445.107635498
A 123.173240662 -228.205596924 389.261810303
A 155.446334839 -290.274414062 270.185943604
A 37236.234375000 -12693.302734375 -40448.984375000
A 402.721740723 -133.479553223 372.531951904
A 131.335815430 -255.065246582 179.125534058
A 417.036956787 -146.575958252 327.128479004
A -18694.138671875 -76624.945312500 9792.964843750
A 134.108291626 -144.874374390 89.993888855
A 296.896972656 -180.283004761 446.564117432
A 417.707824707 -160.953689575 219.716354370
A 67.716598511 -114.292984009 397.891387939
A 62.632102966 -83.886054993 153.301818848
A -2496.107666016 5743.754882812 5926.266113281
A 109.828170776 -204.811096191 138.941452026
A 359.320343018 -130.898574829 115.344635010
A 149.773513794 21.747365952 394.447845459
A 332.404144287 -210.100357056 403.823547363
A 211.168228149 -265.954284668 145.735397339
A 69.501617432 -87.851318359 131.506332397
A 206.758316040 -227.484130859 110.851676941
A 42.925300598 -183.175903320 223.272476196
A 341.360809326 -255.377029419 198.665420532
A 52.962898254 -21.952798843 194.090927124
A 275.258850098 -252.840499878 137.619064331
A 218.245346069 -306.390106201 237.683029175
A 378.981353760 -86.588554382 130.228439331
A 200.474639893 -50.759681702 70.055297852
A -1443.053344727 -78689.648437500 -19208.330078125
A 150.591156006 -256.686553955 160.168472290
A 263.915344238 -157.298690796 97.739906311
A 143.290115356 -13.545004845 103.191307068
A 221.856155396 -64.380027771 469.564239502
A 260.812133789 -220.896957397 136.210388184
A 78.154800415 -77.827209473 407.098815918
A -53959.875000000 -41711.144531250 -48291.742187500
A 408.399108887 -17.171083450 326.976226807
A 342.830749512 -265.093444824 226.523361206
A 329.789794922 -178.206985474 428.638031006
A 22.344923019 -94.621604919 284.001892090
A 46.547626495 -11.237015724 265.002227783
A 313.038635254 -76.414260864 454.320465088
A 208.486907959 -7.761841774 449.522949219
A 360.756561279 46.824703217 216.178237915
A 294.428924561 62.884826660 159.950820923
A 361.933380127 -80.494628906 113.517448425
A -791.923889160 -5614.326171875 1964.186035156
A 200.254394531 -187.984527588 81.912200928
A 184.590591431 -292.503387451 326.901397705
A 889.101928711 -715.783386230 102.571403503
A 278.837890625 88.168197632 319.581420898
A 167.191848755 60.674510956 154.325485229
A 106.678283691 -232.050338745 367.509613037
A 278.277374268 -76.288764954 68.023147583
A 250.408920288 -291.334228516 348.865081787
A 41.344287872 -24.932867050 294.415344238
A 28330.488281250 -9639.366210938 -41168.125000000
A 274.647491455 -153.747329712 462.328155518
A 251.916381836 -134.007888794 254.407684326
A -3844.999023438 -1144.981079102 1224.636962891
A 225.882400513 37.413200378 118.639694214
A 87.501098633 -204.529388428 242.085647583
A 77.010528564 -45.179019928 399.349121094
A 290.450500488 76.906295776 189.908767700
A 90.278846741 -245.313278198 242.309982300
A 146.046325684 28.737421036 407.337402344
A 63.190086365 10.559858322 216.453399658
A 378.404937744 -30.054800034 153.991577148
A 204.139801025 -98.633850098 60.114414215
A 369.320831299 -200.150497437 380.287689209
A 39.179195404 -122.386688232 346.837799072
A 69.798042297 -173.688583374 165.771133423
A 81.112197876 -24.518535614 160.898468018
A 240.692214966 101.206886292 226.330673218
A 268.365997314 55.474094391 393.643646240
A 130.210510254 62.398593903 196.405441284
A 80.119071960 -237.333312988 224.146636963
A 71.039329529 23.361928940 235.107406616
A 62.292259216 -216.712905884 295.011718750
A 93.580215454 50.634395599 246.703659058
A 349.114013672 -264.185333252 278.175445557
A 178.441436768 86.405456543 204.484512329
A 317.391448975 -260.260833740 172.527465820
A 30.989059448 -147.256210327 252.129486084
A 247.084640503 12.701753616 96.621688843
A 346.611907959 67.025733948 249.755050659
A 365.096099854 -170.294265747 134.952667236
A 361.886627197 3.017848253 381.199584961
A 303.965484619 -58.961585999 82.711067200
A 155.435150146 -285.550964355 325.977844238
A 165.374847412 91.440452576 260.465728760
A 280.109008789 -43.167751312 80.542121887
A 41.172008514 -125.477981567 184.831146240
A 416.212951660 -18.841930389 281.803192139
A 313.073516846 -206.965393066 421.671691895
A 186.148635864 79.702743530 351.339416504
A 172.993270874 -11.085840225 447.048400879
A 3942.330322266 9192.932617188 12582.003906250
A 248.274978638 101.126296997 251.849472046
A 87.778549194 -206.698715210 166.758682251
A 402.392395020 -208.331085205 267.931518555
A 183.436096191 -80.757591248 469.659362793
A 45.367588043 -18.379865646 231.260848999
A 359.323730469 -238.717941284 194.275238037
A 762.865051270 -1202.469482422 -56.744453430
A -28528.615234375 36321.878906250 29652.103515625
A 44.884654999 -183.881729126 311.125823975
A 305.509368896 -161.941055298 87.532524109
A 239.430480957 -252.574249268 128.822967529
A 75.432067871 32.955852509 286.187835693
A 39.440040588 -50.891277313 203.724777222
A 376.306884766 -176.102050781 390.370483398
A 233.078170776 -131.577499390 65.884857178
A 264.680236816 -210.253707886 95.225997925
A 141.273330688 -270.096008301 350.287841797
A 170.470382690 -180.021408081 89.970924377
A 118.764587402 68.353950500 276.639434814
A 163.310348511 -288.846923828 213.941162109
A 154.252212524 -200.885574341 431.133697510
A 278.117980957 -103.058929443 71.379669189
A 55.330394745 -209.156997681 231.574111938
A 267.615692139 -12.392411232 86.816841125
A 295.266174316 44.357910156 137.708953857
A 86.182609558 -102.069999695 117.130424500
A 160.144775391 -1297.098876953 -272.521667480
A 61.657661438 -151.488204956 379.320037842
A 379.481903076 39.253829956 247.004714966
A 248.995681763 -52.234264374 466.748840332
A 84.734962463 -127.338279724 127.496673584
A 261.039367676 -108.203147888 470.777374268
A 245.038665771 -32.560707092 73.118637085
A 322.710784912 -94.193618774 88.462532043
A 387.875640869 -17.379131317 258.905700684
A 188.711730957 -54.677165985 464.976409912
A 265.518676758 73.465332031 165.535156250
A 108.536697388 2.014406443 399.563140869
A 313.146057129 75.749382019 207.027404785
A 300.248504639 -286.235748291 245.631332397
A 228.131240845 -57.790931702 67.159965515
A 208.313537598 -290.049072266 265.998229980
A -6741.900390625 37688.402343750 -89487.937500000
A 53.890441895 -118.850654602 158.687850952
A 151.277267456 -158.416534424 448.411560059
A 158.461654663 -144.230941772 79.005004883
A 205.569259644 -138.983673096 66.192604065
A 202.258926392 100.888023376 271.074340820
A 240.445404053 93.570907593 204.224761963
A 415.033355713 -79.999099731 351.975891113
A 340.019134521 -150.906265259 104.160186768
A 390.425201416 -177.718917847 362.577667236
A 284.263580322 -268.997070312 369.926300049
A 77.039978027 14.676745415 192.328872681
A 367.983978271 -230.906768799 343.202819824
A 380.276794434 24.788589478 214.221450806
A 340.752288818 -115.390495300 97.737487793
A 403.286987305 -168.266418457 186.216323853
A 348.267822266 -43.307521820 111.612052917
A 50.160671234 -139.895629883 363.753845215
A 191.591125488 -248.173538208 406.981781006
A 254.230361938 31.400896072 421.142517090
A 403.069396973 -163.995239258 354.641601562
A 53109.179687500 24481.375000000 6369.442871094
A 675.272338867 -1596.190551758 -1061.503051758
A 408.808868408 -126.875038147 175.737808228
A 238.059921265 -304.924743652 261.399597168
A 179.271484375 77.163467407 177.640762329
A 315.370849609 -239.678359985 389.043579102
A 61.763759613 -32.653495789 369.318420410
A 165.492126465 -44.809238434 78.190528870
A 383.728576660 -63.899299622 396.511505127
A 347.984680176 -255.390747070 331.143737793
A 280.337677002 79.100059509 349.047454834
A 193.442764282 60.201705933 141.766220093
A 55.193923950 -94.387786865 378.499572754
A 385.267578125 21.598388672 317.197937012
A 33.016384125 -76.677627563 326.213958740
A 361.601928711 -40.772239685 412.773376465
A 293.137145996 -196.399337769 98.002799988
A 43.075107574 -192.191223145 279.901947021
A 305.785034180 57.704574585 372.709777832
A 359.672760010 -121.736656189 423.974700928
A 235.495162964 -18.857269287 457.491027832
A 309.795501709 84.435897827 295.322753906
A 309.316894531 72.847091675 339.419616699
A 350.027893066 -222.591934204 384.975616455
A 38.526187897 -180.807037354 258.668731689
A -3017.374267578 -15401.702148438 8085.839355469
A 321.386779785 -182.574554443 106.366516113
A 378.203491211 -2.020891428 168.749343872
A 123.505310059 -249.855117798 311.912902832
A 27.664550781 -131.213714600 303.199859619
A 1605.271240234 6257.806640625 4357.509277344
A 228.675765991 39.230903625 205.346984863
A 405.656097412 -28.633226395 193.660675049
A 152.306640625 -232.038925171 405.684906006
A 132.678237915 -28.935892105 438.924377441
A 399.270782471 -199.829742432 210.311279297
A 259.801879883 -141.302474976 69.679672241
A 125.586204529 -176.593994141 107.336502075
A 169.726242065 -139.561355591 461.783996582
A 35.943222046 -84.805656433 253.007614136
A 343.324035645 67.485565186 290.885894775
A 334.015625000 -275.991180420 255.423812866
A 370.014770508 11.999682426 362.289489746
A 240.941879272 -161.651016235 463.322875977
A 177.535446167 -98.907539368 184.746002197
A 362.539886475 51.607749939 276.943359375
A 174.162750244 32.625431061 122.603355408
A 264.882293701 50.269794464 133.789123535
A 141.102767944 -109.023361206 456.513092041
A 226.953186035 -213.348892212 438.706695557
A 416.838928223 -59.769565582 208.181549072
A 383.976989746 -228.667175293 232.928710938
A 418.638397217 -77.648040771 290.567077637
A 111.188560486 -65.325119019 434.090270996
A 401.857025146 -83.823493958 377.055786133
A 432.380920410 -110.744064331 264.713317871
A -26550.000000000 -38985.066406250 30122.064453125
A 188.217010498 -2.371926069 95.290786743
A 101.917510986 50.831008911 214.133972168
A 236.873748779 -274.612426758 374.794311523
A -1075.594116211 -3261.379638672 -2049.976562500
A 130.295440674 33.205352783 149.440597534
A 359.226531982 -144.704498291 418.163391113
A 386.702484131 5.737482071 193.007232666
A 34.427707672 -51.294425964 231.956085205
A 427.459197998 -103.106353760 229.584167480
A 30.101463318 -92.186439514 208.176071167
A 196.855987549 19.504331589 431.817230225
A 348.223419189 -58.377468109 429.926818848
A 114.501853943 -138.106140137 101.564514160
A 30.564685822 -57.103534698 301.151184082
A 284.962707520 95.406501770 247.099624634
A 168.429412842 -6.104400635 92.792495728
A 216.508407593 75.164375305 367.006011963
A 58.584335327 -71.782562256 380.326354980
A 282.416198730 94.142692566 279.830200195
A 329.446868896 -274.084594727 312.167297363
A 62.613773346 -203.516189575 331.977203369
A 240.589172363 -282.167266846 178.115158081
A 134.727813721 65.237052917 340.778594971
A 223.102676392 -10.298521996 79.643951416
A 60.921844482 -198.366439819 197.617935181
A 214.124160767 49.882904053 130.609436035
A 334.805328369 43.164085388 368.046752930
A 141.403564453 84.822204590 288.952270508
A 203.611175537 -103.405624390 471.076354980
A 305.412536621 -144.216720581 454.679779053
A 415.667877197 -120.608383179 345.998199463
A 422.767669678 -152.902496338 245.511550903
A 165.039276123 -248.034835815 142.050369263
A 109.238380432 43.133140564 355.011260986
A 341.680145264 52.972396851 200.492935181
A 392.775787354 -102.612678528 388.747467041
A 239.369201660 88.717819214 346.733459473
A -310.486175537 669.604980469 1656.316650391
A 253.137786865 -234.488265991 111.725059509
A -18044.968750000 50630.207031250 -4391.455566406
A 160.361099243 -43.023021698 451.320739746
A 415.704711914 -165.997528076 305.197387695
A 368.362854004 -245.651077271 282.430084229
A 59.831962585 6.629866600 296.413879395
A 220.346252441 -96.091491699 69.275375366
A 178.811798096 -228.128372192 422.197265625
A 395.372161865 -147.481872559 157.494842529
A 8436.979492188 2992.023681641 -4937.123046875
A 204.854721069 102.007331848 248.335601807
A 341.967163086 -84.071044922 441.040252686
A 139.293533325 -53.538566589 88.293914795
A 36.488998413 -157.735733032 310.178344727
A 113.458747864 -234.546768188 167.690887451
A 275.621826172 -292.355041504 216.362777710
A 277.697723389 -9.873559952 445.635223389
A 282.231170654 -269.228332520 171.952301025
A 253.921630859 69.887023926 372.024902344
A 230.664382935 62.609474182 387.225280762
A 230.272949219 44.790382385 411.264587402
A 401.310943604 6.532646179 301.309112549
A 207.850616455 -296.646942139 209.891738892
A 114.111900330 -270.370513916 241.767715454
A 155.374618530 10.619712830 426.310913086
A 339.427001953 -247.023880005 363.997253418
A 150.378173828 -289.694274902 300.213928223
A 139.603805542 81.740341187 245.296127319
A 348.202239990 19.828115463 155.295913696
A 287.687957764 -282.451660156 187.904312134
A 1900.848754883 -2135.663085938 1.344135523
A 116.620178223 65.422599792 235.596832275
A 358.513061523 -202.714614868 151.133148193
A 175.092071533 -109.468528748 70.123664856
A 211.194091797 -284.702667236 179.648925781
A 46.073509216 -28.056522369 325.592773438
A 169.715179443 -278.686218262 188.131011963
A 187.144790649 53.432170868 396.740539551
A -14511.599609375 11319.886718750 -15776.717773438
A 342.026702881 -75.993362427 97.721183777
A 164.242187500 -201.360748291 101.569961548
A 398.131805420 -48.428882599 167.990234375
A 225.289733887 -305.543365479 296.098114014
A 303.362396240 -285.687744141 324.746612549
A 184.539810181 -161.401840210 460.995910645
A -10552.346679688 4961.346679688 -9037.731445312
A 307.495269775 -290.578582764 265.007781982
A 361.409790039 47.767009735 314.690521240
A 308.244262695 -111.976516724 78.402763367
A 116.021759033 -28.900785446 111.313385010
A 418.788818359 -28.027929306 239.202285767
A 189.779418945 -303.014312744 271.996704102
A 59.379501343 -7.301852703 337.521087646
A 203.005264282 36.905021667 416.178649902
A 72.343963623 -4.377434254 168.241744995
A 103.083915710 -251.872512817 206.752578735
A 388.872192383 -111.367218018 141.073516846
A 144.168609619 -72.939552307 454.174316406
A 76.224235535 18.512830734 339.038940430
A 37424.503906250 -45474.644531250 57758.917968750
A 383.389465332 -210.963165283 338.745361328
A -7018.066406250 807.543090820 4443.371093750
A 1559.622680664 -3577.286376953 -565.434265137
A 143.634048462 -254.896728516 375.027740479
A 148.732849121 79.156616211 205.521911621
A 404.005249023 -2.447353840 221.544372559
A 298.663269043 -233.578384399 129.483947754
A 41.125900269 -157.324691772 202.697677612
A 348.450073242 5.050724506 136.906707764
A 280.213317871 91.452651978 213.195373535
A 354.850402832 -174.230651855 410.953125000
A 86.896286011 -164.419281006 131.831802368
A 139.254501343 -204.562362671 114.628601074
A -3406.382812500 2182.056152344 96.126152039
A 292.410827637 -233.587905884 410.844940186
A 172.656051636 -111.966911316 466.578338623
A 381.374114990 -183.508651733 160.566741943
A 159.252166748 78.861503601 327.145416260
A 223.684417725 -26.365562439 448.609466553
A 141.234329224 -286.738159180 243.636230469
A 111.018974304 -98.164527893 442.756530762
A 259.654632568 -301.530212402 240.031448364
A 250.539505005 -280.808074951 338.363586426
A 312.616882324 1.053091288 270.016998291
A 145.158737183 -105.279350281 77.066947937
A 358.031585693 -18.903196335 133.627929688
A 276.654449463 -216.340240479 433.070068359
A 28549.904296875 55471.664062500 26470.281250000
A 84.542076111 -148.062728882 407.590637207
A 286.335968018 19.070621490 427.789337158
A 259.145263672 -302.202911377 301.714294434
A 417.341064453 -100.240470886 196.397201538
A 90.749649048 -32.106044769 130.456451416
A 100.145477295 37.286796570 189.572616577
A 248.459335327 -261.647796631 391.940856934
A 328.425445557 73.456214905 229.197845459
A 40.806632996 -89.772422791 182.327011108
A 48.430099487 -47.570938110 345.675323486
A 243.096664429 -186.506362915 82.244644165
A 155.781997681 -24.256231308 422.783966064
A 108.346496582 -39.774131775 423.904907227
A 243.648864746 -192.212158203 451.617187500
A 402.111053467 -47.917762756 361.470520020
A 387.761444092 27.892894745 280.148834229
A 175.883941650 -296.796295166 240.139205933
A 284.403778076 -64.525398254 462.799499512
A 133.437728882 -271.709930420 205.986480713
A 172.925613403 65.705871582 373.938385010
A 81.585220337 -178.848632812 388.761047363
A 25.970315933 -135.929290771 273.204742432
A 195.972198486 -245.550216675 129.239822388
A 232.800430298 84.302200317 175.018844604
A 182.707305908 -33.933567047 301.260620117
A -4723.016113281 43404.906250000 -55466.378906250
A 347.746765137 36.226413727 174.343658447
A -486.794372559 -1312.732421875 183.218399048
A 83.416229248 -201.695068359 376.958648682
A 383.368286133 -211.029418945 192.774734497
A 93.768424988 -65.073387146 115.544456482
A 291.292907715 14.899744987 110.346733093
A 8114.687500000 -522.231933594 -1807.497680664
A 394.132965088 -8.576202393 346.451324463
A 253.136123657 -81.115997314 64.101234436
A 109.053077698 22.804370880 378.079040527
A 121.327659607 -277.906707764 282.646728516
A 9306.910156250 10624.805664062 20329.046875000
A 323.810180664 50.600746155 168.436538696
A 23.670690536 -106.726013184 232.123031616
A 99.588829041 -20.330854416 408.686187744
A 19.865756989 -75.654792786 260.644989014
A 331.126831055 -234.870727539 151.287124634
A 383.876922607 -231.429260254 269.127288818
A 106.575103760 8.663562775 332.830078125
A 91.012306213 -108.371147156 421.204742432
A 33.250972748 -41.226566315 267.463958740
A -3706.487792969 -1492.581665039 3647.693603516
A 180.718261719 94.473861694 231.395584106
A 221.454421997 -205.968154907 89.608444214
A 128.645904541 -100.875854492 416.404663086
A 79.476409912 -8.065844536 370.305480957
A 114.793014526 38.127601624 167.167037964
A -22185.105468750 7028.984375000 4557.279296875
A 86.994087219 -224.339004517 190.097442627
A 272.718261719 -92.333282471 470.155364990
A 113.163146973 -265.125701904 316.984588623
A 38.504741669 -94.429504395 349.348846436
A 337.245635986 21.681116104 351.741088867
A 329.706665039 69.800193787 317.061065674
A 191.569351196 95.507759094 297.723297119
A 405.370605469 7.334087849 255.405181885
A 428.388671875 -49.169769287 278.327392578
A 256.678344727 -270.257202148 154.389801025
A -2975.792968750 2765.980224609 -590.481079102
A 103.335090637 -138.377761841 426.871154785
A 263.749298096 -168.596221924 73.849777222
A 315.169830322 87.230613708 260.812194824
A 245.297470093 -230.721801758 427.125671387
A 95.845176697 5.438674927 150.195648193
A 402.374206543 -203.079681396 298.398254395
A 327.235473633 -6.894174099 116.191940308
A 276.234161377 -288.814941406 336.612457275
A 319.146484375 -112.778625488 458.371887207
A 165.662002563 -77.264030457 72.833511353
A 111.710403442 56.886074066 321.978973389
A 233.968170166 66.613258362 148.555786133
A 431.271301270 -73.208488464 253.335739136
A 287.129638672 -1.664531827 239.065826416
A 207.919006348 -263.406402588 391.557891846
A 129.131668091 -153.984527588 440.492858887
A 243.578964233 -295.141113281 207.867019653
A 257.597259521 30.764286041 111.151588440
A 168.513671875 -226.652236938 119.331230164
A 324.008087158 -36.370494843 437.787750244
A 79.538894653 -240.209014893 316.029022217
A 159.431243896 84.166610718 304.445648193
A 185.421173096 -273.238128662 168.551437378
A 365.036163330 -20.564115524 401.457397461
A 298.207733154 -137.058929443 77.380905151
A 197.920593262 -212.116104126 437.105834961
A 386.568572998 -135.748352051 394.976348877
A 212.853775024 -289.076507568 347.437530518
A 212.688796997 -173.372268677 457.481414795
A -12752.468750000 11703.655273438 2753.141601562
A 340.814117432 -193.329086304 123.649963379
A 369.421508789 -91.510169983 418.253204346
A 10865.803710938 4868.793457031 -25.440263748
A 299.104949951 36.079463959 384.378906250
A 31.093484879 -140.157440186 224.993270874
