533

A 343.332519531 -48.716621399 124.534469604
A 93.570075989 -171.012237549 370.516906738
A 302.876861572 -131.174957275 402.491516113
A 248.098114014 -273.151519775 251.613296509
A 380.224639893 -38.421489716 293.156890869
A 395.783843994 -90.021148682 263.221191406
A 284.332855225 -198.975646973 283.208862305
A 280.024780273 -100.326034546 401.444274902
A 301.240447998 -4521.017089844 -43115.402343750
A 391.678771973 -126.532798767 239.422729492
A 107.024284363 0.804193020 114.071762085
A 287.281524658 -71.905899048 357.081420898
A 282.651153564 -253.397171021 197.152496338
A 354.108245850 -26.195953369 342.535797119
A 62.890224457 -44.050853729 137.076263428
A 2965.822265625 -682.419067383 6544.168945312
A 231.796401978 -120.819435120 426.195220947
A 168.903503418 -252.130493164 330.662017822
A 87.949554443 -156.562576294 255.496948242
A 285.443847656 20.865684509 118.539611816
A 209.774017334 86.874038696 296.931976318
A 388.373809814 -124.220062256 271.257476807
A 197.507720947 -124.861793518 429.106231689
A 5399.965820312 4074.396240234 3.783537865
A 270.236907959 31.327026367 369.787933350
A 276.679687500 -265.504547119 273.672271729
A 306.780059814 -6.867083549 378.763824463
A 387.973754883 -63.145603180 289.663574219
A 369.459228516 -175.940689087 212.922393799
A 172.645034790 -48.238231659 89.095176697
A 189.833297729 79.955772400 171.238876343
A 386.146087646 -93.372772217 297.113616943
A 388.545043945 -53.193336487 210.842834473
A 288.010284424 -240.248825073 324.577148438
A 365.802947998 -175.029663086 295.849212646
A 78.669837952 -169.597808838 135.575714111
A 227.850723267 -2.885342121 408.432159424
A 90.431007385 50.783351898 262.340820312
A 384.175506592 -118.332504272 189.677139282
A 29.792432785 -95.135093689 284.009490967
A 342.609283447 -129.508331299 120.762634277
A 111.091186523 -90.801742554 83.216812134
A 131.252502441 13.828386307 108.596359253
A 254.058959961 -228.179290771 364.883636475
A -1008.278381348 339.039642334 255.094619751
A 268.889556885 -13.578572273 87.031036377
A -41541.238281250 54886.132812500 34885.289062500
A 184.776229858 83.431587219 292.085388184
A 132.250488281 48.774036407 339.661041260
A 127.197875977 -140.436691284 252.255661011
A 58.279018402 18.994489670 237.723541260
A 44.766124725 -54.535999298 161.182662964
A 81.964317322 -133.392181396 109.041221619
A 115.884994507 -188.771423340 375.194793701
A 226.728179932 90.513908386 276.203613281
A 187.546310425 -273.861846924 286.092926025
A 133.327377319 45.617542267 141.684356689
A 83.392745972 -230.732070923 257.417114258
A 69.278816223 -190.573699951 321.453643799
A -57116.312500000 14085.534179688 -44040.925781250
A 106.510101318 -64.560112000 89.287582397
A 208.447036743 -86.528907776 431.943634033
A 110.158653259 -157.569412231 387.838287354
A 155.554718018 -236.546112061 349.860229492
A 66.167121887 -215.619201660 240.581222534
A 292.611755371 -197.024002075 115.695640564
A 224.868194580 95.062614441 252.601806641
A 332.467224121 -228.896759033 213.248687744
A 339.287445068 -216.244384766 282.909759521
A 379.963287354 -163.489120483 244.411987305
A 378.647644043 -74.636940002 165.977096558
A 340.489990234 -151.203628540 194.449478149
A 323.536987305 -206.049423218 153.639007568
A 80.040336609 35.928596497 289.484283447
A 92.313079834 -223.939834595 313.718872070
A 51.433174133 -140.292282104 153.067092896
A 292.743194580 -33.584075928 89.905044556
A 245.945846558 -174.141311646 407.589660645
A 296.726013184 17.331083298 368.237457275
A 185.729171753 13.057155609 88.385704041
A 3518.780761719 -10773.241210938 20254.701171875
A 277.993133545 -10.860096931 397.365478516
A 120.545555115 -202.732498169 123.284751892
A 325.734832764 35.733333588 313.140991211
A 173.471679688 -142.505477905 67.863555908
A 43.765075684 -152.841140747 315.298400879
A 364.803833008 -76.327873230 142.704803467
A 214.584152222 -223.998184204 374.669982910
A 261.770385742 -38.961704254 416.380676270
A 163.078170776 -175.760421753 405.633178711
A 112.689994812 -208.815017700 355.206542969
A 141.209854126 -264.284545898 246.416015625
A 33939.328125000 -11569.666015625 -36867.285156250
A 366.544677734 -121.233070374 339.147979736
A 119.257141113 -232.360626221 162.817047119
A 380.190124512 -133.620254517 297.673248291
A -17039.058593750 -69840.890625000 8926.392578125
A 122.044303894 -132.562484741 82.185951233
A 271.341491699 -163.958862305 406.756195068
A 381.059631348 -145.909362793 199.789001465
A 61.720973969 -104.067199707 362.433288574
A 57.623806000 -76.657455444 140.344314575
A -2275.452148438 5235.000488281 5401.564941406
A 99.664268494 -187.148773193 125.814529419
A 327.417877197 -118.787055969 105.367256165
A 136.494445801 20.120151520 359.751678467
A 303.133453369 -191.446792603 368.634765625
A 192.437820435 -242.092529297 132.541366577
A 63.645904541 -79.987472534 120.046661377
A 188.475906372 -206.694076538 100.602310181
A 39.554241180 -167.037567139 203.069091797
A 310.583221436 -233.353057861 181.082168579
A 48.461044312 -20.300191879 176.525436401
A 251.320877075 -230.415786743 126.043640137
A 198.685134888 -278.937255859 215.814132690
A 344.864349365 -79.472198486 118.068199158
A 182.530059814 -46.393737793 64.214454651
A -1315.435180664 -71721.820312500 -17507.810546875
A 137.491516113 -233.921447754 145.846725464
A 240.265808105 -143.005050659 88.882537842
A 130.968322754 -12.131363869 94.323913574
A 202.600814819 -58.331096649 428.300415039
A 237.199111938 -201.097167969 124.211898804
A 71.206405640 -70.902801514 370.934814453
A -49182.042968750 -38017.898437500 -44015.351562500
A 372.176239014 -15.823936462 297.773651123
A 312.079895020 -241.450775146 205.939682007
A 300.656127930 -162.562286377 390.364837646
A 20.895799637 -85.748733521 259.306182861
A 41.829380035 -9.988372803 241.745803833
A 285.730041504 -69.532257080 413.815246582
A 190.113052368 -6.814598083 408.983062744
A 328.838470459 42.006214142 197.702438354
A 268.330139160 56.384799957 145.643203735
A 329.415008545 -73.470046997 103.223815918
A -722.161193848 -5116.812011719 1790.567138672
A 182.493804932 -171.022048950 74.627006531
A 168.350479126 -266.886627197 297.817687988
A 809.428710938 -652.197326660 93.695938110
A 255.056335449 80.415451050 291.221710205
A 152.892822266 55.166618347 141.316696167
A 97.677978516 -211.478973389 334.106048584
A 252.983612061 -70.040512085 61.428409576
A 227.964721680 -266.107147217 317.683227539
A 38.204971313 -22.458854675 268.343200684
A 25822.005859375 -8785.366210938 -37522.964843750
A 249.860916138 -140.541610718 421.288299561
A 229.257034302 -122.269187927 231.925125122
A -3504.831298828 -1044.044311523 1116.241455078
A 205.303390503 33.925643921 107.347457886
A 78.846389771 -185.588241577 221.106857300
A 69.914680481 -41.447502136 363.498565674
A 264.081390381 69.752807617 173.340713501
A 82.383285522 -224.352127075 220.577102661
A 133.867340088 26.185623169 370.914154053
A 57.131305695 9.366554260 197.596145630
A 345.123535156 -27.183826447 139.889495850
A 186.724868774 -89.275077820 55.372474670
A 336.133087158 -181.996871948 346.587036133
A 35.564685822 -111.511260986 316.117279053
A 63.048625946 -157.767684937 150.350662231
A 73.562782288 -22.266609192 146.815277100
A 219.400833130 92.051277161 206.373092651
A 244.786163330 50.452304840 358.813812256
A 118.763717651 57.163105011 178.605499268
A 72.995223999 -215.967193604 204.500167847
A 64.757919312 22.242950439 214.578674316
A 56.872333527 -197.679748535 268.583526611
A 85.254547119 45.973953247 224.282363892
A 318.105682373 -240.710876465 254.005661011
A 162.613906860 78.546020508 186.379348755
A 288.789764404 -237.425735474 157.048156738
A 28.373405457 -133.911361694 230.127883911
A 225.504623413 11.261205673 88.530570984
A 315.319763184 60.716285706 228.300781250
A 333.109008789 -155.635742188 122.905288696
A 329.682006836 3.099970102 347.761932373
A 277.520843506 -54.554004669 75.395095825
A 141.960250854 -259.817687988 296.880218506
A 149.787460327 83.146568298 237.029830933
A 255.789215088 -39.365341187 74.257743835
A 37.400951385 -114.236289978 169.239913940
A 378.743927002 -17.227087021 256.273651123
A 284.990417480 -188.751419067 383.989196777
A 169.434585571 72.617393494 319.791412354
A 158.368835449 -9.727891922 407.914916992
A 3593.381591797 8378.846679688 11467.934570312
A 225.921859741 92.658378601 229.309768677
A 80.064125061 -188.887054443 152.211791992
A 366.713714600 -189.165588379 244.842636108
A 167.436752319 -72.934387207 427.327514648
A 40.899673462 -16.345981598 210.727951050
A 327.582885742 -217.747085571 177.482742310
A 695.313415527 -1096.418701172 -51.983901978
A -26002.326171875 33106.312500000 27026.880859375
A 41.589870453 -167.561935425 283.154815674
A 278.899536133 -148.229583740 79.716476440
A 218.243896484 -229.801788330 118.130508423
A 69.111846924 30.017938614 260.781860352
A 36.304790497 -45.996917725 185.557098389
A 342.511260986 -160.413848877 355.644744873
A 212.458328247 -119.508369446 59.558277130
A 241.615875244 -191.674697876 87.072731018
A 128.438064575 -245.881973267 319.144836426
A 155.301849365 -163.739486694 82.797149658
A 108.236320496 63.075286865 251.640869141
A 149.067977905 -263.016052246 195.073883057
A 140.243072510 -182.855072021 392.857666016
A 252.977691650 -93.423225403 64.754516602
A 50.334293365 -190.817749023 210.674804688
A 243.281692505 -11.709630966 78.846862793
A 269.133514404 40.076797485 125.149581909
A 78.452728271 -93.428833008 106.942184448
A 146.209289551 -1181.535644531 -248.750457764
A 57.000576019 -138.449615479 345.970581055
A 346.149902344 35.556999207 225.209869385
A 227.012252808 -48.449699402 425.392822266
A 77.584014893 -116.456993103 116.174430847
A 237.905838013 -99.303108215 428.334411621
A 223.210403442 -28.873846054 66.491935730
A 293.313323975 -86.635726929 80.264648438
A 353.491668701 -15.836750031 236.038421631
A 172.270385742 -49.621246338 424.095489502
A 241.831481934 66.921295166 151.428131104
A 98.689041138 1.563737631 364.011871338
A 285.161163330 68.852096558 188.460922241
A 273.440429688 -261.164703369 224.116363525
A 207.792282104 -53.394348145 61.331398010
A 189.616622925 -264.487426758 242.778335571
A -6144.035156250 34351.937500000 -81564.289062500
A 49.396621704 -108.229965210 144.475173950
A 137.013793945 -143.878540039 410.486938477
A 144.497909546 -131.253311157 71.621894836
A 187.174057007 -126.330978394 60.626117706
A 184.714340210 92.096824646 247.214508057
A 219.122970581 85.157638550 185.858016968
A 377.793182373 -73.026771545 321.006256104
A 309.397064209 -137.283950806 94.736854553
A 355.187408447 -162.247955322 330.882598877
A 259.402740479 -245.062500000 337.567382812
A 70.211730957 13.654510498 175.776718140
A 335.474060059 -210.179595947 312.950561523
A 346.624908447 22.329191208 194.957153320
A 310.448852539 -105.374114990 89.387550354
A 368.258422852 -152.936538696 169.716018677
A 317.395782471 -40.479988098 101.643218994
A 45.261985779 -127.110404968 331.536834717
A 174.715454102 -226.052841187 370.898773193
A 231.991195679 28.424173355 383.505187988
A 367.375518799 -149.971939087 322.948516846
A 48406.503906250 22313.908203125 5805.783691406
A 615.209533691 -1455.076904297 -967.764343262
A 372.308502197 -116.060195923 160.269561768
A 217.402832031 -278.398010254 238.807144165
A 163.337524414 69.510757446 162.331497192
A 287.051422119 -219.077331543 354.578857422
A 56.783378601 -30.120243073 337.036834717
A 151.758972168 -40.290344238 71.010208130
A 349.443756104 -58.345165253 361.832824707
A 317.032135010 -232.570159912 300.972259521
A 255.448532104 72.207908630 318.692138672
A 175.457778931 54.256832123 128.886886597
A 50.003898621 -86.048873901 344.281585693
A 350.894500732 19.264249802 289.415679932
A 29.253156662 -70.180015564 297.571441650
A 329.492279053 -37.219184875 376.069763184
A 267.423461914 -178.619369507 90.361816406
A 39.756587982 -174.833297729 254.992401123
A 278.522674561 52.877685547 338.716003418
A 327.752136230 -110.666145325 386.341796875
A 214.819747925 -17.336505890 417.117706299
A 282.078155518 77.568603516 269.945037842
A 281.997589111 67.070892334 309.119171143
A 318.700225830 -202.820846558 350.456481934
A 35.625770569 -164.459091187 235.359985352
A -2750.276367188 -14037.803710938 7370.119628906
A 292.812469482 -166.432388306 96.833839417
A 344.995452881 -1.995420098 153.789138794
A 112.287391663 -227.466400146 284.289794922
A 25.270145416 -120.055442810 275.999877930
A 1462.717651367 5703.728515625 3972.176757812
A 208.924377441 35.989608765 187.340744019
A 370.014709473 -25.391626358 176.765136719
A 138.271606445 -211.883102417 369.980102539
A 121.076240540 -26.356611252 399.891082764
A 363.581604004 -182.139801025 191.699737549
A 236.545364380 -128.778610229 62.959411621
A 114.441894531 -160.651275635 98.062690735
A 154.409225464 -127.640586853 420.470916748
A 32.613903046 -76.924377441 230.839019775
A 313.558410645 61.890689850 265.521972656
A 304.200500488 -251.349700928 233.292083740
A 337.481475830 11.282090187 330.356445312
A 218.885803223 -147.354797363 421.828308105
A 161.739288330 -90.406509399 168.287933350
A 330.589782715 47.606529236 252.246932983
A 158.788070679 29.759147644 111.651992798
A 241.649826050 44.902603149 121.480979919
A 129.466293335 -98.994697571 415.260162354
A 205.911544800 -194.409683228 400.006011963
A 379.919403076 -53.899124146 189.173324585
A 349.833374023 -208.473587036 212.392852783
A 381.885314941 -70.273841858 264.534912109
A 101.537719727 -59.654209137 395.005981445
A 365.680297852 -76.120780945 342.979003906
A 394.263641357 -100.924957275 240.492813110
A -24198.275390625 -35533.542968750 27454.974609375
A 171.509857178 -3.122434855 87.383117676
A 92.508560181 46.396987915 194.532943726
A 215.771224976 -250.711746216 341.860931396
A -979.954833984 -2972.824951172 -1868.256958008
A 118.579902649 30.995332718 136.667343140
A 327.421722412 -131.552108765 381.128631592
A 352.964172363 4.964606285 176.169128418
A 30.410942078 -46.382064819 211.867767334
A 390.503540039 -93.764358521 209.794509888
A 27.431285858 -83.903060913 189.955841064
A 180.290252686 16.978099823 393.487884521
A 317.959197998 -53.480339050 391.453765869
A 104.211669922 -125.821434021 92.306320190
A 27.715150833 -52.302326202 274.859375000
A 259.865020752 86.997306824 225.418884277
A 153.444107056 -5.725740433 84.834236145
A 197.218032837 68.988510132 334.996154785
A 53.597076416 -65.819442749 346.479492188
A 257.725830078 86.347991943 255.192520142
A 301.183868408 -249.318252563 284.417755127
A 57.540374756 -185.127029419 303.388885498
A 220.057907104 -257.423156738 162.112121582
A 123.025588989 59.729248047 310.498229980
A 202.867034912 -9.291629791 73.370285034
A 55.637603760 -180.361419678 179.439880371
A 194.782791138 44.807929993 119.055938721
A 304.928314209 39.348186493 335.932891846
A 128.450180054 77.308143616 263.528198242
A 185.860641479 -95.259017944 429.838104248
A 278.581726074 -131.238174438 414.467010498
A 378.735504150 -109.733741760 315.597534180
A 385.599853516 -138.934219360 223.911315918
A 150.866546631 -226.103118896 129.274536133
A 99.052848816 39.244701385 324.105072021
A 311.550781250 48.325820923 182.118240356
A 358.397857666 -93.803237915 354.606292725
A 217.749465942 80.239738464 316.155487061
A -282.954742432 610.549194336 1509.232299805
A 230.195159912 -213.812576294 100.899627686
A -16446.849609375 46147.214843750 -4002.122314453
A 145.703598022 -39.883907318 411.842254639
A 379.522064209 -151.045791626 278.200683594
A 336.390502930 -224.015823364 258.586181641
A 54.170783997 6.583687305 270.348754883
A 200.625839233 -88.069877625 62.659011841
A 163.040817261 -207.852752686 385.263122559
A 360.739959717 -134.240127563 143.906082153
A 7690.769531250 2726.930908203 -4500.602050781
A 186.719802856 93.661758423 226.357238770
A 311.648193359 -76.825119019 402.273803711
A 126.599678040 -49.595508575 80.466690063
A 32.242153168 -142.935729980 282.933624268
A 103.406585693 -213.868148804 152.746078491
A 251.678344727 -266.414916992 196.883346558
A 253.195480347 -8.972053528 405.471008301
A 257.745178223 -245.644393921 156.672073364
A 232.503601074 64.126541138 339.263793945
A 209.931335449 57.126052856 353.391906738
A 210.057846069 40.558464050 374.901336670
A 365.947235107 5.731899261 274.932312012
A 189.357727051 -270.662750244 191.337249756
A 104.451522827 -246.616317749 220.455795288
A 141.579574585 10.434559822 388.798065186
A 308.680053711 -225.275115967 331.280975342
A 137.080032349 -263.586608887 272.952331543
A 127.060867310 74.457427979 223.932357788
A 317.401000977 18.248329163 141.579421997
A 262.255126953 -257.010894775 171.603942871
A 1732.927490234 -1947.110839844 0.764989972
A 106.856452942 59.833095551 214.452880859
A 327.342956543 -183.945358276 137.615097046
A 159.359664917 -99.953971863 63.503837585
A 192.040817261 -259.542144775 164.304733276
A 41.450462341 -25.598972321 296.594451904
A 153.914627075 -254.091125488 171.420928955
A 171.131622314 48.105957031 361.872741699
A -13226.875000000 10317.141601562 -14379.473632812
A 311.799285889 -69.732597351 88.867607117
A 150.202056885 -183.361801147 92.287643433
A 363.018310547 -44.408878326 153.107254028
A 205.051986694 -278.271270752 269.034362793
A 276.113098145 -259.940856934 296.262176514
A 168.612594604 -147.628906250 419.607299805
A -9618.180664062 4521.909179688 -8237.394531250
A 280.187652588 -264.474578857 241.088394165
A 329.524230957 43.292694092 287.109497070
A 280.748962402 -102.563308716 71.860885620
A 105.726562500 -26.577194214 101.569137573
A 381.927734375 -25.076871872 217.650329590
A 172.010406494 -276.267822266 247.891494751
A 54.378601074 -6.672142506 307.836120605
A 185.433883667 33.255207062 379.142883301
A 66.080375671 -4.112632275 154.758377075
A 94.019538879 -229.062301636 188.220306396
A 354.786773682 -101.398925781 128.422546387
A 131.759490967 -67.242843628 413.440521240
A 69.294097900 16.352512360 308.727142334
A 34111.046875000 -41448.214843750 52645.144531250
A 349.332824707 -193.093048096 309.063232422
A -6397.151855469 736.792602539 4049.739746094
A 1421.458374023 -3260.168945312 -515.742919922
A 131.301513672 -232.245086670 340.992553711
A 135.240264893 71.395301819 186.859283447
A 367.869171143 -2.592688322 202.319549561
A 272.646331787 -212.840148926 117.891723633
A 36.800643921 -143.736190796 184.913238525
A 317.457550049 4.358355045 124.866546631
A 255.594940186 83.014526367 195.470291138
A 324.486816406 -158.165222168 374.815093994
A 79.679382324 -149.780746460 119.795272827
A 126.555335999 -186.127639771 104.279083252
A -3105.046630859 1989.175415039 88.302871704
A 266.491790771 -213.161437988 374.500427246
A 157.292724609 -101.906112671 424.423461914
A 347.441711426 -167.236602783 145.942581177
A 144.738571167 72.282630920 298.504547119
A 204.645294189 -24.162900925 408.687561035
A 128.783325195 -261.460327148 221.289154053
A 101.684661865 -89.593826294 403.298126221
A 236.731430054 -274.733551025 218.947799683
A 228.359802246 -255.367202759 307.740509033
A 285.657104492 1.412645102 245.936203003
A 132.542205811 -95.829711914 70.742713928
A 325.717651367 -16.675914764 122.052764893
A 252.854598999 -196.749862671 394.401977539
A 26022.810546875 50560.082031250 24126.250000000
A 77.657005310 -134.946670532 371.718109131
A 260.828826904 17.142465591 389.579895020
A 235.170135498 -275.334045410 275.077850342
A 380.058227539 -91.617477417 179.528823853
A 83.344696045 -28.937953949 119.127616882
A 91.281860352 33.809318542 172.924911499
A 226.357498169 -238.110198975 357.319091797
A 299.557373047 67.126495361 209.841430664
A 37.490718842 -82.276718140 166.183578491
A 43.717224121 -43.876228333 315.438385010
A 221.438995361 -170.241973877 75.143386841
A 141.615219116 -22.422636032 385.364990234
A 99.091865540 -36.773414612 385.893829346
A 221.977874756 -175.423156738 411.279388428
A 366.332061768 -43.714260101 330.045928955
A 354.362976074 25.289144516 255.119461060
A 159.733123779 -270.377777100 218.843933105
A 258.827941895 -59.513916016 421.582214355
A 121.117729187 -247.573425293 187.687744141
A 158.320678711 59.209293365 340.702331543
A 74.480407715 -162.646652222 353.939727783
A 23.547861099 -124.218154907 249.448364258
A 178.357223511 -223.776855469 117.982177734
A 211.660598755 77.344070435 159.616699219
A 166.771301270 -30.756353378 274.374969482
A -4304.310546875 39561.421875000 -50555.617187500
A 316.725799561 32.534553528 159.067077637
A -443.267089844 -1195.946411133 166.999328613
A 75.889518738 -183.904357910 343.140228271
A 349.382141113 -192.341796875 175.623550415
A 85.676277161 -58.750122070 104.985801697
A 265.698364258 13.237350464 100.358299255
A 7395.918457031 -476.286956787 -1647.297607422
A 359.318939209 -7.617796898 315.569824219
A 229.928146362 -74.575942993 58.680202484
A 99.292846680 20.828207016 344.837097168
A 110.676040649 -253.629104614 257.645446777
A 8482.690429688 9684.484375000 18529.777343750
A 295.147094727 46.138446808 153.420684814
A 21.780307770 -96.968246460 212.197418213
A 90.333786011 -19.155439377 372.305786133
A 18.541965485 -68.347640991 237.797348022
A 301.192016602 -214.620666504 138.072158813
A 349.284545898 -210.887191772 245.089767456
A 97.090370178 8.001790047 303.456481934
A 82.929862976 -99.091819763 383.848632812
A 30.043661118 -37.640975952 243.518081665
A -3378.179443359 -1360.061157227 3324.806396484
A 164.000122070 85.542243958 210.730911255
A 201.069412231 -187.866027832 81.599784851
A 117.420989990 -91.148979187 379.740081787
A 72.148239136 -6.836929798 338.079681396
A 104.143241882 34.464805603 152.521896362
A -20220.740234375 6406.462402344 4153.915527344
A 79.226570129 -204.533843994 172.809539795
A 248.596603394 -84.072593689 428.258758545
A 102.751708984 -242.579650879 289.837463379
A 35.064937592 -85.699081421 318.063995361
A 307.426940918 19.459268570 320.065917969
A 300.283966064 63.039794922 288.686401367
A 174.358322144 86.909164429 271.123687744
A 368.682098389 6.819660664 233.020523071
A 390.356719971 -44.781761169 254.598449707
A 233.576919556 -246.024734497 140.139465332
A -2712.355712891 2521.690185547 -538.288146973
A 95.247924805 -125.634536743 389.173187256
A 239.709655762 -153.587768555 67.719444275
A 286.957519531 78.678619385 237.744766235
A 223.182556152 -210.229003906 389.078796387
A 86.879562378 4.333097935 136.237014771
A 366.393463135 -184.936584473 271.983306885
A 298.213531494 -6.693491936 104.745361328
A 251.644699097 -262.963165283 306.445373535
A 290.934967041 -102.995353699 417.292663574
A 150.862976074 -70.800209045 66.519203186
A 101.892890930 51.959358215 294.159667969
A 213.195892334 62.060268402 135.204864502
A 393.112304688 -66.793678284 231.389724731
A 262.194732666 -1.656941056 218.413208008
A 190.039337158 -239.989349365 356.365325928
A 118.688156128 -140.306838989 401.916961670
A 222.465713501 -268.928253174 189.642333984
A 234.768447876 28.049787521 102.026473999
A 153.856430054 -206.985198975 108.619613647
A 295.587524414 -32.870460510 398.901885986
A 72.751495361 -218.079223633 288.086059570
A 145.443740845 76.732299805 277.859954834
A 168.984298706 -249.987930298 153.678848267
A 332.542327881 -18.741619110 366.466705322
A 271.012390137 -124.937118530 71.131309509
A 180.189132690 -193.338088989 398.559539795
A 352.420257568 -124.226135254 360.513824463
A 194.061523438 -263.372619629 317.082672119
A 193.319915771 -157.451309204 417.223754883
A -11623.850585938 10666.538085938 2509.362792969
A 310.213653564 -175.875228882 112.933341980
A 337.428527832 -83.476364136 381.494689941
A 9904.200195312 4438.212402344 -23.661603928
A 272.403808594 32.722793579 350.456695557
A 28.792604446 -128.079269409 205.051879883
