533

A 394.633636475 -56.512634277 143.252822876
A 107.633758545 -196.540206909 424.516296387
A 347.340393066 -150.641540527 461.344696045
A 283.851806641 -312.955291748 287.471496582
A 436.766296387 -44.224979401 335.494323730
A 453.438201904 -103.807304382 301.575134277
A 326.392791748 -228.281295776 324.341125488
A 321.235900879 -114.872184753 460.841735840
A 345.542785645 -5186.459472656 -49475.324218750
A 448.646514893 -145.790954590 274.951751709
A 122.774436951 1.647702098 131.380035400
A 330.121002197 -82.053634644 410.673645020
A 323.635894775 -290.483764648 226.607391357
A 406.070434570 -29.572301865 393.325073242
A 72.058670044 -50.588748932 157.831527710
A 3403.311767578 -782.588073730 7510.304199219
A 265.576293945 -138.535614014 488.447570801
A 193.166213989 -289.562194824 378.610076904
A 101.457702637 -180.016052246 293.162475586
A 327.721557617 24.048185349 136.108673096
A 239.459152222 100.187477112 341.191223145
A 445.836700439 -142.458435059 311.741821289
A 226.894958496 -142.714111328 492.347686768
A 6196.164550781 4674.937500000 4.387680531
A 309.894805908 35.148193359 424.419372559
A 317.640350342 -305.072113037 314.089416504
A 352.133392334 -8.334580421 433.588012695
A 445.014251709 -72.495277405 331.923187256
A 423.338562012 -201.930953979 245.430633545
A 198.520202637 -55.243770599 102.089149475
A 218.268020630 91.562438965 196.038299561
A 442.182128906 -106.821922302 340.406860352
A 446.649200439 -61.520866394 241.760986328
A 330.302764893 -275.811187744 372.079742432
A 420.196502686 -200.889205933 340.520507812
A 89.472198486 -194.633346558 156.703338623
A 261.667633057 -3.499722481 468.884216309
A 102.867164612 58.322135925 300.753845215
A 441.316223145 -136.343582153 218.773315430
A 33.596248627 -108.713752747 326.354949951
A 393.055114746 -148.732467651 138.777145386
A 128.298675537 -104.845298767 95.094741821
A 149.976989746 15.763105392 124.920684814
A 291.441101074 -261.698638916 417.729797363
A -1156.972412109 389.793701172 292.468780518
A 309.311920166 -15.475153923 99.242439270
A -47668.386718750 62981.632812500 40030.644531250
A 212.491806030 96.166122437 335.775665283
A 150.698074341 56.501041412 389.612915039
A 145.433700562 -161.724227905 289.576171875
A 66.931251526 22.162023544 272.131134033
A 52.492515564 -61.851249695 184.664520264
A 93.477333069 -153.463104248 126.785552979
A 133.199523926 -216.401351929 430.133911133
A 260.166595459 103.395744324 317.435455322
A 215.493927002 -314.065582275 328.336425781
A 152.768661499 52.384708405 162.138153076
A 96.172332764 -264.538299561 295.927917480
A 79.999336243 -219.278915405 370.105010986
A -65540.164062500 16163.626953125 -50536.703125000
A 122.498809814 -74.369163513 102.862518311
A 238.853057861 -99.797447205 495.810028076
A 125.808303833 -180.292800903 445.382537842
A 178.627273560 -270.942535400 401.232696533
A 75.769111633 -247.173034668 275.981903076
A 335.827941895 -225.707656860 132.454437256
A 258.236083984 109.935935974 289.563018799
A 382.081756592 -262.725891113 244.806365967
A 389.293212891 -247.714538574 324.918426514
A 435.964752197 -188.431411743 281.027404785
A 434.046325684 -85.056228638 190.451751709
A 390.488433838 -173.727600098 222.849105835
A 370.984436035 -236.481918335 176.126678467
A 91.877265930 40.317596436 332.150726318
A 105.169181824 -257.962768555 360.820037842
A 59.252414703 -161.157836914 175.339965820
A 334.641113281 -38.526390076 103.276847839
A 283.725494385 -201.254135132 467.658477783
A 339.859497070 19.124017715 422.521331787
A 213.336669922 14.983950615 102.688598633
A 4037.920410156 -12362.280273438 23242.492187500
A 318.462677002 -13.649010658 456.126892090
A 138.036010742 -233.625656128 142.285049438
A 372.264312744 40.375713348 358.636077881
A 199.215591431 -163.919479370 78.133453369
A 50.502590179 -175.804382324 362.844573975
A 419.305755615 -86.622253418 164.085006714
A 246.371810913 -257.269653320 429.376434326
A 300.091217041 -44.395736694 477.165679932
A 187.669616699 -202.677139282 465.268981934
A 128.757186890 -238.739837646 407.086425781
A 162.971252441 -303.369964600 282.891326904
A 38944.695312500 -13275.938476562 -42305.128906250
A 420.371246338 -140.227310181 389.399810791
A 137.014144897 -267.140411377 187.116851807
A 435.935516357 -153.766799927 342.505889893
A -19552.242187500 -80141.992187500 10242.770507812
A 139.900314331 -151.354232788 93.966644287
A 310.350341797 -188.549713135 467.233032227
A 437.611175537 -168.511657715 230.193206787
A 70.782920837 -119.509582520 415.588043213
A 66.073776245 -86.843345642 159.985336304
A -2610.975585938 6007.563476562 6198.291503906
A 114.909187317 -214.435165405 145.616668701
A 375.825347900 -136.408660889 120.908020020
A 156.097961426 22.348070145 412.819274902
A 347.763183594 -219.684967041 422.483032227
A 220.954406738 -278.700500488 152.648895264
A 73.169471741 -92.120765686 137.747665405
A 215.908767700 -238.240737915 115.769599915
A 44.660907745 -191.816101074 233.944839478
A 356.382659912 -267.480743408 207.938308716
A 55.433246613 -22.920181274 203.356933594
A 288.110137939 -264.638519287 143.782089233
A 228.489166260 -320.587432861 248.200531006
A 396.450134277 -90.356582642 136.349166870
A 209.803939819 -53.097785950 73.370376587
A -1509.783081055 -82301.101562500 -20089.800781250
A 157.601913452 -268.199584961 167.553878784
A 276.612426758 -164.982757568 102.235557556
A 149.313842773 -14.108327866 108.632110596
A 232.501922607 -67.300178528 491.322265625
A 273.468322754 -231.184249878 142.039566040
A 81.771354675 -81.387184143 425.648956299
A -56437.320312500 -43625.121093750 -50507.937500000
A 427.268066406 -17.860376358 342.172882080
A 359.038024902 -276.988555908 236.757537842
A 344.797668457 -186.100357056 448.356414795
A 23.392944336 -98.573234558 296.684173584
A 48.555156708 -11.506835938 277.593383789
A 327.229766846 -79.738677979 474.869567871
A 217.755508423 -8.048311234 470.458618164
A 377.184143066 48.957450867 225.388229370
A 307.958709717 65.623870850 167.433898926
A 378.588134766 -84.238166809 118.713859558
A -828.293212891 -5872.279785156 2053.577636719
A 209.318206787 -196.507980347 85.806335449
A 193.378616333 -306.228912354 341.166015625
A 929.665344238 -748.240600586 107.253555298
A 291.593475342 91.737899780 334.663513184
A 175.264389038 63.840103149 161.559936523
A 111.607681274 -242.381362915 384.628051758
A 291.529602051 -79.636596680 71.075370789
A 262.318542480 -304.910888672 364.629058838
A 42.958892822 -26.309724808 308.128234863
A 29631.156250000 -10081.457031250 -43057.554687500
A 286.815490723 -160.689956665 483.721801758
A 263.994293213 -139.456726074 265.977264404
A -4021.253906250 -1197.518554688 1280.809814453
A 236.381805420 39.249626160 124.025932312
A 91.370368958 -213.992355347 253.477005005
A 80.675788879 -46.962860107 416.848205566
A 304.029052734 80.366340637 198.600067139
A 94.069419861 -256.803619385 253.696731567
A 152.582427979 30.397729874 425.738739014
A 66.008522034 11.189611435 226.274154663
A 395.493316650 -31.013814926 160.980941772
A 213.156524658 -103.206047058 62.907936096
A 386.153594971 -208.828491211 397.345733643
A 40.559494019 -127.382987976 361.859161377
A 73.095581055 -181.485229492 173.214492798
A 84.849372864 -25.069126129 168.073471069
A 251.747802734 106.445198059 236.251968384
A 280.373199463 57.863269806 411.913208008
A 136.196594238 65.374801636 205.199874878
A 83.938499451 -247.595855713 234.716842651
A 74.692977905 24.687585831 245.632415771
A 65.186798096 -226.895843506 307.621734619
A 97.879997253 53.012329102 257.850311279
A 365.090728760 -276.136932373 290.706176758
A 186.741836548 90.218322754 213.784515381
A 332.070220947 -271.721954346 180.878860474
A 32.303894043 -154.403381348 263.700195312
A 258.542633057 13.286361694 100.729339600
A 362.498199463 70.050392151 260.981567383
A 381.464202881 -178.055343628 140.937057495
A 378.556945801 3.442074299 398.884460449
A 317.787200928 -61.726753235 86.056983948
A 162.282913208 -298.333312988 341.420745850
A 173.031280518 95.602340698 272.238952637
A 293.445678711 -45.637069702 83.632095337
A 43.045440674 -131.098678589 193.098175049
A 435.254638672 -19.302103043 294.685394287
A 327.338806152 -216.298614502 441.619049072
A 194.584381104 83.073562622 367.264831543
A 180.910614014 -11.572672844 467.706909180
A 4123.357910156 9615.442382812 13159.292968750
A 259.267761230 106.083297729 263.539581299
A 92.312545776 -216.244384766 174.247055054
A 420.256896973 -217.727325439 279.706634521
A 191.953979492 -84.477333069 491.253845215
A 47.927471161 -19.235969543 241.998947144
A 376.348144531 -249.909011841 203.297393799
A 797.807189941 -1257.824951172 -59.776023865
A -29838.097656250 37988.625000000 31013.123046875
A 47.167419434 -193.071365356 325.422180176
A 319.241210938 -169.445831299 91.448104858
A 250.968307495 -264.488861084 135.179000854
A 78.988075256 34.443698883 299.063873291
A 41.420333862 -52.690471649 213.388061523
A 393.058074951 -184.174331665 407.691375732
A 243.561614990 -137.531906128 68.469223022
A 276.485748291 -220.667007446 99.842254639
A 147.372726440 -282.763397217 366.168395996
A 178.397796631 -188.370300293 93.920753479
A 124.177574158 71.280296326 289.579742432
A 170.805450439 -302.195922852 224.060028076
A 160.967742920 -210.162673950 450.861785889
A 291.225585938 -107.537414551 74.251266479
A 57.553539276 -218.782073975 242.171859741
A 279.689514160 -12.747450829 90.308280945
A 308.765136719 46.925186157 144.145095825
A 90.456062317 -106.712043762 122.722824097
A 167.650024414 -1355.977294922 -284.544372559
A 64.796264648 -158.373397827 396.665679932
A 396.942840576 41.326763153 258.535308838
A 260.933319092 -54.870140076 487.802490234
A 88.838890076 -133.598953247 133.346145630
A 273.172027588 -113.165054321 492.258972168
A 256.707214355 -34.145660400 76.104843140
A 337.516143799 -98.564949036 92.722892761
A 405.385864258 -17.730747223 270.602783203
A 197.245712280 -57.359691620 486.436004639
A 277.229614258 77.009063721 173.209442139
A 113.406204224 1.973329306 417.723602295
A 326.466796875 79.191619873 216.501052856
A 313.901031494 -300.002197266 257.057891846
A 238.733718872 -60.559425354 70.310081482
A 217.946670532 -303.112884521 278.295166016
A -7051.318359375 39418.160156250 -93595.031250000
A 56.535579681 -124.121772766 166.917205811
A 158.277145386 -165.188034058 469.357727051
A 166.331558228 -151.263107300 81.691314697
A 214.823974609 -145.314041138 69.023521423
A 211.406829834 105.965332031 283.529785156
A 250.937774658 97.860923767 213.854583740
A 434.213592529 -83.807449341 368.001983643
A 355.859375000 -157.865310669 108.488655090
A 408.006713867 -185.633697510 379.520202637
A 297.158172607 -281.620513916 386.263519287
A 80.759284973 14.950851440 201.708786011
A 384.645324707 -241.538604736 358.987213135
A 398.107025146 25.420417786 224.009841919
A 356.758666992 -120.318756104 102.333160400
A 421.946899414 -175.774993896 194.462677002
A 364.035217285 -45.394802094 116.623023987
A 52.414726257 -146.398391724 380.556732178
A 200.612503052 -259.480102539 425.745269775
A 265.779693604 32.943893433 440.762756348
A 421.267150879 -171.756134033 370.838653564
A 55546.785156250 25604.574218750 6662.239746094
A 705.887329102 -1668.524658203 -1110.185791016
A 427.286376953 -132.854797363 183.900115967
A 249.228256226 -318.860717773 273.315612793
A 187.425537109 80.450958252 185.545883179
A 329.547760010 -250.872680664 406.981903076
A 64.361152649 -33.825386047 386.580352783
A 173.075607300 -46.929374695 81.702995300
A 401.240112305 -67.063743591 414.971618652
A 363.833618164 -266.781524658 346.487731934
A 293.564605713 82.700485229 364.844696045
A 202.103607178 62.606475830 148.057815552
A 57.875823975 -98.808525085 395.863647461
A 402.916870117 22.850673676 331.619628906
A 34.838195801 -79.613220215 341.249694824
A 378.749725342 -42.575756073 431.634094238
A 306.934478760 -205.266799927 102.425209045
A 45.162639618 -200.850219727 292.980712891
A 319.530975342 60.549484253 390.032409668
A 376.201049805 -127.194061279 443.587951660
A 246.640731812 -19.636699677 478.863494873
A 323.771545410 88.359077454 308.984497070
A 323.214904785 75.896263123 354.349639893
A 365.578826904 -232.863525391 402.722076416
A 40.613761902 -189.494873047 270.744964600
A -3156.415039062 -16108.851562500 8457.521484375
A 335.805206299 -191.362518311 111.390480042
A 395.291809082 -2.036839962 176.819305420
A 129.292572021 -261.373260498 325.831634521
A 29.118867874 -137.045730591 317.428680420
A 1679.312744141 6544.845703125 4557.421875000
A 238.743713379 41.654693604 214.284011841
A 424.436767578 -29.634822845 202.819564819
A 159.051940918 -242.633834839 424.171783447
A 139.026855469 -30.144851685 458.742492676
A 417.722778320 -209.609039307 220.079254150
A 272.154846191 -147.801528931 73.214424133
A 131.146331787 -185.259109497 112.095794678
A 177.436218262 -146.413269043 482.487915039
A 37.472675323 -88.726356506 264.872222900
A 358.780731201 70.122688293 304.772186279
A 348.932952881 -288.541381836 266.854400635
A 387.104095459 12.573914528 379.083312988
A 252.083892822 -169.324554443 484.832183838
A 185.934066772 -103.476249695 193.521209717
A 379.241363525 53.972984314 289.656890869
A 182.103363037 34.042167664 127.647727966
A 277.696075439 52.921207428 139.724899292
A 147.508514404 -113.992828369 477.716033936
A 237.341018677 -223.103851318 458.801513672
A 435.949645996 -61.837741852 217.453353882
A 401.905151367 -238.848892212 243.931823730
A 437.644866943 -81.318550110 303.456176758
A 115.978279114 -68.807624817 454.361389160
A 419.968811035 -87.795166016 395.212646484
A 451.947326660 -116.494049072 276.786529541
A -27768.947265625 -40774.117187500 31504.894531250
A 197.207015991 -2.389716625 99.518966675
A 106.603805542 53.553733826 223.849319458
A 247.866165161 -287.245910645 392.273803711
A -1124.759887695 -3410.635498047 -2144.020751953
A 135.924484253 34.748554230 156.300277710
A 375.513732910 -150.984497070 437.060211182
A 404.543487549 6.169953346 201.735549927
A 35.886993408 -54.077125549 242.289062500
A 447.154205322 -107.603744507 240.188385010
A 31.640495300 -96.236999512 217.391738892
A 206.069458008 20.276792526 451.207092285
A 363.595489502 -61.513721466 449.590148926
A 119.709571838 -144.535263062 106.033744812
A 32.034690857 -59.992259979 314.619445801
A 297.656677246 99.817985535 257.803283691
A 176.405532837 -6.395208359 97.615966797
A 226.492568970 78.444869995 383.493743896
A 61.203536987 -75.487533569 397.676391602
A 295.615142822 98.120773315 292.818023682
A 344.067443848 -286.357177734 326.619750977
A 65.199203491 -213.088333130 347.407684326
A 251.910751343 -295.878051758 186.068740845
A 141.294448853 67.878952026 356.469329834
A 233.487411499 -11.034457207 83.353683472
A 63.118381500 -207.371322632 206.525711060
A 224.207855225 51.932037354 136.370681763
A 349.931091309 45.240600586 385.082397461
A 147.509384155 88.622573853 302.706634521
A 212.923477173 -108.128669739 492.870513916
A 319.316314697 -150.589797974 475.854797363
A 434.482696533 -125.792991638 362.058624268
A 442.050170898 -159.823226929 256.552459717
A 173.050842285 -259.574523926 148.105102539
A 114.212768555 45.303405762 371.146881104
A 357.425292969 55.300636292 210.029632568
A 410.470245361 -107.693489075 405.733428955
A 250.321670532 92.335357666 362.716766357
A -325.264953613 699.786437988 1732.712524414
A 264.727203369 -244.949951172 117.145233154
A -18872.957031250 52953.968750000 -4593.208984375
A 168.090316772 -45.529617310 472.319976807
A 434.391540527 -173.474502563 319.286499023
A 385.068481445 -256.421112061 295.634002686
A 62.277050018 7.018339634 309.789886475
A 230.374465942 -100.450653076 72.209579468
A 186.712615967 -238.856735229 441.432891846
A 413.288146973 -154.180511475 164.867401123
A 8824.025390625 3129.005126953 -5163.375000000
A 214.328002930 106.745147705 259.538818359
A 356.880676270 -87.931449890 460.992004395
A 145.430465698 -55.989879608 92.033920288
A 38.404663086 -165.308410645 324.810241699
A 118.281257629 -245.276672363 175.545166016
A 288.838287354 -305.577972412 226.357116699
A 290.900421143 -10.077412605 466.069183350
A 294.434783936 -281.169128418 179.685943604
A 265.591217041 73.067153931 388.965393066
A 240.924591064 65.565231323 405.504455566
A 241.201477051 46.655067444 431.061950684
A 419.716766357 7.315322876 315.360168457
A 217.478134155 -310.014923096 219.189254761
A 118.897827148 -282.837249756 252.429916382
A 162.957595825 11.698269844 445.804168701
A 355.459869385 -259.008300781 380.621368408
A 156.928909302 -303.629211426 313.505737305
A 146.035751343 85.411788940 256.221740723
A 363.968109131 21.205581665 162.006713867
A 300.841156006 -296.217010498 196.702377319
A 1988.717041016 -2233.475097656 1.773990989
A 122.060394287 68.271560669 246.136962891
A 375.127868652 -212.184722900 158.154708862
A 182.934967041 -114.567749023 73.730895996
A 221.051361084 -297.364837646 188.434173584
A 47.990303040 -29.528285980 340.470275879
A 177.345748901 -290.598785400 196.662689209
A 195.424713135 56.119792938 414.751647949
A -15177.302734375 11839.090820312 -16500.404296875
A 358.062225342 -79.406013489 101.921165466
A 172.094024658 -210.836380005 105.940780640
A 416.214996338 -50.431152344 175.746932983
A 235.822235107 -319.709350586 309.559326172
A 317.085174561 -298.710693359 339.597442627
A 193.318313599 -168.873428345 482.075195312
A -11036.155273438 5189.090820312 -9452.123046875
A 322.038421631 -303.701690674 276.928802490
A 377.698486328 50.177478790 328.983489990
A 322.077789307 -117.520812988 81.722625732
A 121.988754272 -30.431404114 116.521980286
A 437.506835938 -28.782461166 250.274612427
A 198.437194824 -317.111022949 285.089569092
A 61.905605316 -7.696990967 353.084594727
A 212.780242920 38.765289307 435.218872070
A 75.289001465 -4.932792187 175.611282349
A 108.533699036 -263.182861328 215.846618652
A 406.631896973 -116.368080139 147.424301147
A 150.804397583 -76.952888489 475.201782227
A 79.422462463 19.830350876 354.655914307
A 39142.636718750 -47561.339843750 60409.945312500
A 401.001434326 -220.599060059 353.893646240
A -7340.084472656 844.843444824 4647.216796875
A 1631.369628906 -3741.673828125 -591.234130859
A 150.220428467 -266.443511963 392.432586670
A 155.568908691 82.936408997 214.764007568
A 422.944396973 -2.894767761 231.627044678
A 312.770812988 -244.297821045 135.430786133
A 43.305221558 -164.647598267 212.116699219
A 363.797119141 5.285246849 142.928085327
A 293.258239746 95.804725647 222.613861084
A 370.941741943 -182.757766724 429.170715332
A 90.302978516 -171.927444458 137.377685547
A 145.639083862 -214.018127441 119.666038513
A -3562.921630859 2282.256591797 100.689743042
A 305.920593262 -243.800308228 430.214782715
A 181.357666016 -116.896095276 488.234558105
A 399.273986816 -192.087921143 167.899993896
A 166.223815918 81.986831665 342.120147705
A 234.424026489 -27.733156204 469.481292725
A 146.980529785 -300.299468994 254.939697266
A 115.771179199 -102.668624878 463.412841797
A 271.577545166 -315.225769043 250.837783813
A 262.032592773 -293.780609131 353.924713135
A 326.759674072 0.701956868 282.149414062
A 152.027008057 -109.928596497 80.312911987
A 374.802978516 -19.765617371 139.620330811
A 289.286804199 -226.184936523 453.103210449
A 29859.402343750 58018.003906250 27685.384765625
A 88.617233276 -154.496917725 426.167114258
A 299.279388428 20.236219406 446.962188721
A 271.113922119 -316.491638184 315.012207031
A 436.687469482 -104.924812317 205.833999634
A 94.721870422 -33.308582306 136.642288208
A 105.280662537 39.467330933 197.698333740
A 259.732604980 -273.458831787 410.206054688
A 343.536132812 76.804153442 239.782669067
A 42.843791962 -93.999671936 190.919158936
A 50.772121429 -49.650447845 361.271362305
A 254.391632080 -195.149459839 85.785476685
A 162.615417480 -25.127122879 441.789031982
A 113.096916199 -41.658264160 442.940643311
A 255.094726562 -201.089416504 472.285675049
A 420.355957031 -50.434188843 378.534515381
A 405.775482178 28.927024841 293.229034424
A 184.099868774 -310.200103760 251.238296509
A 297.280273438 -67.383056641 484.796203613
A 139.585922241 -284.416534424 215.208587646
A 181.215850830 68.280509949 391.382171631
A 85.244293213 -187.110015869 406.341552734
A 27.110013962 -142.410049438 285.469940186
A 205.194885254 -256.812683105 134.931015015
A 243.440429688 88.574867249 182.898941040
A 190.556243896 -35.792194366 315.477264404
A -4940.291015625 45397.335937500 -58011.898437500
A 363.822875977 37.475627899 182.367584229
A -509.109497070 -1372.443847656 191.573333740
A 87.111610413 -210.650207520 393.965240479
A 400.797302246 -220.902587891 201.355468750
A 98.370811462 -68.283943176 120.766441345
A 304.501190186 15.638774872 115.443023682
A 8487.602539062 -545.905151367 -1890.650512695
A 411.993835449 -8.840733528 362.471740723
A 264.755523682 -84.899368286 67.742355347
A 114.317512512 23.953321457 395.644927979
A 126.818656921 -291.171661377 296.032409668
A 9733.952148438 11112.223632812 21261.595703125
A 338.865509033 53.263267517 175.883499146
A 24.776491165 -111.471282959 242.754409790
A 103.802139282 -20.954282761 428.138031006
A 20.655553818 -79.202209473 272.975250244
A 346.705230713 -246.175430298 158.441329956
A 401.834686279 -242.340682983 281.425018311
A 111.530929565 9.002408028 348.189056396
A 95.076652527 -113.325706482 440.860656738
A 35.345027924 -42.928009033 279.629638672
A -3876.275146484 -1561.203613281 3815.451171875
A 189.075195312 98.641723633 241.847671509
A 232.122283936 -215.102279663 93.562973022
A 134.998168945 -106.061988831 434.590332031
A 82.961975098 -7.907835007 387.711975098
A 120.132164001 39.808464050 175.022933960
A -23203.146484375 7351.568847656 4766.168945312
A 91.321823120 -234.159301758 198.759292603
A 285.873779297 -96.980354309 491.731384277
A 118.561203003 -276.910034180 331.662841797
A 40.335838318 -98.296012878 365.665374756
A 352.635314941 22.874877930 367.746429443
A 345.272186279 72.689613342 331.962188721
A 200.131851196 100.200508118 311.449371338
A 424.014709473 7.566120148 267.304443359
A 448.029541016 -51.557430267 291.635101318
A 268.445007324 -282.239776611 161.949234009
A -3112.435791016 2893.206298828 -618.068359375
A 107.879478455 -144.812973022 446.145935059
A 276.057220459 -176.563903809 77.159362793
A 330.000915527 91.518707275 272.783538818
A 256.221435547 -241.871322632 446.634277344
A 100.363967896 6.280060768 157.422821045
A 420.408813477 -212.679779053 312.340301514
A 341.997100830 -7.042257309 121.889579773
A 288.829589844 -302.370697021 351.620239258
A 334.356170654 -117.739181519 479.312011719
A 173.447967529 -80.587333679 77.032577515
A 117.117652893 59.166400909 336.436096191
A 244.825271606 69.604370117 155.262527466
A 450.973266602 -76.231101990 265.333831787
A 300.306549072 -1.771725535 249.949493408
A 217.761291504 -275.102813721 409.431335449
A 135.137268066 -160.544128418 461.038848877
A 254.867889404 -309.444122314 217.347412109
A 269.677307129 32.534835815 116.502311707
A 176.322952271 -236.674819946 124.673553467
A 338.934448242 -38.247688293 457.409912109
A 82.910797119 -251.288024902 329.858886719
A 166.691268921 88.173728943 318.762390137
A 193.182052612 -285.959747314 176.638061523
A 382.079742432 -21.587211609 420.099761963
A 311.686676025 -143.279235840 80.963096619
A 206.354812622 -221.498321533 457.554168701
A 404.050720215 -142.083389282 413.053131104
A 222.378692627 -302.498168945 363.044769287
A 222.700469971 -181.272125244 478.646270752
A -13337.577148438 12240.862304688 2879.399658203
A 355.911376953 -202.392211914 128.783676147
A 386.355346680 -95.539382935 437.460754395
A 11364.609375000 5092.402343750 -26.512071609
A 313.034149170 37.770114899 402.254943848
A 32.694889069 -147.003341675 235.080718994
