533

A 401.322113037 -57.468681335 145.768646240
A 109.579284668 -199.868774414 431.642852783
A 353.146118164 -153.308578491 469.125701904
A 288.724121094 -318.314300537 292.613464355
A 443.998809814 -45.184906006 341.161682129
A 461.106262207 -105.659896851 306.936645508
A 332.026611328 -232.360229492 329.809967041
A 326.723449707 -116.773071289 468.642852783
A 351.521179199 -5275.248535156 -50322.167968750
A 456.449768066 -148.490539551 279.417297363
A 124.843139648 1.453497887 133.408645630
A 335.759368896 -83.662269592 417.909973145
A 328.986419678 -295.363250732 230.562850952
A 413.348907471 -29.952632904 399.993927002
A 73.437332153 -51.673187256 160.452880859
A 3461.625000000 -795.955322266 7638.800292969
A 270.357299805 -141.064956665 497.079101562
A 196.509948730 -294.295104980 385.162384033
A 103.195411682 -183.094482422 297.923675537
A 333.333160400 24.374366760 138.241744995
A 243.814926147 102.146675110 346.923919678
A 453.554870605 -144.868667603 317.007690430
A 230.760818481 -144.863754272 500.643981934
A 6302.366210938 4754.664062500 4.490986824
A 315.124847412 35.803256989 431.760559082
A 323.015808105 -310.241821289 319.518707275
A 358.317108154 -8.497663498 440.965606689
A 452.549926758 -73.715431213 337.753631592
A 430.738220215 -205.434677124 249.255279541
A 201.926101685 -56.101512909 103.859359741
A 222.273345947 92.965942383 199.374969482
A 449.824218750 -108.356765747 346.236206055
A 454.179046631 -62.768447876 246.092086792
A 336.262359619 -280.714416504 378.456909180
A 427.567413330 -204.540588379 346.244049072
A 90.789169312 -197.789276123 159.468734741
A 265.973327637 -3.347438335 476.997253418
A 104.741836548 59.343971252 305.795806885
A 448.994323730 -138.731658936 222.639144897
A 34.484413147 -110.769737244 332.062774658
A 399.546569824 -151.025222778 141.246932983
A 130.524307251 -106.528785706 96.469276428
A 152.938537598 16.205144882 126.851966858
A 296.300811768 -266.289733887 425.012084961
A -1176.535278320 396.410308838 297.995971680
A 314.448730469 -15.683613777 101.100364685
A -48484.281250000 64059.628906250 40715.722656250
A 215.880630493 97.802520752 341.502075195
A 153.524093628 57.477672577 396.087432861
A 148.218093872 -164.908493042 294.768798828
A 67.951141357 22.688463211 276.386199951
A 53.535339355 -62.975406647 187.897171021
A 95.031150818 -156.115158081 128.864181519
A 135.437576294 -220.133590698 437.450958252
A 264.499084473 105.095649719 322.812866211
A 219.163497925 -319.763732910 333.537200928
A 155.134201050 53.546085358 164.668426514
A 97.829284668 -268.997772217 301.084136963
A 81.289169312 -222.825256348 376.523010254
A -66661.859375000 16440.316406250 -51401.773437500
A 124.803565979 -75.911010742 104.492607117
A 242.930923462 -101.575576782 504.499725342
A 127.996315002 -183.456909180 452.774017334
A 182.005493164 -275.267242432 408.333953857
A 77.355888367 -251.338272095 280.785644531
A 341.817169189 -229.701385498 134.809020996
A 262.691894531 111.773689270 294.337036133
A 388.544250488 -267.252166748 248.967605591
A 395.717651367 -252.093627930 330.508056641
A 443.367309570 -191.469253540 286.029754639
A 441.504638672 -86.255790710 193.753997803
A 396.872497559 -176.710693359 226.760986328
A 376.978088379 -240.439834595 179.150314331
A 93.469100952 40.978763580 337.827331543
A 107.028846741 -262.603424072 366.906677246
A 60.130107880 -164.100906372 178.217636108
A 340.276550293 -39.172428131 104.949813843
A 288.379058838 -204.776641846 475.444000244
A 345.599731445 19.525127411 429.490783691
A 217.211151123 14.937664986 104.365203857
A 4107.037109375 -12573.721679688 23640.492187500
A 323.904907227 -14.394568443 463.836029053
A 140.381729126 -237.510757446 144.506515503
A 378.529998779 41.183078766 364.630859375
A 202.695922852 -166.724700928 79.534324646
A 51.580986023 -178.856155396 368.770355225
A 426.302459717 -87.949897766 166.757827759
A 250.543319702 -261.561645508 436.498718262
A 305.054626465 -44.888038635 485.303070068
A 190.835678101 -206.148056030 473.534027100
A 130.859451294 -242.442657471 414.034576416
A 165.985565186 -308.404235840 287.752288818
A 39611.503906250 -13503.070312500 -43029.304687500
A 427.220153809 -142.738052368 395.888946533
A 139.652343750 -271.827392578 190.636154175
A 443.175048828 -156.495498657 348.453002930
A -19886.695312500 -81513.609375000 10418.057617188
A 142.139007568 -153.906723022 95.678253174
A 315.778778076 -191.766448975 475.033843994
A 445.183502197 -171.347763062 234.318832397
A 71.967880249 -121.416656494 422.742156982
A 67.242797852 -88.529754639 162.815216064
A -2655.711425781 6110.157714844 6304.342285156
A 116.872505188 -218.104019165 147.838348389
A 382.119720459 -138.662872314 123.082756042
A 158.384216309 22.627895355 420.033142090
A 353.604278564 -223.665817261 429.496948242
A 224.704299927 -283.540802002 155.085723877
A 74.308670044 -93.673965454 140.224365234
A 219.858932495 -242.325653076 117.621520996
A 45.550674438 -194.882278442 237.791580200
A 362.541107178 -272.173400879 211.665603638
A 56.406501770 -23.096376419 206.965118408
A 293.021728516 -268.979492188 146.070190430
A 232.398254395 -326.075073242 252.099136353
A 403.128265381 -91.937629700 138.531814575
A 213.237854004 -54.255352020 74.905052185
A -1535.875732422 -83709.546875000 -20433.537109375
A 160.113449097 -272.958709717 170.327682495
A 281.419525146 -167.758636475 103.936065674
A 151.841781616 -14.241299629 110.337211609
A 236.378067017 -68.625526428 499.679412842
A 278.355499268 -235.056655884 144.760162354
A 83.232269287 -82.836036682 433.282867432
A -57403.335937500 -44372.023437500 -51372.128906250
A 434.541290283 -17.772640228 348.005432129
A 365.168579102 -281.962066650 240.416152954
A 350.474182129 -189.221984863 456.107849121
A 23.744884491 -100.208724976 301.794982910
A 49.281352997 -11.906585693 282.597137451
A 333.221832275 -81.357147217 482.808074951
A 221.466445923 -7.880117416 478.601348877
A 383.668029785 49.647476196 229.253372192
A 313.362823486 66.712982178 170.313491821
A 385.180145264 -85.531021118 120.987785339
A -842.832153320 -5972.642089844 2088.543457031
A 212.782913208 -200.144729614 87.262916565
A 196.488235474 -311.323059082 346.958770752
A 945.742431641 -761.299621582 109.240242004
A 296.665466309 93.236671448 340.144622803
A 178.117050171 64.850051880 164.382507324
A 113.538299561 -246.347961426 391.498046875
A 296.397827148 -80.784004211 72.313743591
A 267.123046875 -310.581237793 371.081665039
A 43.545375824 -26.847040176 313.515716553
A 30138.347656250 -10254.069335938 -43794.421875000
A 292.047943115 -163.384902954 491.834777832
A 268.853698730 -141.827606201 270.903289795
A -4090.450927734 -1218.098754883 1303.040893555
A 240.363952637 40.178462982 126.122703552
A 93.179428101 -217.679092407 257.958862305
A 82.337524414 -47.600433350 423.558624268
A 308.992950439 81.610115051 201.800567627
A 95.697013855 -261.020446777 257.838775635
A 155.107879639 31.122455597 432.911163330
A 67.292427063 11.531500816 230.205764771
A 402.433776855 -31.509927750 163.573165894
A 216.820983887 -104.997787476 64.192733765
A 392.792816162 -212.545715332 404.038269043
A 41.048870087 -129.353210449 367.914825439
A 74.400932312 -184.463623047 176.223663330
A 86.332778931 -25.721862793 170.684219360
A 256.031646729 108.370483398 240.452728271
A 285.121032715 58.713768005 418.663177490
A 138.406051636 66.637084961 208.616516113
A 85.251129150 -252.022109985 238.765274048
A 75.827606201 25.316764832 249.897659302
A 66.375473022 -230.747360229 312.990997314
A 99.577667236 53.891830444 261.877807617
A 371.247619629 -281.085693359 295.677062988
A 190.129302979 91.657661438 217.524444580
A 337.625885010 -276.140991211 184.232315063
A 33.211784363 -157.037322998 268.052886963
A 262.694091797 13.261158943 102.406631470
A 368.634643555 70.976303101 265.302856445
A 388.020812988 -180.973098755 143.211212158
A 385.072875977 3.856351137 405.626953125
A 323.076812744 -63.197616577 87.601875305
A 165.009780884 -303.098388672 347.459838867
A 175.852188110 96.947547913 276.998046875
A 298.367095947 -46.300338745 85.048095703
A 43.813385010 -133.367904663 196.419860840
A 442.800994873 -19.710327148 299.630737305
A 332.899810791 -219.730407715 449.167205811
A 197.947525024 84.517250061 373.461029053
A 183.674484253 -11.535013199 475.576232910
A 4194.053710938 9780.075195312 13384.369140625
A 263.721740723 107.986701965 268.121795654
A 93.534599304 -219.661132812 177.443359375
A 427.525146484 -221.698715210 284.463867188
A 195.107254028 -85.945159912 499.747650146
A 48.529499054 -19.445510864 246.406036377
A 382.750671387 -254.295761108 206.643676758
A 811.296447754 -1279.429687500 -60.728885651
A -30348.898437500 38639.039062500 31543.660156250
A 47.630405426 -196.450241089 331.018615723
A 324.649780273 -172.492141724 93.127006531
A 255.130264282 -268.905792236 137.417861938
A 80.514862061 35.118846893 304.046691895
A 41.816135406 -53.444530487 217.312927246
A 399.769104004 -187.555923462 414.882263184
A 247.895736694 -139.913574219 70.026466370
A 281.480255127 -224.041824341 101.290023804
A 149.909713745 -287.807220459 372.326080322
A 181.551361084 -191.379348755 95.582756042
A 126.203559875 72.732353210 294.441772461
A 173.696884155 -307.419830322 227.631210327
A 164.003005981 -213.877166748 458.560150146
A 296.195465088 -109.141494751 75.406852722
A 58.411407471 -222.755798340 246.271820068
A 284.648742676 -13.091588020 92.075851440
A 313.963348389 47.905464172 146.483779907
A 92.072639465 -108.227844238 124.860282898
A 170.894897461 -1379.000976562 -289.510437012
A 65.890968323 -160.966995239 403.516113281
A 403.962615967 42.097126007 262.807312012
A 265.193511963 -55.821880341 496.233032227
A 90.397560120 -136.094924927 135.954498291
A 277.568725586 -115.387123108 500.882202148
A 261.189086914 -34.785453796 77.376533508
A 342.922546387 -100.251884460 94.065368652
A 412.568634033 -18.027097702 274.985412598
A 200.883224487 -58.573135376 494.861541748
A 282.354797363 78.276168823 176.010375977
A 115.302124023 2.031692505 424.678771973
A 332.009887695 80.888916016 220.261322021
A 319.389068604 -305.105987549 262.079650879
A 242.998519897 -61.598144531 71.614753723
A 221.395355225 -308.230316162 283.188720703
A -7172.050292969 40093.097656250 -95197.281250000
A 57.332096100 -126.519012451 169.767990112
A 161.003005981 -167.891342163 477.247802734
A 169.198257446 -153.487030029 83.519973755
A 218.241699219 -147.880218506 70.060653687
A 215.216537476 107.838645935 288.405059814
A 255.161254883 99.802253723 217.468826294
A 441.601470947 -85.159011841 374.202850342
A 362.365173340 -160.677032471 110.352149963
A 414.775238037 -188.818832397 386.102111816
A 302.559600830 -286.559417725 392.719909668
A 82.269104004 15.164691925 205.351776123
A 391.057556152 -245.456054688 365.300537109
A 405.027648926 26.136310577 227.925765991
A 362.621551514 -122.797851562 103.902786255
A 429.153472900 -178.695678711 198.163711548
A 369.930175781 -45.945789337 118.284309387
A 53.438476562 -149.031524658 387.222320557
A 204.118225098 -263.993347168 433.019683838
A 270.341156006 33.783100128 448.229675293
A 428.417266846 -175.105957031 376.946960449
A 56497.574218750 26043.228515625 6776.165527344
A 718.017944336 -1697.150268555 -1129.124877930
A 434.438568115 -135.343231201 186.989517212
A 253.438125610 -324.368835449 277.687225342
A 190.581909180 81.982467651 188.874465942
A 335.312652588 -255.366455078 413.739501953
A 65.500633240 -34.433494568 393.334655762
A 175.925949097 -47.886302948 83.124313354
A 407.882354736 -68.356582642 421.930084229
A 370.146484375 -271.357574463 352.212768555
A 298.486633301 84.161331177 371.265838623
A 205.593353271 63.397346497 150.571914673
A 58.812622070 -100.618400574 402.531799316
A 409.764404297 23.280548096 337.189910889
A 35.799713135 -81.211425781 347.046020508
A 385.148681641 -43.182022095 439.297454834
A 312.409759521 -208.702545166 104.018051147
A 45.932323456 -204.164703369 297.888824463
A 325.098510742 61.527225494 396.974578857
A 382.671447754 -129.613403320 451.290496826
A 251.309417725 -20.160953522 486.856811523
A 329.358459473 89.811782837 314.192108154
A 328.753021240 77.007148743 360.731811523
A 371.826965332 -236.628189087 409.456054688
A 41.373203278 -192.632705688 275.757904053
A -3210.793457031 -16384.582031250 8602.184570312
A 341.698028564 -194.761779785 113.310638428
A 402.170776367 -1.911895990 179.593887329
A 131.572891235 -265.693359375 331.325164795
A 29.641120911 -139.313262939 323.145111084
A 1707.803344727 6656.752929688 4635.156250000
A 243.088745117 42.447132111 217.979965210
A 431.603851318 -29.848152161 206.084701538
A 161.624755859 -246.762542725 431.403533936
A 141.548294067 -30.690887451 466.583984375
A 424.951782227 -213.217651367 223.803573608
A 276.626098633 -150.569030762 74.437454224
A 133.526092529 -188.414672852 113.713081360
A 180.533721924 -148.855239868 491.011108398
A 38.207866669 -90.058364868 269.310821533
A 364.942901611 71.452491760 310.292327881
A 354.944122314 -293.421447754 271.567413330
A 393.350799561 12.762099266 385.380981445
A 256.220336914 -172.089416504 492.912841797
A 189.131027222 -105.242691040 196.831207275
A 385.692199707 54.876628876 294.344940186
A 185.245529175 34.767162323 129.905944824
A 282.505157471 53.637413025 142.141693115
A 150.064270020 -115.834251404 485.556610107
A 241.405944824 -226.739685059 466.606353760
A 443.472656250 -62.795196533 221.088104248
A 408.952178955 -243.025634766 248.171447754
A 445.092590332 -83.052223206 308.558746338
A 117.801956177 -69.787094116 462.196197510
A 427.149475098 -89.559707642 401.803497314
A 459.304656982 -118.744926453 281.429870605
A -28244.279296875 -41472.007812500 32043.824218750
A 200.508544922 -2.625992775 101.274711609
A 108.333763123 54.736354828 227.607604980
A 252.171234131 -292.058166504 399.013824463
A -1144.452636719 -3469.041992188 -2180.597900391
A 138.319717407 35.373851776 159.137145996
A 381.658264160 -153.677536011 444.540710449
A 411.260406494 6.032146454 205.595458984
A 36.658748627 -55.180435181 246.352935791
A 454.708831787 -109.585037231 244.219802856
A 31.981657028 -97.694519043 220.947463989
A 209.430191040 20.658304214 458.878326416
A 369.782958984 -62.624031067 457.048065186
A 121.641166687 -147.089019775 107.849197388
A 32.194709778 -60.667552948 320.304473877
A 302.752716064 101.823692322 262.559661865
A 179.535583496 -6.172678947 99.371925354
A 230.139755249 79.875732422 390.209167480
A 62.508014679 -76.906913757 404.510803223
A 300.541320801 99.822479248 298.299804688
A 349.686248779 -291.215850830 332.349121094
A 66.343338013 -216.790161133 353.319458008
A 256.403228760 -301.079284668 189.599090576
A 143.611801147 69.157653809 362.695312500
A 237.969055176 -11.145498276 84.848114014
A 63.903633118 -211.061447144 210.223739624
A 227.936294556 52.539318085 138.776931763
A 355.800933838 46.067234039 391.706390381
A 150.026809692 90.157791138 307.926910400
A 216.634597778 -110.273361206 501.297973633
A 324.769317627 -153.236267090 484.028808594
A 441.920501709 -127.870529175 368.425079346
A 449.680633545 -162.408004761 260.996337891
A 176.235916138 -263.928009033 150.325042725
A 116.187530518 45.984588623 377.341247559
A 363.457092285 56.431045532 213.735382080
A 417.602783203 -109.518211365 413.004852295
A 254.716583252 93.805976868 369.021850586
A -331.182952881 711.896850586 1762.485351562
A 269.343963623 -248.915206909 119.010208130
A -19195.988281250 53860.296875000 -4671.755371094
A 170.954376221 -46.182777405 480.392395020
A 442.023071289 -176.438751221 324.869812012
A 391.591186523 -260.810485840 300.659027100
A 63.521678925 7.007778168 315.179168701
A 234.590560913 -101.795745850 73.337158203
A 190.385818481 -242.470031738 448.588073730
A 420.523254395 -156.826904297 167.570785522
A 8974.989257812 3182.605224609 -5251.646484375
A 218.090682983 108.597587585 263.820648193
A 362.799163818 -89.377319336 469.101776123
A 147.847518921 -56.898254395 92.960685730
A 39.254009247 -168.192306519 330.222839355
A 120.488159180 -249.592544556 178.563583374
A 293.834960938 -310.759643555 230.314941406
A 295.949462891 -10.138178825 474.090240479
A 299.446136475 -285.963623047 182.749816895
A 270.436920166 74.365699768 395.445861816
A 245.009948730 66.832633972 412.617706299
A 244.959320068 47.305656433 438.581390381
A 426.762268066 7.398545742 320.913299561
A 221.251632690 -315.092437744 222.955230713
A 120.643753052 -287.902984619 256.697052002
A 165.687591553 12.010102272 453.412872314
A 361.572814941 -263.324615479 387.397827148
A 159.736999512 -308.793823242 319.100158691
A 148.495941162 86.947792053 260.463043213
A 370.000732422 21.301719666 164.636138916
A 305.947601318 -301.342681885 200.147064209
A 2023.202148438 -2271.835205078 1.717348933
A 123.945358276 69.674423218 250.222915649
A 381.520996094 -215.971282959 160.618591309
A 186.092697144 -116.360145569 75.104400635
A 224.757980347 -302.684326172 192.062316895
A 48.902256012 -30.226100922 346.523895264
A 180.491073608 -295.797454834 199.743286133
A 198.962905884 57.252559662 422.086914062
A -15436.818359375 12041.899414062 -16782.498046875
A 363.854248047 -80.635009766 104.027130127
A 175.167785645 -214.556396484 107.654571533
A 423.561004639 -51.351924896 179.252609253
A 240.046218872 -325.136383057 314.626403809
A 322.377563477 -304.037445068 345.595458984
A 196.801620483 -171.676635742 490.616088867
A -11224.823242188 5278.054687500 -9613.684570312
A 327.885772705 -308.877532959 281.891113281
A 384.049652100 51.207691193 334.984802246
A 327.700378418 -119.644203186 83.354576111
A 124.093132019 -30.819877625 118.237007141
A 445.170501709 -29.301584244 254.526718140
A 201.930328369 -322.608825684 289.890228271
A 63.099548340 -7.983348846 359.317932129
A 216.543701172 39.246788025 442.719940186
A 76.884567261 -5.010991573 178.800231934
A 110.382141113 -267.611907959 219.643218994
A 413.592010498 -118.157279968 149.950561523
A 153.588027954 -78.359031677 483.561950684
A 80.501647949 20.014110565 360.622680664
A 39812.578125000 -48375.667968750 61444.093750000
A 407.864746094 -224.359008789 359.847869873
A -7465.749023438 859.145141602 4726.674804688
A 1659.075927734 -3805.480224609 -601.186889648
A 152.815231323 -271.064971924 399.076293945
A 158.134963989 84.317375183 218.508972168
A 430.038299561 -2.968227625 235.437423706
A 317.708648682 -248.383712769 137.888275146
A 44.043678284 -167.569656372 215.722885132
A 370.178192139 5.254743576 145.118927002
A 298.261566162 97.756187439 226.491531372
A 376.996307373 -185.805343628 436.249145508
A 92.010551453 -174.715789795 139.809616089
A 147.912872314 -218.163253784 121.745903015
A -3624.088867188 2321.388427734 102.447731018
A 311.183288574 -248.015167236 437.589385986
A 184.581176758 -119.073448181 496.591308594
A 406.025695801 -195.461013794 170.916168213
A 168.797851562 83.387893677 347.762969971
A 238.537597656 -27.977094650 477.757141113
A 149.480255127 -305.733001709 258.937133789
A 117.731582642 -104.521430969 471.181182861
A 276.169006348 -320.680603027 255.283020020
A 266.518249512 -298.830566406 359.730651855
A 332.331909180 0.638663113 287.066436768
A 154.408126831 -111.856323242 81.725090027
A 381.157623291 -20.054691315 142.064880371
A 294.445953369 -230.230361938 460.783203125
A 30370.755859375 59011.394531250 28159.085937500
A 90.151466370 -157.217864990 433.472137451
A 303.993682861 20.462732315 454.636688232
A 275.662963867 -322.226348877 320.414306641
A 444.021972656 -106.767700195 209.036743164
A 96.400001526 -34.047702789 139.020004272
A 107.011466980 40.299087524 201.212158203
A 263.895141602 -278.313110352 417.065673828
A 349.613372803 77.966743469 244.155364990
A 43.654033661 -95.881942749 194.170211792
A 51.678577423 -50.588958740 367.307434082
A 258.654144287 -198.367279053 87.317672729
A 165.194946289 -25.778612137 449.344268799
A 115.056648254 -42.512008667 450.441864014
A 259.419647217 -204.752700806 480.339477539
A 427.232604980 -51.485229492 385.187194824
A 412.844909668 29.444482803 298.250030518
A 186.989013672 -315.687164307 255.135025024
A 302.327484131 -68.366958618 493.190551758
A 141.629196167 -289.245788574 218.846664429
A 184.486297607 69.212379456 397.879913330
A 86.951560974 -190.267013550 412.909759521
A 27.426555634 -145.215393066 290.415863037
A 208.666442871 -261.045959473 137.222991943
A 247.731109619 89.950714111 185.847610474
A 194.002243042 -36.535079956 320.871215820
A -5024.609863281 46174.503906250 -59004.804687500
A 370.195526123 38.179485321 185.637329102
A -517.712341309 -1395.822875977 194.883605957
A 88.855186462 -214.131561279 400.514007568
A 407.671173096 -224.682037354 204.900482178
A 100.232574463 -69.664886475 123.101768494
A 309.642150879 15.959045410 117.483001709
A 8632.836914062 -555.261352539 -1923.268676758
A 419.205627441 -8.879677773 368.671997070
A 269.464874268 -86.020919800 69.280166626
A 116.213302612 23.871486664 402.157165527
A 128.862243652 -296.059875488 301.228271484
A 9900.888671875 11302.495117188 21625.458984375
A 345.058013916 54.197341919 178.793075562
A 24.889724731 -113.572998047 247.034561157
A 105.798614502 -21.127887726 435.591217041
A 20.911478043 -80.735290527 277.672180176
A 352.631072998 -250.365356445 161.289062500
A 408.705749512 -246.505920410 286.227386475
A 113.311477661 9.422714233 354.144622803
A 96.618148804 -114.987632751 448.525817871
A 36.107398987 -43.935844421 284.553619385
A -3942.518798828 -1587.833374023 3880.528076172
A 192.544921875 100.471252441 245.976379395
A 235.865432739 -218.907272339 95.080879211
A 137.172042847 -108.192398071 442.127166748
A 84.000495911 -8.191210747 394.201629639
A 121.975189209 40.513240814 178.036483765
A -23600.619140625 7477.309082031 4847.867675781
A 93.072151184 -238.249740601 202.419296265
A 290.863525391 -98.475669861 500.322479248
A 120.490402222 -281.532135010 337.316558838
A 40.791156769 -99.996017456 371.943084717
A 358.660583496 23.358007431 373.930206299
A 351.071624756 73.860435486 337.694549561
A 203.772827148 101.909843445 316.950653076
A 430.915130615 7.974523544 271.973327637
A 455.367767334 -52.290134430 296.760681152
A 273.110931396 -287.040161133 164.693313599
A -3165.943359375 2942.799316406 -628.784423828
A 109.626091003 -147.380355835 453.812622070
A 280.665557861 -179.524688721 78.459167480
A 335.829620361 92.994155884 277.248840332
A 260.679595947 -246.201797485 454.715911865
A 102.356719971 6.465264320 160.189361572
A 427.410705566 -216.160903931 317.554962158
A 347.952301025 -6.946391582 124.039932251
A 293.992218018 -307.240234375 357.595672607
A 340.138519287 -119.967338562 487.481048584
A 176.448440552 -81.868476868 78.404464722
A 119.445167542 60.151294708 342.131958008
A 249.116912842 70.466522217 157.851776123
A 458.649322510 -77.450309753 269.820037842
A 305.686096191 -1.815823674 254.139678955
A 221.573059082 -279.762725830 416.390197754
A 137.240173340 -163.476989746 468.883544922
A 259.496124268 -314.891784668 221.166580200
A 274.439208984 33.041656494 118.549850464
A 179.408020020 -240.416641235 126.843711853
A 345.202484131 -38.858821869 465.423736572
A 84.433738708 -255.864196777 335.309997559
A 169.805694580 89.379951477 324.382110596
A 196.456817627 -290.590179443 179.519149780
A 388.660430908 -21.795345306 427.310241699
A 316.699188232 -145.786529541 82.053390503
A 209.946136475 -225.075561523 465.329864502
A 410.762695312 -144.261962891 420.133636475
A 226.387039185 -307.725891113 369.451141357
A 226.258743286 -184.109405518 486.576324463
A -13566.018554688 12450.413085938 2928.673095703
A 361.847625732 -206.152847290 131.245513916
A 392.888793945 -97.172744751 445.018493652
A 11559.391601562 5179.878906250 -27.084417343
A 318.081329346 38.461669922 408.964874268
A 33.363262177 -149.488555908 239.047119141
