533

A 310.945373535 -43.880855560 112.276908875
A 84.640388489 -154.719940186 334.970947266
A 273.491973877 -118.945899963 364.671630859
A 224.346649170 -246.681472778 227.762268066
A 344.598571777 -34.929870605 265.453399658
A 357.997619629 -80.931159973 238.208282471
A 257.533477783 -180.478363037 256.333709717
A 252.858291626 -90.644203186 363.041412354
A 272.183959961 -4089.565429688 -39004.914062500
A 354.490966797 -113.837463379 216.819625854
A 96.950775146 0.894110560 103.783630371
A 260.226013184 -64.376815796 323.274963379
A 255.512420654 -229.581344604 178.214187622
A 319.862213135 -23.564199448 309.354248047
A 56.635066986 -39.705158234 124.667045593
A 2682.699218750 -617.943969727 5919.453613281
A 209.703506470 -109.659835815 386.442108154
A 153.416381836 -228.134597778 299.134582520
A 79.363662720 -141.564453125 231.747573853
A 258.692993164 19.033866882 106.473342896
A 190.062622070 77.833786011 268.712066650
A 351.563262939 -112.303520203 245.546020508
A 179.172164917 -112.960151672 388.518127441
A 4884.995117188 3685.604492188 4.178678513
A 243.607177734 28.192981720 334.973419189
A 249.921096802 -240.008468628 247.216812134
A 277.402282715 -6.188815117 343.375701904
A 351.753784180 -57.393432617 262.277923584
A 334.303131104 -158.970947266 193.871902466
A 155.494781494 -43.827583313 80.435089111
A 172.060317993 72.745101929 154.601303101
A 349.966644287 -84.440025330 268.889373779
A 351.219268799 -47.519157410 190.640350342
A 260.251281738 -217.506057739 293.348693848
A 330.651245117 -158.757980347 267.914550781
A 70.584495544 -153.872680664 121.815544128
A 205.858016968 -3.143733501 368.850250244
A 82.595222473 45.698745728 237.495101929
A 348.169097900 -107.204505920 171.203903198
A 26.849254608 -85.707565308 256.207672119
A 309.588378906 -117.233184814 109.382400513
A 99.945220947 -82.352699280 75.757759094
A 118.899002075 12.366497040 98.020294189
A 229.454940796 -206.487060547 329.926544189
A -912.348266602 306.251983643 230.784973145
A 242.376281738 -12.238812447 79.204994202
A -37580.207031250 49652.855468750 31558.685546875
A 167.267074585 75.965538025 264.269561768
A 119.120361328 44.020351410 308.168945312
A 115.464462280 -127.322509766 227.793899536
A 52.519432068 17.275672913 215.640167236
A 40.613212585 -48.647933960 145.614913940
A 74.783294678 -120.814788818 98.460334778
A 105.651794434 -170.879714966 339.441070557
A 204.958526611 81.706268311 249.475036621
A 169.530441284 -247.486724854 258.938934326
A 121.108505249 40.869968414 128.699401855
A 75.280334473 -208.902114868 233.017822266
A 62.293521881 -172.726150513 291.278472900
A -51669.832031250 12742.419921875 -39841.355468750
A 96.421264648 -58.676528931 80.384292603
A 188.831176758 -79.083534241 390.750335693
A 99.940086365 -142.389678955 350.410858154
A 141.478591919 -214.598541260 316.544311523
A 59.503669739 -195.336502075 217.155014038
A 264.285522461 -177.927169800 104.537002563
A 203.879730225 86.259620667 228.380004883
A 300.151519775 -207.067596436 193.358749390
A 307.160736084 -195.316345215 255.729827881
A 343.698577881 -147.010650635 221.384277344
A 342.228759766 -67.729942322 150.316360474
A 308.455810547 -137.117324829 175.009948730
A 292.304595947 -186.513229370 139.269866943
A 72.204704285 32.501922607 261.635894775
A 83.630325317 -203.061996460 284.377593994
A 45.572402954 -126.720832825 139.669860840
A 265.288787842 -30.483968735 81.851867676
A 222.873962402 -157.745285034 369.009338379
A 268.195037842 16.091585159 333.290252686
A 168.270721436 11.413158417 80.118507385
A 3183.411376953 -9746.430664062 18323.597656250
A 251.679992676 -9.850857735 359.057220459
A 109.272781372 -182.807571411 111.160812378
A 295.317291260 32.475917816 283.210266113
A 156.860961914 -129.504104614 61.278068542
A 39.425170898 -137.953613281 284.750793457
A 329.895812988 -69.224319458 128.637298584
A 194.059814453 -202.447723389 339.799560547
A 237.797012329 -34.506240845 376.427581787
A 147.507019043 -159.278945923 366.938812256
A 101.797050476 -189.543640137 321.091674805
A 127.373466492 -238.959915161 223.188278198
A 30703.148437500 -10466.714843750 -33351.500000000
A 331.222686768 -109.888145447 306.163879395
A 107.582290649 -210.157775879 147.434967041
A 344.717498779 -121.054176331 269.251922607
A -15414.316406250 -63180.523437500 8075.426269531
A 110.349678040 -119.851821899 73.908172607
A 245.069732666 -148.634841919 367.838562012
A 344.369720459 -131.932235718 181.062927246
A 56.631851196 -94.253120422 326.902252197
A 51.428504944 -68.823120117 127.331611633
A -2058.476074219 4735.470703125 4886.577636719
A 89.496109009 -168.992645264 114.124153137
A 295.833465576 -106.673812866 95.581329346
A 123.544113159 17.991609573 325.929840088
A 274.874114990 -173.364349365 333.564544678
A 173.939819336 -218.322937012 119.917167664
A 58.098178864 -71.807121277 108.402740479
A 170.816131592 -187.642044067 90.746917725
A 36.251369476 -150.475891113 183.847290039
A 280.518920898 -211.611953735 163.378875732
A 43.801239014 -18.229372025 159.770782471
A 227.649993896 -208.422271729 113.894256592
A 179.335662842 -252.860671997 195.378494263
A 311.584716797 -71.494422913 107.946212769
A 165.428527832 -41.307731628 57.745273590
A -1189.461547852 -64883.503906250 -15838.336914062
A 124.038993835 -211.305953979 132.029617310
A 216.793029785 -129.648269653 81.117538452
A 118.053085327 -11.078931808 84.994873047
A 183.899429321 -53.088436127 387.427185059
A 214.350952148 -181.660659790 112.507843018
A 64.462432861 -63.633228302 336.494384766
A -44491.093750000 -34392.242187500 -39817.855468750
A 335.945556641 -14.040507317 269.256195068
A 281.675933838 -218.056228638 185.131072998
A 271.865020752 -147.161849976 353.157562256
A 18.840019226 -77.877044678 235.334411621
A 37.279052734 -8.938271523 218.852142334
A 258.393829346 -62.575885773 374.269195557
A 171.932510376 -6.235228062 370.619506836
A 297.302825928 37.983078003 179.416961670
A 242.349487305 50.665561676 132.531723022
A 297.925598145 -66.278427124 93.662918091
A -654.345336914 -4628.967285156 1620.106811523
A 165.183563232 -155.142639160 66.930374146
A 152.207580566 -242.673812866 269.645172119
A 732.098754883 -589.860656738 84.376068115
A 230.903091431 72.541213989 262.704498291
A 137.941406250 49.609821320 127.249359131
A 88.411720276 -191.077911377 302.200958252
A 228.690902710 -63.944564819 56.362026215
A 206.219070435 -240.848876953 287.280181885
A 34.315963745 -19.780342102 241.963729858
A 23359.074218750 -7948.077148438 -33945.128906250
A 226.271438599 -126.114311218 380.334594727
A 207.364852905 -110.441238403 209.657684326
A -3171.092285156 -944.759338379 1009.724975586
A 185.846496582 30.684564590 97.030853271
A 71.241645813 -167.850631714 199.725540161
A 63.102672577 -38.317863464 328.580902100
A 239.167251587 63.321975708 157.016418457
A 74.352218628 -202.698654175 199.757843018
A 121.342658997 24.129987717 334.529815674
A 51.680294037 8.235007286 179.338302612
A 313.040496826 -24.566814423 126.380729675
A 168.518493652 -80.795768738 49.956180573
A 303.878295898 -165.610488892 313.012359619
A 31.936918259 -101.475753784 285.629547119
A 56.134708405 -142.500473022 136.374664307
A 66.775932312 -20.071687698 132.984542847
A 199.162399292 83.393356323 186.706665039
A 221.587265015 46.090789795 324.859283447
A 107.147209167 51.610626221 161.705337524
A 65.759376526 -195.534774780 185.009155273
A 58.271038055 20.193704605 194.416503906
A 50.672267914 -178.826553345 243.236953735
A 77.051467896 41.724151611 202.836029053
A 287.769134521 -217.631195068 229.242492676
A 147.971862793 71.772354126 169.468841553
A 260.527343750 -214.568084717 142.301467896
A 25.084018707 -121.036056519 208.167892456
A 204.363433838 10.158327103 79.638893127
A 284.813537598 54.967796326 206.522583008
A 301.091003418 -141.093887329 110.468536377
A 298.371917725 2.937529802 315.285614014
A 250.755828857 -49.467464447 67.833419800
A 128.721710205 -234.336303711 268.450256348
A 135.611053467 75.315689087 214.335723877
A 232.013946533 -35.128368378 67.005249023
A 33.339633942 -103.580551147 153.120727539
A 342.799255371 -15.659603119 231.860244751
A 258.086456299 -170.397735596 347.671203613
A 152.799911499 65.389671326 289.444274902
A 142.810653687 -9.622145653 368.548370361
A 3250.735839844 7579.991699219 10374.116210938
A 203.626937866 83.297981262 206.687438965
A 73.104240417 -171.224822998 137.577941895
A 331.962402344 -170.791458130 221.848144531
A 151.224319458 -65.764724731 386.039489746
A 36.922607422 -14.712829590 190.554489136
A 295.964538574 -196.770614624 160.359329224
A 628.793701172 -991.773193359 -46.737987518
A -23522.738281250 29949.587890625 24449.822265625
A 37.649627686 -151.703399658 256.813537598
A 251.640823364 -134.111816406 71.884384155
A 197.831207275 -207.863662720 106.575607300
A 62.895584106 26.825130463 235.850158691
A 32.702629089 -41.318298340 168.205810547
A 310.444183350 -145.281448364 321.138580322
A 192.051254272 -107.974891663 54.035953522
A 218.175277710 -173.036727905 79.020202637
A 116.851219177 -222.255142212 287.974304199
A 141.066665649 -148.138168335 73.753593445
A 98.633483887 56.943328857 227.079406738
A 134.972259521 -238.456390381 176.657943726
A 127.619766235 -165.205718994 355.518066406
A 228.746032715 -85.165061951 58.599147797
A 45.582828522 -172.409896851 191.065902710
A 219.693481445 -10.551196098 71.754257202
A 243.610275269 35.457141876 113.405067444
A 71.286781311 -84.855377197 97.187522888
A 132.346542358 -1068.480712891 -224.679092407
A 51.953052521 -125.279304504 313.362854004
A 313.240051270 31.605474472 203.154235840
A 205.350509644 -44.025131226 384.744110107
A 69.744789124 -104.522491455 105.431228638
A 215.500335693 -90.160102844 387.458984375
A 200.793518066 -25.989151001 60.210807800
A 265.680511475 -78.428062439 72.223220825
A 319.855010986 -14.137504578 213.782623291
A 156.029907227 -45.221744537 383.685607910
A 218.716964722 60.643215179 136.118270874
A 89.543502808 1.205921412 329.002899170
A 258.028320312 62.957660675 170.730224609
A 247.695556641 -235.730911255 202.932220459
A 188.439529419 -48.022819519 55.662139893
A 171.886093140 -239.311645508 220.668518066
A -5558.446289062 31076.148437500 -73786.835937500
A 44.696704865 -98.412406921 130.535537720
A 124.251258850 -130.397750854 371.256927490
A 130.894851685 -118.462173462 64.977600098
A 168.662109375 -114.557868958 54.766918182
A 167.536895752 83.276229858 223.491287231
A 198.767395020 77.118492126 168.108764648
A 341.748992920 -65.854301453 290.156188965
A 278.977630615 -124.880111694 85.482055664
A 320.925842285 -147.020462036 299.236236572
A 235.225387573 -221.644546509 306.073150635
A 62.510173798 12.470817566 158.576004028
A 303.945861816 -190.450363159 283.202850342
A 314.130462646 20.785537720 176.330566406
A 281.574493408 -95.392875671 80.833976746
A 332.726745605 -138.298385620 153.831359863
A 287.448638916 -36.420288086 91.924018860
A 40.663505554 -115.443321228 299.219665527
A 157.818893433 -204.099563599 335.377349854
A 209.093826294 25.949542999 347.366058350
A 332.494689941 -135.714157104 292.313446045
A 43790.980468750 20185.925781250 5252.504394531
A 557.251098633 -1315.904418945 -875.200622559
A 337.195495605 -104.910461426 144.950561523
A 196.443695068 -251.948654175 216.234039307
A 146.908905029 62.627285004 146.904113770
A 259.968444824 -198.349319458 321.008850098
A 51.469867706 -26.972753525 304.125274658
A 137.074996948 -36.139717102 63.771831512
A 315.813293457 -52.717552185 326.929901123
A 286.029266357 -210.868789673 273.023376465
A 231.847381592 65.134956360 288.072021484
A 158.326477051 49.070816040 117.158882141
A 45.122024536 -77.950439453 311.279541016
A 317.098724365 17.736919403 262.306152344
A 26.224704742 -63.127845764 268.071990967
A 298.278869629 -33.806118011 340.105285645
A 241.739013672 -161.866012573 81.168014526
A 36.123241425 -158.319183350 231.177825928
A 251.983001709 47.556701660 306.854278564
A 296.592956543 -99.759773254 350.644958496
A 194.729873657 -15.711894989 377.525817871
A 255.108612061 70.184974670 244.010620117
A 255.248474121 60.965148926 279.551361084
A 288.005035400 -183.413345337 316.781250000
A 32.622982025 -149.311462402 212.660751343
A -2487.795654297 -12698.881835938 6666.698242188
A 264.543304443 -150.552429199 87.785034180
A 312.076507568 -2.016724825 139.524002075
A 100.846572876 -205.408813477 256.911834717
A 22.869091034 -108.597854614 249.438827515
A 1323.137939453 5159.572753906 3593.717773438
A 188.984939575 32.715332031 170.053955078
A 334.566040039 -22.858928680 160.091247559
A 124.963226318 -191.696624756 334.307312012
A 109.956710815 -23.852684021 361.643127441
A 328.264007568 -164.722763062 173.484130859
A 213.644729614 -116.666915894 57.123546600
A 103.217903137 -145.595977783 88.885345459
A 139.598037720 -115.656364441 380.354095459
A 29.534309387 -69.536003113 208.222366333
A 283.747558594 56.517925262 239.858215332
A 274.962554932 -226.654830933 210.649856567
A 305.380889893 10.671566010 299.436340332
A 198.309387207 -133.473220825 380.877746582
A 147.781845093 -81.391319275 152.389617920
A 299.082550049 42.640121460 228.150787354
A 143.836883545 26.406185150 100.398574829
A 218.728652954 40.017642975 109.577072144
A 117.223251343 -89.283744812 374.924591064
A 186.628768921 -176.472518921 361.700164795
A 343.759124756 -48.172855377 170.875656128
A 316.099548340 -188.599838257 192.410614014
A 344.957702637 -63.601688385 239.442520142
A 91.865219116 -53.292179108 357.524658203
A 331.126922607 -69.077514648 310.167022705
A 357.318908691 -91.118766785 217.994583130
A -21890.250000000 -32144.990234375 24836.324218750
A 155.600860596 -2.608765841 78.926696777
A 83.810035706 41.519512177 176.331161499
A 195.481903076 -226.441757202 309.041473389
A -885.925598145 -2689.103027344 -1690.021606445
A 107.801582336 27.652849197 123.251831055
A 296.309539795 -119.312271118 344.885772705
A 319.327056885 4.033383369 159.266494751
A 27.235189438 -41.940715790 190.942520142
A 353.717559814 -85.090148926 189.337188721
A 24.789016724 -75.830688477 171.503646851
A 163.353225708 14.954116821 356.354888916
A 287.432922363 -49.363536835 354.521911621
A 94.111251831 -112.887290955 83.579910278
A 25.283952713 -48.234622955 248.797821045
A 235.454406738 78.396972656 204.546600342
A 139.744079590 -5.795073986 76.562057495
A 177.812393188 62.568794250 302.500427246
A 48.669307709 -59.278266907 312.779632568
A 233.140014648 78.644142151 231.459762573
A 273.230377197 -225.390747070 257.105163574
A 52.772602081 -167.075469971 273.936309814
A 198.921569824 -232.959365845 146.890563965
A 110.661888123 54.097553253 281.142608643
A 184.056503296 -8.155474663 66.626098633
A 50.687702179 -163.157653809 161.956481934
A 176.184768677 40.712650299 107.400756836
A 276.269744873 35.799633026 304.182281494
A 116.657554626 70.052795410 239.312973022
A 168.599578857 -86.083549500 389.077575684
A 252.260238647 -119.422302246 374.999664307
A 343.494415283 -98.867225647 285.253021240
A 348.065338135 -125.796340942 201.950256348
A 135.700637817 -204.232986450 117.241058350
A 89.819534302 35.234237671 293.879089355
A 281.316680908 44.121128082 164.491714478
A 324.040588379 -84.843849182 320.910400391
A 196.770812988 73.085128784 285.780609131
A -255.772003174 552.192443848 1365.422363281
A 207.997192383 -192.026718140 91.192306519
A -14879.209960938 41746.890625000 -3620.651855469
A 131.383285522 -35.918838501 373.389038086
A 343.414916992 -136.702850342 252.545425415
A 305.048339844 -202.843780518 233.646118164
A 48.476657867 6.036526203 244.302200317
A 182.692092896 -79.542762756 56.539974213
A 147.345611572 -187.609420776 349.031463623
A 325.933929443 -121.109466553 130.541702271
A 6956.807617188 2468.149169922 -4071.349365234
A 169.519287109 84.337684631 204.411758423
A 281.802368164 -69.379814148 363.393310547
A 113.637710571 -45.698226929 72.655563354
A 28.840394974 -129.349761963 255.739196777
A 92.977005005 -193.416290283 138.227890015
A 228.100433350 -240.699401855 177.226562500
A 229.083084106 -7.859012127 366.835845947
A 233.406433105 -222.390686035 141.503494263
A 209.943191528 58.236015320 307.025360107
A 189.747009277 51.826644897 320.020355225
A 190.131393433 36.942779541 339.292755127
A 330.821289062 4.793384552 247.841979980
A 171.783370972 -244.785751343 173.136627197
A 94.920738220 -222.458175659 199.790695190
A 128.505233765 9.523441315 351.502777100
A 279.289154053 -204.280883789 298.857757568
A 123.851379395 -238.597030640 246.608901978
A 114.904098511 68.017234802 202.026794434
A 287.082946777 16.889987946 127.647293091
A 237.867584229 -231.642471313 155.204284668
A 1567.226196289 -1761.451049805 0.924158692
A 97.069213867 54.714878082 194.540344238
A 296.181427002 -166.153991699 124.592269897
A 144.982910156 -90.876876831 58.464088440
A 173.624145508 -235.326126099 148.231338501
A 36.763195038 -23.368576050 268.262695312
A 139.301483154 -230.662796021 154.907958984
A 154.104919434 43.022499084 327.289611816
A -11965.026367188 9334.184570312 -13008.648437500
A 281.249237061 -63.276691437 80.835731506
A 135.889419556 -166.514251709 83.565361023
A 328.940979004 -40.516422272 138.683563232
A 185.106445312 -252.552978516 243.253402710
A 249.393783569 -235.168548584 268.635589600
A 152.319763184 -132.445800781 380.056274414
A -8701.282226562 4090.334716797 -7452.229003906
A 253.428863525 -239.468688965 218.594833374
A 298.280090332 38.685184479 259.154632568
A 253.505691528 -93.095436096 65.289123535
A 95.046272278 -24.281963348 91.915634155
A 345.224121094 -23.548616409 196.818969727
A 155.354522705 -249.815277100 224.187728882
A 49.329856873 -6.043851852 278.259307861
A 167.958053589 29.572332382 343.597015381
A 59.980022430 -3.605218172 141.128158569
A 85.433731079 -207.753753662 170.058258057
A 321.274749756 -91.809883118 115.776260376
A 119.107490540 -61.122093201 374.582153320
A 62.691642761 14.043093681 279.172912598
A 30858.250000000 -37495.808593750 47624.906250000
A 315.754974365 -174.374588013 279.235748291
A -5786.697753906 666.036132812 3663.437011719
A 1285.598022461 -2948.732177734 -466.275695801
A 119.305610657 -209.907669067 307.851409912
A 122.612869263 64.650238037 168.692672729
A 333.340911865 -2.179440022 182.754608154
A 246.291397095 -192.804779053 106.689285278
A 34.486251831 -130.180328369 166.850326538
A 286.557556152 4.181498528 112.775939941
A 231.085937500 75.079826355 176.791229248
A 294.098815918 -143.673217773 339.772735596
A 72.617828369 -136.278396606 109.697357178
A 114.744453430 -167.814193726 94.707824707
A -2808.986572266 1799.294311523 80.292205811
A 241.545654297 -192.867858887 338.673889160
A 141.978668213 -91.942260742 384.693786621
A 313.739776611 -150.832611084 133.026000977
A 130.591979980 65.213279724 270.973663330
A 185.492507935 -21.692289352 369.913635254
A 116.951248169 -236.404266357 199.948303223
A 91.613464355 -81.182502747 364.700347900
A 213.510406494 -248.287094116 197.662582397
A 206.207092285 -230.083389282 278.570800781
A 258.478118896 1.991945505 222.239883423
A 119.591667175 -87.172325134 64.709938049
A 294.392150879 -15.084731102 110.698097229
A 228.104370117 -177.741851807 355.664306641
A 23541.285156250 45738.652343750 21825.375000000
A 70.781280518 -123.190681458 335.882446289
A 236.280731201 15.358446121 352.149688721
A 211.943222046 -248.820495605 248.568405151
A 344.457916260 -82.450378418 162.519287109
A 75.657577515 -26.275201797 107.614784241
A 82.265190125 30.767927170 156.680358887
A 204.570022583 -215.337646484 322.985137939
A 270.766113281 60.785526276 190.392074585
A 33.865810394 -74.451072693 150.796432495
A 39.190643311 -39.732490540 286.301940918
A 199.767898560 -153.942459106 67.097412109
A 127.675369263 -20.916408539 349.137237549
A 89.441665649 -32.785705566 349.234771729
A 200.494049072 -158.422164917 372.113189697
A 331.519531250 -39.016677856 299.032257080
A 320.491455078 22.699153900 230.586318970
A 144.554656982 -244.521072388 197.670318604
A 233.830825806 -54.079864502 381.383087158
A 109.759567261 -223.470504761 169.360763550
A 143.667602539 53.612937927 308.911651611
A 67.532516479 -147.231842041 319.850189209
A 21.274595261 -111.786788940 225.938858032
A 159.974746704 -202.294937134 106.814514160
A 191.335189819 70.320053101 144.132705688
A 151.272598267 -27.768321991 248.661132812
A -3893.496826172 35789.578125000 -45734.933593750
A 286.031829834 29.291049957 143.652023315
A -401.070648193 -1081.920410156 151.695877075
A 69.794929504 -166.949249268 310.074340820
A 316.484893799 -174.293609619 158.783874512
A 77.413078308 -52.980773926 94.228195190
A 240.726898193 11.927642822 90.940528870
A 6690.902832031 -430.733398438 -1490.101196289
A 324.823425293 -7.119612217 286.361541748
A 207.941528320 -67.287521362 52.626113892
A 90.175315857 19.062753677 311.630493164
A 100.473030090 -229.120529175 232.627029419
A 7673.940429688 8761.417968750 16763.982421875
A 266.307891846 41.055049896 139.276000977
A 19.705810547 -86.917419434 192.107177734
A 81.289840698 -17.113554001 336.585479736
A 16.273414612 -61.869300842 214.845352173
A 271.991516113 -193.544235229 125.901985168
A 316.314788818 -190.894638062 221.024856567
A 87.959289551 6.827429295 274.031188965
A 75.275726318 -89.677925110 348.313476562
A 26.887308121 -34.418216705 220.606185913
A -3055.770996094 -1230.686645508 3007.590087891
A 148.796615601 77.353881836 190.494628906
A 182.615615845 -169.127700806 73.993988037
A 105.858291626 -83.073028564 343.576232910
A 65.260681152 -6.077640057 304.984039307
A 93.644699097 30.517177582 137.044036865
A -18291.638671875 5795.229980469 3757.996826172
A 71.097312927 -184.823562622 155.759796143
A 226.001785278 -75.979896545 387.295135498
A 92.903602600 -220.019180298 261.299133301
A 32.017669678 -77.176940918 288.342803955
A 277.799011230 17.879234314 289.517303467
A 271.020080566 57.616847992 261.594024658
A 157.371994019 78.654441833 245.270263672
A 333.733215332 5.739689827 210.510833740
A 353.358093262 -41.252563477 230.201904297
A 212.233322144 -222.611007690 127.694259644
A -2453.476806641 2281.128662109 -487.079010010
A 85.332824707 -113.111640930 352.642517090
A 217.017929077 -138.774795532 61.306472778
A 259.534667969 70.725494385 214.330017090
A 201.135482788 -190.229370117 351.951416016
A 79.198509216 3.296023130 122.709259033
A 331.086120605 -166.656753540 245.869735718
A 269.021362305 -5.937912464 94.304450989
A 227.885955811 -238.002120972 277.379211426
A 263.946533203 -92.879661560 377.745849609
A 135.591949463 -64.268363953 59.470867157
A 92.391677856 47.670917511 266.185211182
A 192.488891602 56.195880890 123.475273132
A 356.617187500 -61.205123901 209.299285889
A 236.948318481 -1.552866817 197.678802490
A 171.914672852 -217.113174438 322.637847900
A 107.867744446 -127.521545410 363.078521729
A 200.865295410 -243.026199341 170.923400879
A 212.663604736 25.343395233 92.073707581
A 139.254577637 -187.146469116 98.327865601
A 267.711364746 -29.762081146 361.053344727
A 66.111114502 -196.889236450 259.937011719
A 131.891891479 69.489173889 251.630203247
A 153.846496582 -226.723953247 138.624008179
A 300.544830322 -16.664865494 331.121826172
A 244.620651245 -113.306259155 64.053092957
A 162.857666016 -175.282943726 360.790557861
A 318.056457520 -112.388893127 326.780975342
A 176.088287354 -237.923492432 286.277099609
A 174.262695312 -142.915344238 377.698669434
A -10514.366210938 9649.623046875 2269.887451172
A 280.421295166 -159.024002075 102.554313660
A 305.414489746 -75.229393005 344.940429688
A 8959.581054688 4014.624023438 -21.631662369
A 246.043395996 29.594591141 316.576568604
A 25.985294342 -115.525657654 185.023574829
