533

W 659.981262207 79.756782532 -323.992675781
W 292.311950684 13.477699280 14.115523338
W 71.105796814 -30.057289124 -25.114536285
W 120.302673340 114.565544128 129.368759155
W -5.580272675 -110.088317871 88.339889526
W -14.681397438 -75.347106934 109.205421448
W -182.358886719 200.685974121 129.456680298
W -1552.616943359 36.588027954 -3449.160400391
W 192.184295654 -3295.028320312 -31411.634765625
W -9.616603851 -18.958862305 148.979751587
W 268.842864990 -161.284301758 260.567840576
W 152.202026367 -67.805305481 119.220054626
W 87.774452209 96.508125305 176.918716431
W 20.782197952 -137.662673950 28.805761337
W 311.162139893 -110.837104797 243.457901001
W 5043.662597656 -1164.013305664 11326.220703125
W 138.724914551 -50.462169647 -55.777603149
W 205.359527588 100.740455627 51.063846588
W 170.679748535 -55.462078094 132.325302124
W 82.578712463 -174.174606323 259.514251709
W 165.229705811 -252.043457031 68.052108765
W -12.363696098 -29.731351852 113.873565674
W 176.498687744 -38.475498199 -56.603633881
W 9587.691406250 7527.872558594 -303.197479248
W 133.196365356 -131.206542969 57.559078217
W 96.227706909 105.829162598 110.655075073
W 62.291000366 -147.650665283 -0.689490676
W 726.411743164 11.947562218 268.231048584
W -749.907226562 446.792449951 340.135833740
W -491.585540771 660.391357422 -2389.745849609
W 178.756652832 -238.256134033 208.505538940
W -10.060409546 -69.422966003 83.449104309
W 3.301903009 -94.204879761 156.201416016
W 81.928016663 79.434555054 52.932090759
W 13.062566757 22.180559158 76.119750977
W 302.050659180 10.504834175 233.655776978
W 153.469955444 -107.573661804 48.381355286
W 291.223388672 -202.199340820 105.093559265
W -7.417758942 -33.763622284 182.418869019
W 210.063323975 -61.213722229 125.055030823
W 30.159347534 -19.738914490 247.706817627
W 263.830535889 -64.973091125 292.991516113
W 251.993469238 -165.658645630 264.864562988
W 126.124511719 71.141319275 7.622962952
W -8454.220703125 2903.496337891 143.823944092
W 108.355895996 -139.200424194 295.556793213
W -26565.324218750 35078.589843750 22290.744140625
W 193.172988892 -247.380218506 87.151130676
W 216.179870605 -152.821334839 73.682487488
W 4832.612304688 2492.286376953 -192.100509644
W -429.573974609 386.334075928 116.055419922
W 326.395507812 -100.828315735 223.197067261
W 297.064361572 -15.740276337 260.805969238
W 268.728240967 30.648611069 3.410021782
W 157.270431519 -250.835983276 95.667488098
W 187.954711914 117.456367493 92.558296204
W 247.481582642 -198.663070679 241.450271606
W 296.974578857 69.657485962 118.341781616
W 363.731353760 69.271430969 12.260540962
W -36830.644531250 9073.975585938 -28390.955078125
W 269.208862305 -90.026763916 287.773345947
W 171.972579956 -69.432968140 -38.737190247
W 233.590957642 -23.223373413 42.126071930
W 223.949066162 81.297882080 26.667509079
W 304.091400146 61.424873352 146.718078613
W 83.916168213 52.052146912 250.307891846
W 151.799468994 -253.081344604 118.251823425
W 53.309177399 69.362892151 165.575210571
W 37.049190521 62.272937775 93.767341614
W -2.569129705 5.535242081 146.263610840
W 4.342217922 -75.856269836 192.451507568
W -639.474914551 480.924346924 310.231781006
W 52.426197052 54.429115295 216.200683594
W 289.526123047 -196.333557129 81.675712585
W 284.930908203 66.129837036 64.306213379
W 317.126037598 1.308883905 226.670913696
W 83.576988220 -124.055107117 289.971832275
W 126.452682495 19.970804214 -31.898717880
W 84.548606873 -174.795288086 1.884061933
W 192.495025635 -155.543258667 296.694671631
W 3149.380126953 -9776.204101562 18343.216796875
W -1285.143188477 -1678.308227539 -3092.931640625
W 238.621337891 10.991501808 223.781051636
W 46.491577148 -183.355194092 52.125289917
W 195.882308960 -14.852811813 310.152221680
W 328.497772217 -5.441139221 57.726428986
W 8.394122124 -76.937973022 227.848526001
W 154.360092163 75.671829224 4.396172523
W -135.559692383 -367.860107422 -926.587402344
W 212.571624756 18.038906097 -33.111728668
W 257.915618896 37.214599609 39.326053619
W 240.309692383 108.910530090 128.169143677
W 23656.326171875 -8066.012695312 -25703.818359375
W 10.176893234 -33.226215363 39.668941498
W 259.456085205 78.972114563 212.679397583
W -3.962391138 -23.826101303 77.594558716
W -11033.652343750 -45160.339843750 5765.559082031
W 254.104492188 -25.612218857 293.464874268
W 100.410278320 3.022730589 -31.109464645
W -939.271240234 288.120300293 312.482116699
W 317.403533936 -49.081851959 20.719242096
W 2516.261962891 -340.354125977 1879.672851562
W -3907.073974609 8610.735351562 8573.465820312
W 282.614532471 29.427761078 248.591262817
W 45.977890015 -35.770946503 271.278350830
W 1444.385864258 -1909.197631836 -2005.308227539
W 85.471832275 17.401454926 36.464595795
W 170.515274048 82.888099670 246.929153442
W 309.145080566 -75.456367493 253.933364868
W 179.412399292 60.127407074 270.008209229
W 282.724334717 -3.321163177 168.966217041
W 59.641651154 69.507926941 201.090545654
W 324.888702393 -132.654830933 206.034500122
W 144.045272827 13.593132973 196.193572998
W 177.367675781 119.638015747 160.119140625
W 41.906860352 -81.348159790 251.506896973
W 178.590194702 -103.456726074 314.806335449
W -847.279479980 -46205.003906250 -11301.378906250
W 239.862411499 81.643287659 224.711685181
W 160.925399780 -49.201877594 156.685256958
W 242.660614014 -147.169189453 284.744964600
W 156.503494263 -108.773307800 -54.279407501
W -247.167022705 1823.881958008 2278.306884766
W 306.220245361 -84.545333862 6.606756210
W -31502.232421875 -24340.486328125 -28188.785156250
W 7.713926792 -135.116836548 70.517585754
W 62.399768829 83.253967285 171.901336670
W 70.666694641 4.644153118 -13.041143417
W 351.586395264 -65.294242859 109.108833313
W 334.806427002 -146.625167847 125.601806641
W 97.563766479 -98.074813843 -42.151813507
W 162.227081299 -153.611267090 -39.053615570
W 45.176021576 -202.395629883 170.777084351
W 106.587745667 -213.697448730 230.752304077
W 34.724586487 -83.578079224 262.653717041
W -1852.337402344 -10788.073242188 3472.561279297
W 187.031494141 14.931118011 299.689849854
W 213.007171631 111.518066406 84.858474731
W 6621.239746094 -5901.303222656 -1415.530151367
W 121.120559692 -240.411285400 77.089141846
W 221.299896240 -210.412918091 242.428405762
W 281.812255859 53.775028229 39.050182343
W 124.630775452 -72.983818054 316.384582520
W 145.202758789 107.708122253 61.743247986
W 283.413208008 -111.755661011 116.336143494
W 18446.306640625 -6277.757324219 -26866.847656250
W 121.708992004 -23.155384064 -46.999671936
W 178.422134399 83.250793457 -2207.583007812
W -9884.313476562 -2713.303466797 2458.030029297
W 170.564041138 -188.260726929 259.140930176
W -6202.816894531 -4652.532714844 -1048.123291016
W 303.220977783 -114.596473694 12.852551460
W 103.215698242 -230.501571655 194.379684448
W 1616.007812500 1318.022583008 382.170654297
W 231.623168945 -177.418731689 4.633707523
W 315.640747070 -168.476028442 178.526535034
W 29.985528946 -126.293472290 242.427978516
W 182.780670166 -66.138404846 319.498077393
W 30.527587891 16.164943695 33.360527039
W 337.836761475 -49.592815399 55.684368134
W 229.144363403 -32.692523956 177.325988770
W 197.331100464 -73.929695129 159.256927490
W 151.469192505 -248.254684448 163.924011230
W 126.748916626 -203.430389404 6.981848240
W 259.722991943 -217.548721313 195.683044434
W 305.820007324 61.661338806 160.347702026
W 314.590820312 -178.103179932 152.478561401
W 318.540466309 42.982261658 109.013336182
W 300.381805420 -196.287322998 144.126358032
W 57.137111664 84.140617371 134.349685669
W 213.961334229 -240.060668945 186.998947144
W 88.600883484 78.613868713 220.726989746
W 347.391082764 -19.739154816 145.460113525
W 155.363769531 -166.471786499 292.255859375
W 66.630867004 -205.825347900 146.216796875
W 33.835208893 4.790899277 242.093582153
W 115.190353394 -98.863166809 85.788162231
W 100.538543701 -100.429359436 303.575500488
W 236.490676880 104.422210693 87.627059937
W 222.815124512 -245.861251831 127.841781616
W 137.882049561 -91.597747803 235.105606079
W 334.228240967 -31.785272598 209.236480713
W -4.221059322 -131.187881470 122.695724487
W 76.966079712 35.305500031 1.130282640
W 207.241287231 -231.351119995 49.754253387
W 208.714035034 -153.977035522 -31.833673477
W 3972.627685547 9488.525390625 12838.053710938
W 151.702117920 -254.200332642 149.078720093
W -1761.070434570 -1323.320922852 -1098.797241211
W 5.677210808 21.837081909 143.432571411
W 198.455673218 -88.985137939 -53.402980804
W 336.098724365 -138.606155396 160.824554443
W -1061.984008789 1358.563354492 933.757995605
W 3951.456787109 -7925.583984375 -2171.473144531
W -18269.296875000 23224.224609375 18956.498046875
W 330.133026123 15.084559441 88.696868896
W 101.313781738 -1.546256065 295.000213623
W 20.433607101 822.761413574 889.963134766
W 305.955017090 -189.544021606 117.058959961
W 338.112060547 -109.596374512 192.014526367
W 44.061721802 4.949716568 42.965572357
W 169.141845703 -40.322467804 293.041931152
W 140.156188965 42.032634735 282.125030518
W 247.955917358 90.890907288 62.029094696
W 216.146362305 13.180327415 294.845520020
W 268.099884033 -222.864715576 117.409408569
W 219.908660889 88.132965088 176.411941528
W 244.125701904 26.390325546 -15.371985435
W 128.111877441 -70.802734375 295.770843506
W 321.184906006 34.682342529 171.941070557
W 139.446105957 -139.388473511 303.633331299
W 109.599067688 -198.839324951 252.091857910
W 299.843780518 -53.511077881 263.957153320
W -409.389709473 -8297.526367188 -3621.432373047
W 319.617950439 -17.441570282 33.799583435
W 33.523750305 -194.273071289 149.598297119
W 144.797027588 -115.709815979 -16.471151352
W 219.430496216 -47.473663330 184.128143311
W 141.235076904 -65.930213928 -6.914419651
W 162.594223022 -122.383537292 312.058532715
W 76.416923523 -66.039382935 296.923095703
W 3319.862060547 1606.432006836 182.737167358
W 200.305709839 -107.385391235 -51.495574951
W 140.016220093 -227.854095459 225.184341431
W 272.864654541 -167.394714355 13.435791016
W 84.587814331 -225.848937988 185.232742310
W 128.109146118 8.852092743 142.393905640
W 170.704589844 -100.946578979 321.546478271
W 165.392654419 -29.950830460 134.239425659
W -3834.399414062 21425.273437500 -50883.226562500
W 324.381195068 -47.261310577 231.891586304
W 238.563537598 -14.549554825 -36.497303009
W 229.114257812 -27.514646530 304.701629639
W 182.110885620 -34.325649261 316.918823242
W 181.698226929 -168.068283081 124.817001343
W 155.320083618 -247.216079712 185.291046143
W -0.133213088 -81.799858093 56.430534363
W 66.278221130 -13.379286766 280.176055908
W 77.834815979 -23.933156967 81.211624146
W 108.692535400 90.920257568 44.781253815
W 309.646942139 -165.525375366 200.432708740
W 32.632003784 47.366809845 69.393478394
W 22.965133667 -172.732772827 178.332565308
W 68.212638855 -54.173782349 278.540527344
W 7.503537178 3.067095757 195.566360474
W 48.879173279 -115.018241882 268.742767334
W 1090.717895508 171.749145508 -372.016174316
W 202.460952759 77.297660828 12.526003838
W 151.669738770 -153.909835815 26.456882477
W 15.865272522 2.480056047 47.349781036
W 33417.855468750 15403.401367188 3983.747558594
W 2183.360839844 -6886.624511719 -6101.399414062
W 2.830289125 -33.781974792 211.207489014
W 156.697479248 121.311553955 137.199478149
W 210.065109253 -231.176727295 211.818176270
W 77.341384888 58.829708099 22.659164429
W 317.104431152 -125.081558228 38.541248322
W 219.437957764 -115.427848816 305.713775635
W 21.212455750 -99.203552246 22.736173630
W 61.115123749 73.222320557 84.579322815
W 118.352310181 -227.779129028 49.197383881
W 195.380111694 -210.692581177 251.971939087
W -4720.860839844 119.428596497 3300.635986328
W 24.196865082 -172.869873047 81.725051880
W 344.675415039 -75.559684753 75.877143860
W 76.991836548 -113.489509583 40.198482513
W 113.007080078 25.069839478 286.285034180
W 334.569824219 20.665107727 129.141860962
W 95.660888672 -203.661926270 25.223608017
W 45.450042725 -45.949485779 -8.854686737
W 152.495223999 -138.972015381 -25.906970978
W 87.913978577 -236.264907837 110.759368896
W 88.555397034 -222.904190063 64.459152222
W 51.827556610 41.227283478 29.469251633
W 332.197784424 17.468315125 139.527633667
W -3042.990478516 -15055.243164062 7811.467773438
W 81.656059265 14.287721634 277.614410400
W 28.939762115 -152.084381104 221.465957642
W 175.904479980 -42.936294556 130.953735352
W 347.014953613 -39.437252045 99.226417542
W 2371.313232422 10122.555664062 6675.002929688
W 162.448364258 -67.719139099 132.490875244
W 2.242619038 -121.869735718 194.716323853
W 245.532592773 56.432682037 9.048850060
W 256.380889893 -128.473846436 -23.924278259
W 13.350862503 25.826976776 179.769668579
W 148.872543335 -25.744720459 314.914093018
W 259.661102295 14.426339149 268.510162354
W 202.882064819 -40.819839478 23.716951370
W 3058.860839844 -265.896514893 189.960479736
W 64.256126404 -220.914413452 101.073837280
W 115.657386780 21.391105652 143.288238525
W 36.242027283 -156.346176147 35.714557648
W 158.133270264 -9.487092018 -49.058494568
W 1910.506713867 -306.566864014 1647.942993164
W 44.604415894 -206.547409058 127.376953125
W 221.665161133 -182.912643433 270.269683838
W 134.284423828 -197.644744873 263.455932617
W 242.969879150 -58.288242340 -41.466045380
W 171.128479004 44.149715424 -23.217802048
W -9.103459358 -92.309371948 181.805068970
W 22.152828217 44.967563629 166.115005493
W 129.538894653 -66.922058105 123.068794250
W 271.210052490 -100.786315918 -20.761398315
W 643.875549316 4.553359985 441.523834229
W -15.523414612 -48.924503326 140.598007202
W -16936.310546875 -24811.691406250 19165.533203125
W 177.669738770 -81.550537109 182.305221558
W 283.591918945 -204.299804688 182.030242920
W 157.938156128 97.393157959 37.240863800
W -3234.221435547 -8090.693359375 -5815.304687500
W 236.360244751 -151.931625366 212.302490234
W 726.716491699 -205.018859863 716.622375488
W 20.248109818 -155.792282104 198.440887451
W 345.751617432 -106.513435364 160.528396606
W -14.407731056 -60.350112915 164.969131470
W 345.148193359 -69.822418213 186.125915527
W 183.993835449 -175.641525269 -23.607172012
W 59.119480133 -109.255630493 -15.242878914
W 276.349975586 -27.604471207 280.266265869
W 346.443908691 -102.457832336 100.662094116
W 109.473892212 -246.086898804 135.189254761
W 216.608749390 -147.882156372 294.740295410
W 169.986358643 -229.085861206 37.755954742
W 326.618530273 -77.262321472 35.437404633
W 121.773353577 -209.577316284 123.858970642
W 67.535331726 88.404388428 95.921371460
W 314.328765869 31.387723923 64.428184509
W 146.524948120 81.784606934 215.172927856
W 253.564880371 -215.196166992 58.923645020
W 168.050048828 -133.752304077 294.547912598
W 298.572692871 13.518964767 190.567031860
W 175.983520508 -202.145751953 263.353118896
W 67.290649414 -191.466598511 35.375804901
W 237.098144531 -237.871749878 101.940391541
W 176.951263428 -67.733596802 -59.542610168
W 88.901214600 -27.803413391 -35.404933929
W -3.358828306 -46.040634155 63.758228302
W -1035.336303711 325.797668457 290.078979492
W 218.195785522 72.818466187 248.824996948
W 270.681549072 -196.746368408 43.685562134
W 65.519935608 -211.930953979 187.607406616
W 16.267665863 -72.772994995 25.146163940
W 164.215270996 -241.287963867 62.393932343
W -2784.801513672 4114.073730469 7854.572265625
W 139.848800659 59.268875122 268.994506836
W -11598.851562500 32520.490234375 -2855.495605469
W 226.691589355 -125.595184326 -38.713630676
W -4.115716934 -6.314139843 98.286560059
W 37.309577942 64.435157776 128.875289917
W 319.541778564 -157.060470581 115.672615051
W 171.734542847 -63.001438141 198.497329712
W 215.503952026 50.998672485 -10.158791542
W 12.564160347 -21.743440628 224.164093018
W 11035.474609375 4047.122802734 -6820.333007812
W 188.583816528 -253.409423828 135.735763550
W 68.556129456 -84.614936829 -27.052400589
W 245.534133911 -105.857185364 297.836730957
W 341.058959961 -13.770234108 88.399284363
W 277.193054199 59.609283447 221.255447388
W 117.674385071 106.987625122 183.136932373
W 125.997390747 -141.334503174 -39.075283051
W 1088.304565430 -2980.605712891 -1507.487548828
W 150.966156006 -194.072067261 38.023788452
W 157.949951172 -218.177413940 17.781459808
W 167.460464478 -193.405105591 -11.168951988
W 10.432288170 -154.944259644 100.492866516
W 181.313735962 114.869834900 182.052963257
W 271.221221924 90.604934692 156.499847412
W 233.645355225 -181.733856201 -4.997159004
W 68.501228333 71.669700623 47.877037048
W 217.921356201 53.064235687 110.815818787
W 248.383392334 -235.031967163 147.013702393
W 50.856189728 -165.741500854 240.289108276
W 114.972557068 93.296173096 216.287200928
W 6365.154296875 -7563.043945312 -760.345458984
W 268.174102783 -217.869705200 159.744613647
W 40.683811188 34.444080353 227.759155273
W -641.301025391 -39.951133728 -3166.894531250
W 176.128341675 102.577690125 216.030776978
W 334.981689453 -130.825851440 87.251914978
W 224.002731323 102.004364014 200.753479004
W 205.615539551 -195.118972778 19.008928299
W -12184.303710938 9479.671875000 -13296.064453125
W 59.722423553 -79.188423157 286.018432617
W 226.262222290 30.176280975 282.795318604
W 8.192689896 -102.269721985 219.995056152
W 170.582199097 120.590896606 107.765083313
W 102.816215515 103.561859131 84.967926025
W 213.719985962 -13.552452087 -44.709758759
W -11242.547851562 5244.265625000 -9717.147460938
W 91.743202209 103.840744019 141.448348999
W 47.256858826 -200.620910645 83.719436646
W 100.611427307 -56.970462799 308.106872559
W 275.301055908 -125.088447571 274.137725830
W -8.538755417 -113.453315735 153.563507080
W 201.577423096 119.736801147 129.256912231
W 321.012329102 -148.814712524 68.462615967
W 176.166320801 -173.650604248 5.343668938
W 306.919036865 -149.092346191 226.427017212
W 287.610870361 70.898643494 181.405197144
W 20.088958740 -56.437599182 245.247268677
W 250.688949585 -89.317558289 -37.036712646
W 298.648284912 -176.848999023 61.528362274
W 21912.041015625 -26620.435546875 33812.121093750
W 2137.894287109 -1459.111206055 1058.032226562
W -10785.120117188 1253.922241211 6458.618164062
W 3754.934326172 -9545.670898438 -2101.572998047
W 251.074188232 76.309349060 37.023899078
W 240.413421631 -230.578536987 187.898849487
W 6.225543022 -147.345397949 168.106597900
W 109.455047607 65.706687927 251.336791992
W 333.718292236 -0.479314417 190.724105835
W 61.134403229 -144.471160889 239.175537109
W 120.124565125 -241.218566895 180.213607788
W 45.546386719 2.494956970 5.750412941
W 290.572418213 -7.240245819 242.700820923
W 254.856719971 30.207399368 269.259124756
W -8828.041015625 5547.964843750 -323.620666504
W 104.997703552 60.292610168 5.458305359
W 222.975234985 -51.565631866 -49.794509888
W 39.140804291 23.933906555 224.427566528
W 237.488861084 -229.905715942 72.938079834
W 158.434173584 -85.727111816 89.784568787
W 244.117706299 105.020095825 152.404434204
W 275.994476318 -67.163955688 -22.716089249
W 133.081710815 115.868125916 158.941970825
W 12.128322601 1226.949096680 -236.371109009
W 1770.378295898 2148.179687500 538.716308594
W 231.187026978 -57.143104553 308.173828125
W 88.825675964 -111.518875122 211.450790405
W 121.588760376 39.603748322 -19.061475754
W 17388.367187500 33791.769531250 16105.970703125
W 296.359375000 -11.369542122 5.606588840
W 114.768524170 -173.279129028 -15.616560936
W 144.358139038 118.492500305 107.513351440
W -156.895980835 -54.248630524 236.432785034
W 271.577728271 -108.997848511 230.632400513
W 281.195800781 -192.390930176 214.295181274
W 155.530593872 56.627239227 39.041877747
W 1004.829895020 1410.129028320 -156.368957520
W 334.507873535 -72.511291504 213.905242920
W 332.126403809 -105.534133911 55.985687256
W 89.789031982 440.780059814 1079.042968750
W -1215.266723633 1467.771606445 3022.143066406
W 260.941040039 -119.345993042 -1.909820199
W 151.966964722 16.657436371 -38.882667542
W 18.699424744 -120.855873108 37.127044678
W 17.459897995 -174.063293457 115.815544128
W 220.770965576 113.238166809 161.096923828
W 117.805427551 -113.697547913 -42.363555908
W 246.322814941 81.592124939 188.975646973
W 215.069000244 -212.154129028 20.081336975
W 270.757324219 -1.593099833 40.581756592
W 350.414978027 -33.279823303 124.050857544
W 177.064498901 18.997028351 213.457717896
W 164.586807251 -216.107513428 205.119186401
W -44.881248474 -456.651977539 -697.620727539
W -2849.958007812 26188.419921875 -33459.281250000
W 57.866676331 -186.260864258 224.580825806
W -4532.119628906 -7883.342285156 -377.474365234
W 299.723083496 27.091442108 35.007499695
W 90.992187500 -9.884843826 162.115173340
W 292.398406982 -99.134284973 267.709381104
W 108.238304138 -164.910644531 280.753662109
W 12272.959960938 -750.748046875 -3042.195068359
W 45.034351349 -127.992279053 60.934200287
W 146.101074219 -81.395156860 318.478088379
W 269.569305420 -185.301116943 31.225448608
W 261.863861084 96.614845276 110.035934448
W 7765.085937500 8903.964843750 16979.248046875
W 73.324569702 -203.809188843 216.417037964
W 350.455078125 -62.190879822 162.085952759
W 276.511047363 -140.008972168 -3.009749889
W 351.689514160 -80.771568298 140.468719482
W 95.986099243 23.774045944 195.978927612
W 26.527919769 55.827060699 138.962661743
W -1658.172729492 1617.818481445 1234.601440430
W 286.069030762 -52.091678619 -13.091527939
W 343.988891602 -122.431541443 125.044487000
W -7993.953613281 -3023.873779297 7188.913085938
W 210.764984131 -246.997146606 159.730468750
W 160.514663696 29.298076630 292.869232178
W -1812.278320312 171.896408081 3072.153564453
W 297.767730713 -157.104141235 36.748619080
W 267.006835938 -181.473052979 225.996505737
W -18878.349609375 5940.610351562 3782.358398438
W 305.897460938 37.937740326 208.702255249
W 124.889488220 -77.915138245 -53.667217255
W 273.109039307 83.187400818 92.559616089
W 320.675018311 -62.646118164 66.446044922
W 148.890441895 -73.578552246 117.641349792
W 72.330215454 -217.970565796 92.638137817
W 195.138870239 -222.973068237 98.720260620
W 3.230966091 -149.420333862 140.292022705
W -12.491352081 -104.928077698 126.974502563
W 135.352645874 85.069435120 239.334762573
W -7588.085449219 6910.299804688 -2043.155883789
W 285.703857422 -29.621747971 -10.653406143
W 138.113662720 2.762786388 303.909088135
W 91.231971741 -229.326492310 133.249435425
W 152.642120361 61.419574738 -3.750498533
W 287.967864990 -161.056686401 241.851455688
W 7.927474499 25.025093079 107.926033020
W 66.558631897 -144.567367554 269.353363037
W 125.216110229 106.979148865 71.440254211
W 81.809135437 -59.226402283 -36.126598358
W 215.492324829 -81.205604553 312.637512207
W 215.268966675 -137.734085083 99.682739258
W 164.613967896 -224.390426636 235.492355347
W -13.778108597 -95.553932190 149.965454102
W 4428.112792969 6900.798828125 -1966.994750977
W 179.664459229 84.007514954 16.260953903
W 261.545288086 -9.568433762 -22.625341415
W 147.701751709 109.543777466 196.847717285
W 151.304809570 -184.567230225 278.259948730
W 216.556228638 54.241348267 267.471008301
W 88.689041138 -134.419540405 -25.621273041
W 296.767486572 65.550109863 91.208473206
W 193.071258545 -138.088806152 111.676086426
W 199.489639282 96.248428345 221.871368408
W 41.199649811 -139.259140015 16.628036499
W 105.576942444 -29.657859802 306.085876465
W 197.167358398 36.855907440 -23.941570282
W 24.889066696 -32.884605408 16.556411743
W 174.090209961 109.330192566 61.124858856
W 185.682800293 -5.463187218 -47.304149628
W -12497.470703125 11427.248046875 2560.096191406
W 66.858253479 27.739868164 258.371734619
W 36.937412262 -69.218833923 -1.586292386
W 13132.797851562 5986.052246094 -206.657318115
W 1512.024536133 2382.290039062 2321.189453125
W 343.235260010 -15.436026573 170.840347290
