533

A 337.060363770 -47.503921509 122.023597717
A 91.813079834 -167.372024536 363.083343506
A 296.960052490 -129.026916504 394.803100586
A 243.174484253 -267.837677002 246.676376343
A 373.001678467 -37.709648132 287.478057861
A 387.787292480 -88.138282776 257.895477295
A 279.040557861 -195.237823486 277.608947754
A 274.591186523 -98.570579529 393.506134033
A 295.737335205 -4432.808105469 -42273.984375000
A 384.317352295 -123.810798645 234.711441040
A 104.937271118 1.152349234 111.883758545
A 281.906677246 -70.243232727 350.169067383
A 277.090911865 -248.719451904 193.155593872
A 346.896697998 -25.517793655 335.765991211
A 61.092788696 -42.931289673 134.517898560
A 2907.544921875 -669.333190918 6415.968750000
A 227.241653442 -118.475830078 417.985931396
A 165.666778564 -247.011108398 324.270111084
A 86.258468628 -153.271728516 250.364456177
A 280.092651367 20.476007462 115.836486816
A 205.486480713 84.952095032 291.101379395
A 380.856536865 -121.471069336 265.723907471
A 193.650604248 -122.419471741 420.604644775
A 5294.058593750 3994.916992188 3.756655455
A 264.798431396 30.964260101 362.567840576
A 270.984802246 -260.715057373 268.127258301
A 300.792388916 -6.791285515 371.738769531
A 380.766906738 -61.856063843 284.125213623
A 362.147216797 -172.308486938 208.800338745
A 168.804595947 -47.326263428 87.273918152
A 186.251510620 78.491699219 167.837844849
A 378.810180664 -91.344696045 291.314361572
A 381.139251709 -52.023525238 206.913742065
A 282.058837891 -235.856613159 318.195709229
A 358.870880127 -171.559356689 290.186553955
A 76.883247375 -166.175384521 132.725265503
A 223.311569214 -3.066220045 400.556427002
A 88.710533142 49.815727234 257.347656250
A 376.593780518 -116.090339661 185.758087158
A 29.442087173 -93.431762695 278.545684814
A 336.050354004 -126.949012756 118.210838318
A 108.875953674 -88.941436768 81.624023438
A 128.508972168 13.863033295 106.259887695
A 249.136672974 -223.778808594 357.720031738
A -988.607299805 332.150421143 249.911941528
A 263.260345459 -13.141493797 85.196876526
A -40730.265625000 53814.605468750 34204.292968750
A 181.286773682 82.010749817 286.200622559
A 129.624053955 47.936618805 333.084442139
A 124.606140137 -137.752166748 247.307556152
A 57.381179810 18.877246857 232.989349365
A 43.949489594 -53.605823517 157.893569946
A 80.554023743 -130.568786621 106.585777283
A 113.998725891 -185.039154053 367.621459961
A 222.139709473 88.666336060 270.893768311
A 184.048736572 -268.241027832 280.892913818
A 131.276443481 44.830234528 138.904525757
A 82.291923523 -226.087921143 252.182098389
A 68.022636414 -186.754547119 315.459777832
A -56001.226562500 13810.631835938 -43180.929687500
A 104.742256165 -63.441486359 87.649047852
A 204.470489502 -84.621795654 423.224151611
A 108.245040894 -154.473632812 380.257476807
A 152.558471680 -232.115539551 343.313110352
A 64.601745605 -211.520294189 235.701339722
A 286.956695557 -193.609909058 113.491973877
A 220.434814453 93.225570679 247.632461548
A 325.846527100 -224.449508667 209.423309326
A 332.643493652 -212.182128906 277.377716064
A 372.305419922 -160.026321411 239.696472168
A 371.292785645 -73.155578613 162.634033203
A 334.050842285 -148.265350342 190.469009399
A 317.197357178 -202.164855957 151.016998291
A 78.558425903 35.447132111 283.839263916
A 90.449333191 -219.732208252 307.949951172
A 50.310543060 -137.449325562 150.312805176
A 287.298370361 -32.986644745 88.115531921
A 241.580307007 -170.913665771 399.673889160
A 290.807556152 16.939083099 361.131256104
A 182.320388794 12.742122650 86.832847595
A 3449.850585938 -10562.995117188 19859.507812500
A 272.679656982 -10.864051819 389.584075928
A 118.033058167 -198.772979736 120.648529053
A 319.421295166 35.217807770 306.981750488
A 170.227447510 -140.174453735 66.589805603
A 42.907451630 -149.910659790 308.945251465
A 357.596008301 -75.028442383 139.987594604
A 210.440399170 -219.458145142 367.528656006
A 256.757019043 -37.993907928 408.513732910
A 159.900619507 -172.677658081 397.675323486
A 110.325531006 -204.625778198 347.869354248
A 138.438476562 -259.177612305 241.639587402
A 33276.593750000 -11343.802734375 -36147.562500000
A 359.245483398 -118.992828369 332.489562988
A 116.561431885 -227.858871460 159.731414795
A 372.579742432 -130.825927734 291.983306885
A -16706.599609375 -68477.507812500 8752.181640625
A 119.701667786 -129.946212769 80.194808960
A 265.838256836 -160.992050171 398.762145996
A 373.713867188 -143.356536865 196.058944702
A 60.415039062 -102.071098328 355.214935303
A 56.457798004 -74.809951782 137.637527466
A -2231.021728516 5132.733398438 5296.373535156
A 97.523895264 -183.482025146 123.449691772
A 321.324615479 -116.418670654 103.324333191
A 133.731445312 19.738931656 352.343475342
A 297.267028809 -187.951339722 361.752014160
A 188.873733521 -236.909713745 130.173309326
A 62.743473053 -78.244407654 117.642066956
A 184.865234375 -203.109039307 98.802536011
A 38.806560516 -163.345916748 199.250091553
A 304.456939697 -228.636856079 177.357360840
A 47.395469666 -19.709522247 173.164627075
A 246.458480835 -225.808868408 123.407791138
A 194.786880493 -273.756988525 211.601699829
A 337.690338135 -77.838043213 116.178596497
A 178.688522339 -45.550720215 63.013526917
A -1289.540527344 -70321.843750000 -17166.039062500
A 134.745864868 -229.244766235 143.157318115
A 235.473831177 -140.146987915 87.124359131
A 128.281250000 -11.632398605 92.279998779
A 198.764480591 -57.589992523 420.031799316
A 232.586395264 -197.210372925 121.551589966
A 69.950416565 -69.481185913 363.910430908
A -48221.589843750 -37275.593750000 -43155.886718750
A 364.712677002 -15.598786354 292.027648926
A 305.929626465 -236.234115601 201.893295288
A 295.034301758 -159.604537964 382.680175781
A 20.264602661 -84.165618896 254.474670410
A 41.282459259 -9.668097496 236.982604980
A 279.696929932 -68.082328796 405.676574707
A 186.356750488 -6.730309010 401.225555420
A 322.459167480 41.538162231 194.142852783
A 262.903625488 55.231819153 142.959045410
A 322.933837891 -71.823226929 101.151496887
A -708.414794922 -5017.118652344 1755.628662109
A 179.149230957 -167.415786743 73.540435791
A 165.198562622 -262.000335693 292.040222168
A 793.772521973 -639.434936523 91.958816528
A 250.249786377 78.860847473 285.420837402
A 149.699356079 53.899715424 138.174285889
A 95.945854187 -207.446105957 327.530059814
A 247.900146484 -69.094711304 60.450992584
A 223.387527466 -261.144134521 311.263793945
A 37.395324707 -22.063766479 263.108398438
A 25317.804687500 -8614.063476562 -36790.203125000
A 245.028305054 -137.714416504 413.105010986
A 224.868453979 -120.016647339 227.037216187
A -3436.648193359 -1023.608093262 1094.618652344
A 201.516571045 33.241748810 104.920494080
A 77.319122314 -182.134262085 216.561141968
A 68.772903442 -40.811420441 356.487243652
A 259.106750488 68.316253662 170.065612793
A 80.882164001 -219.868591309 216.465011597
A 131.176742554 26.312404633 363.537292480
A 56.026718140 8.963582039 193.856521606
A 339.023864746 -26.522603989 137.166839600
A 183.108673096 -87.506942749 54.128818512
A 329.503112793 -178.619598389 339.975372314
A 34.732147217 -109.536445618 309.939636230
A 61.574150085 -154.634017944 147.719924927
A 72.084892273 -21.989210129 144.045669556
A 215.466186523 90.201286316 202.698898315
A 240.201690674 49.545574188 351.716156006
A 116.309829712 55.747486115 174.872894287
A 71.334434509 -211.828765869 200.618347168
A 63.598220825 22.187980652 210.507507324
A 55.802631378 -193.890777588 263.487030029
A 83.772720337 44.998073578 220.143066406
A 312.008117676 -235.930999756 248.650146484
A 159.605239868 77.059570312 183.162017822
A 282.990570068 -232.664810181 153.952575684
A 27.914194107 -131.203460693 225.589813232
A 221.138900757 11.200002670 86.545463562
A 309.033386230 59.603458405 223.705093384
A 326.629119873 -152.892868042 120.474342346
A 323.338562012 2.730422974 341.103149414
A 271.879760742 -53.297325134 74.100013733
A 139.617202759 -254.661239624 291.007751465
A 146.860260010 81.561370850 232.125823975
A 250.874664307 -38.332538605 72.643218994
A 36.969455719 -112.105178833 166.186721802
A 371.544982910 -17.069608688 251.204376221
A 279.766906738 -184.765640259 376.716705322
A 165.846923828 71.216453552 313.408599854
A 154.870376587 -9.711988449 399.970916748
A 3523.418212891 8215.628906250 11243.818359375
A 221.517303467 90.635314941 224.783615112
A 78.660186768 -185.110900879 149.155059814
A 359.537139893 -185.317901611 239.875045776
A 163.977188110 -71.314567566 418.795410156
A 40.114795685 -15.803566933 206.674957275
A 320.943084717 -213.174118042 174.205627441
A 681.799865723 -1074.840942383 -51.121711731
A -25494.695312500 32460.119140625 26499.447265625
A 40.988925934 -164.259994507 278.122222900
A 273.436096191 -145.349929810 78.055023193
A 214.367309570 -225.532333374 115.562431335
A 67.720939636 29.463842392 255.852600098
A 35.379920959 -44.956066132 182.203811646
A 335.832397461 -157.544281006 348.374572754
A 208.269866943 -117.041366577 58.480079651
A 236.846755981 -187.910644531 85.646499634
A 125.918243408 -241.174102783 312.920959473
A 152.404449463 -160.459411621 81.308914185
A 106.140472412 61.681175232 246.869338989
A 145.934188843 -257.939758301 191.612869263
A 137.452072144 -179.066757202 385.226531982
A 247.765670776 -91.505569458 63.478942871
A 49.574390411 -186.857131958 206.767379761
A 237.922042847 -11.558774948 77.395706177
A 263.922149658 39.272434235 122.927856445
A 76.993476868 -91.796005249 104.842285156
A 143.297988892 -1158.217651367 -243.748107910
A 55.996959686 -135.630477905 339.306060791
A 339.538055420 34.737865448 220.612014771
A 222.332275391 -47.639701843 416.732513428
A 75.820190430 -113.891098022 113.888710022
A 232.853561401 -97.471809387 419.939117432
A 218.528625488 -28.401126862 64.975776672
A 287.410675049 -85.019989014 79.021148682
A 347.028503418 -15.168508530 231.376525879
A 168.969451904 -48.886581421 415.548217773
A 237.196304321 65.789436340 148.299850464
A 97.001968384 1.605093122 357.115386963
A 279.621765137 67.917747498 185.127212524
A 267.911712646 -255.980209351 219.779159546
A 203.619277954 -52.453674316 60.253208160
A 185.883758545 -259.311706543 238.108154297
A -6024.383789062 33681.062500000 -79972.179687500
A 48.516365051 -106.278930664 141.611785889
A 134.452606201 -141.595870972 402.383850098
A 141.729583740 -128.650558472 69.982452393
A 183.254623413 -123.798179626 59.367984772
A 181.052871704 90.368835449 242.289581299
A 214.960708618 83.701225281 182.162322998
A 370.580932617 -71.616111755 314.632568359
A 302.729248047 -134.614334106 92.629341125
A 348.151824951 -159.247100830 324.320739746
A 254.481246948 -240.662322998 331.160522461
A 68.730766296 13.522980690 172.250076294
A 329.102539062 -206.144195557 306.910095215
A 340.070098877 22.188802719 191.176544189
A 304.642700195 -103.218589783 87.503425598
A 361.194763184 -149.824096680 166.763595581
A 311.436187744 -39.861286163 99.547843933
A 44.070415497 -124.792671204 324.900024414
A 171.471786499 -221.508666992 363.551635742
A 227.488952637 28.097644806 376.062530518
A 360.333526611 -146.855255127 316.699768066
A 47461.609375000 21878.281250000 5692.614746094
A 603.350219727 -1426.560913086 -948.889831543
A 365.207275391 -113.474563599 157.178604126
A 213.372100830 -272.978179932 234.081008911
A 160.213500977 68.083908081 159.224670410
A 281.257537842 -214.561355591 347.672973633
A 55.905231476 -29.611133575 330.173217773
A 148.624221802 -39.448715210 69.481285095
A 342.892181396 -57.253276825 354.803009033
A 310.498382568 -228.008071899 294.807098389
A 250.493774414 70.831108093 312.323425293
A 171.877655029 53.383552551 126.582916260
A 48.887790680 -84.343345642 337.421813965
A 343.831024170 18.868934631 283.996917725
A 28.718147278 -68.780281067 291.709472656
A 322.943420410 -36.381347656 368.782745361
A 262.163757324 -175.279678345 88.684944153
A 39.158706665 -171.067779541 250.127960205
A 273.039886475 51.467838287 332.090270996
A 321.172668457 -108.513420105 379.063812256
A 210.654983521 -16.943067551 408.960540771
A 276.568847656 76.288467407 264.526153564
A 276.459899902 65.737541199 303.150939941
A 312.398132324 -198.804550171 343.749633789
A 35.055992126 -161.238021851 230.739440918
A -2696.419677734 -13763.375976562 7226.405761719
A 287.035430908 -163.276229858 95.008384705
A 338.255126953 -1.912068844 150.868194580
A 110.005302429 -222.991226196 278.610748291
A 24.889055252 -117.711807251 270.687591553
A 1433.997070312 5592.238281250 3894.338134766
A 204.837478638 35.201633453 183.954132080
A 363.059814453 -24.944826126 173.275268555
A 135.643554688 -207.981567383 362.676452637
A 118.800971985 -25.702653885 392.119018555
A 356.376922607 -178.734634399 187.954833984
A 231.850158691 -126.410919189 61.780559540
A 112.209541321 -157.512634277 96.185836792
A 151.174682617 -125.096145630 412.136749268
A 31.938005447 -75.152519226 226.069732666
A 307.556701660 60.495662689 260.347991943
A 298.201965332 -246.303253174 228.646591187
A 330.779510498 10.943487167 323.945861816
A 214.678939819 -144.470962524 413.132965088
A 158.713211060 -88.682838440 164.949417114
A 323.880554199 46.821727753 247.475448608
A 155.815032959 28.844728470 109.524597168
A 237.188476562 44.182159424 119.021553040
A 127.158561707 -97.375389099 407.033172607
A 201.845413208 -190.467056274 392.047149658
A 372.994934082 -52.908226013 185.482925415
A 343.047637939 -204.451324463 208.253097534
A 374.066040039 -68.851585388 259.485015869
A 99.757362366 -58.400459290 387.264617920
A 358.556549072 -74.608146667 336.267578125
A 386.494293213 -98.725158691 236.120407104
A -23725.738281250 -34839.484375000 26918.808593750
A 168.351913452 -3.291594982 85.467132568
A 90.673095703 45.159111023 190.713439941
A 211.651367188 -245.870574951 335.412078857
A -960.552978516 -2914.812011719 -1831.493774414
A 116.743827820 30.456209183 133.765014648
A 321.043151855 -129.106124878 373.958740234
A 346.094604492 4.475276470 172.427993774
A 29.580528259 -45.531326294 207.593307495
A 382.895202637 -91.810394287 205.720779419
A 26.914081573 -81.968162537 186.279800415
A 176.813262939 16.346815109 385.715332031
A 311.869110107 -52.630561829 383.872589111
A 102.238754272 -123.128593445 90.677947998
A 27.253143311 -51.421745300 269.736724854
A 254.951873779 85.077346802 221.040771484
A 150.451126099 -5.894034386 83.164375305
A 193.207229614 68.240890503 328.557647705
A 52.584255219 -64.406173706 339.542419434
A 252.522338867 84.851356506 250.264556885
A 295.314178467 -244.911743164 278.844390869
A 56.378505707 -181.433700562 297.481781006
A 215.744171143 -252.576278687 159.004638672
A 120.282684326 58.441093445 304.552459717
A 198.836929321 -9.038830757 72.006759644
A 54.762168884 -177.156417847 176.122726440
A 190.962493896 44.061023712 116.557113647
A 299.140289307 38.728549957 329.351226807
A 126.050102234 76.033523560 258.687286377
A 182.270996094 -93.360755920 421.328216553
A 273.204315186 -128.888305664 406.183044434
A 371.608917236 -107.528137207 309.444549561
A 377.853912354 -136.098602295 219.040695190
A 147.357376099 -221.343353271 127.028175354
A 96.951911926 38.166381836 318.079986572
A 305.488708496 47.267776489 178.374298096
A 351.583679199 -92.002311707 347.675140381
A 213.382888794 78.886711121 309.892730713
A -277.151428223 598.775085449 1479.678710938
A 225.624588013 -209.511734009 99.022644043
A -16125.614257812 45246.558593750 -3923.919921875
A 142.338668823 -39.003681183 404.094879150
A 371.976684570 -147.922088623 273.184661865
A 329.800201416 -219.369659424 253.270935059
A 52.915714264 6.632753849 265.143310547
A 196.823883057 -86.318008423 61.393718719
A 159.566192627 -203.989028931 377.332977295
A 353.613555908 -131.559295654 141.187606812
A 7540.540527344 2674.181884766 -4412.917968750
A 183.532974243 91.849006653 221.678131104
A 305.537872314 -75.414115906 394.590698242
A 123.899925232 -48.741077423 78.735046387
A 31.336278915 -139.953247070 277.375061035
A 101.373016357 -209.667373657 149.961257935
A 247.110900879 -261.320434570 192.712554932
A 248.416366577 -8.671188354 397.579284668
A 253.017852783 -241.013961792 153.721679688
A 227.923004150 62.813419342 332.717285156
A 205.971160889 55.980049133 346.481170654
A 206.098220825 39.576011658 367.715881348
A 358.750183105 5.127212524 269.653778076
A 185.608444214 -265.537322998 187.469497681
A 102.553695679 -241.743133545 216.250534058
A 139.053771973 10.213786125 380.914459229
A 302.763214111 -220.994491577 324.503173828
A 134.217025757 -258.739654541 267.570922852
A 124.333061218 72.599174500 219.651702881
A 311.266754150 18.200708389 138.710906982
A 257.096130371 -251.739425659 168.153594971
A 1699.151367188 -1908.894653320 0.835367560
A 105.012382507 58.731479645 210.482894897
A 320.905181885 -180.381637573 135.387191772
A 156.351638794 -97.963226318 62.436603546
A 188.223480225 -254.506271362 161.106933594
A 40.278007507 -25.060575485 290.436889648
A 150.812423706 -249.203033447 168.248825073
A 167.611572266 47.109699249 354.575042725
A -12968.481445312 10116.455078125 -14099.208984375
A 305.696533203 -68.601776123 87.254417419
A 147.384063721 -179.793731689 90.830162048
A 356.039154053 -43.524524689 150.238708496
A 200.647766113 -273.049133301 263.702453613
A 270.797088623 -254.751632690 290.864410400
A 165.381958008 -144.551544189 411.782073975
A -9430.617187500 4433.561035156 -8076.526855469
A 274.855438232 -259.273284912 236.486450195
A 323.116699219 42.539085388 281.289428711
A 275.370239258 -100.594062805 70.155174255
A 103.408203125 -26.222730637 99.457839966
A 374.386962891 -24.647378922 213.565002441
A 168.346023560 -271.036956787 242.911834717
A 53.074039459 -6.175501347 301.797851562
A 182.164230347 32.287376404 371.571411133
A 64.635322571 -4.241954327 152.065765381
A 92.586807251 -224.854858398 184.515701294
A 347.804321289 -99.621513367 125.786445618
A 129.315887451 -66.338821411 405.408813477
A 67.753608704 15.840236664 302.866485596
A 33445.062500000 -40639.210937500 51617.484375000
A 342.090698242 -189.444610596 302.962615967
A -6272.170410156 722.415893555 3970.519531250
A 1393.258911133 -3196.049804688 -505.518249512
A 128.649200439 -227.439620972 334.179840088
A 132.770324707 69.588073730 183.014694214
A 360.407470703 -2.490306377 198.160369873
A 267.128082275 -208.774368286 115.616104126
A 36.201766968 -140.768768311 180.883636475
A 311.286071777 4.214520931 122.071533203
A 250.836395264 81.493888855 191.606719971
A 318.561950684 -155.189056396 367.922607422
A 78.167747498 -146.922378540 118.012069702
A 123.987823486 -182.082000732 102.420684814
A -3044.776611328 1950.310180664 86.837028503
A 261.509002686 -209.170013428 367.298156738
A 153.945892334 -99.870422363 416.346527100
A 340.828277588 -163.964416504 142.921386719
A 141.861297607 70.730331421 292.727905273
A 200.846176147 -23.599388123 400.516998291
A 126.403663635 -256.481170654 216.913711548
A 99.753570557 -87.725822449 395.480224609
A 231.903289795 -269.374786377 214.132904053
A 223.512741089 -250.002853394 301.951690674
A 280.268859863 1.319758177 240.970611572
A 129.706375122 -94.037765503 69.371986389
A 319.381988525 -16.401689529 119.716392517
A 247.698547363 -192.848754883 386.675506592
A 25514.628906250 49572.937500000 23654.931640625
A 76.488609314 -132.709396362 364.157806396
A 255.658752441 16.737918854 381.752777100
A 230.477828979 -269.917053223 269.444732666
A 372.825408936 -89.963912964 175.896606445
A 81.968482971 -28.479526520 116.882049561
A 89.167861938 33.310382843 169.660263062
A 222.278167725 -233.445281982 350.210571289
A 293.874359131 65.796936035 205.871765137
A 36.760158539 -80.708709717 162.960784912
A 42.762783051 -43.285015106 309.561035156
A 216.986450195 -166.985107422 73.784210205
A 138.716201782 -22.378217697 377.883880615
A 97.207557678 -36.013427734 378.495178223
A 217.651458740 -171.777374268 403.331909180
A 359.139801025 -42.723117828 323.652038574
A 347.532989502 24.650468826 250.150833130
A 156.626632690 -265.063049316 214.821426392
A 253.361755371 -58.634960175 413.207092285
A 119.021980286 -242.615600586 183.589935303
A 155.268203735 58.262577057 334.076507568
A 72.886184692 -159.397048950 347.299926758
A 22.954946518 -121.763237000 244.801101685
A 174.581649780 -219.287094116 115.703567505
A 207.343368530 75.916389465 156.444488525
A 163.749954224 -30.098596573 269.220733643
A -4220.065429688 38789.207031250 -49568.601562500
A 310.343719482 31.629081726 155.913848877
A -434.710388184 -1172.551025391 163.919509888
A 74.562942505 -180.530776978 336.125091553
A 342.770935059 -188.635360718 171.933456421
A 83.927574158 -57.523738861 102.626670837
A 260.516601562 12.951627731 98.368202209
A 7251.600585938 -467.164916992 -1614.972900391
A 352.361724854 -7.605646133 309.277038574
A 225.315170288 -73.211746216 57.751350403
A 97.259078979 20.045459747 338.389648438
A 108.735832214 -248.433639526 252.582321167
A 8317.108398438 9495.253906250 18168.244140625
A 289.122772217 44.902290344 150.447769165
A 21.755496979 -94.620765686 207.726898193
A 88.843360901 -18.925638199 364.993469238
A 18.283727646 -67.137786865 233.092895508
A 295.209472656 -210.149765015 135.755172729
A 342.500610352 -207.003753662 239.766983032
A 95.132209778 7.343593121 297.590606689
A 81.366455078 -97.351272583 376.536956787
A 29.266769409 -36.947647095 238.713195801
A -3312.260253906 -1333.620361328 3260.041992188
A 160.922821045 83.988586426 206.500961304
A 197.372116089 -184.305801392 79.888381958
A 114.897789001 -89.312088013 372.015014648
A 70.733497620 -6.793040752 331.166931152
A 101.395240784 34.007396698 149.525756836
A -19825.994140625 6281.302734375 4072.777099609
A 77.281303406 -200.816818237 169.259124756
A 243.910018921 -82.520973206 419.785156250
A 100.958976746 -237.970626831 284.090728760
A 34.397758484 -84.176307678 311.829101562
A 301.088195801 19.204204559 313.874298096
A 294.581573486 61.938999176 283.213928223
A 170.799087524 85.314193726 265.812988281
A 361.762023926 6.522660732 228.189987183
A 382.750518799 -43.791488647 249.636886597
A 229.475311279 -241.230743408 137.386672974
A -2659.484863281 2472.387451172 -528.026245117
A 93.397926331 -123.034347534 381.718322754
A 234.904754639 -150.463684082 66.483207703
A 280.785247803 77.362907410 233.353698730
A 218.222106934 -205.910369873 381.646575928
A 85.270042419 3.742592335 133.223922729
A 359.241088867 -181.334213257 266.973083496
A 292.512237549 -6.577664375 102.888114929
A 246.835098267 -257.575500488 300.677276611
A 285.249603271 -100.956245422 409.315063477
A 147.693374634 -69.416870117 65.101348877
A 99.993911743 51.145374298 288.198730469
A 208.999862671 60.525974274 132.857620239
A 385.481201172 -65.622200012 226.955963135
A 256.974700928 -1.508226156 214.220748901
A 186.492218018 -235.179092407 349.566070557
A 116.384399414 -137.474746704 394.076568604
A 218.096084595 -263.863311768 185.802108765
A 230.177947998 27.325344086 100.264518738
A 150.810455322 -203.013137817 106.573158264
A 289.718017578 -32.183692932 390.791900635
A 71.441413879 -213.821212769 282.300872803
A 142.838333130 75.248558044 272.804748535
A 165.988204956 -245.185943604 150.581649780
A 326.127014160 -17.944805145 359.305786133
A 265.529113770 -122.104370117 69.562347412
A 177.147354126 -189.661117554 390.847747803
A 345.479858398 -121.995819092 353.607513428
A 190.167724609 -258.182678223 310.807281494
A 189.408248901 -154.872619629 409.102569580
A -11396.750000000 10458.428710938 2460.379150391
A 304.051849365 -172.800827026 111.269813538
A 330.915435791 -81.834655762 373.830200195
A 9710.774414062 4351.564453125 -23.126411438
A 266.871856689 31.979911804 343.372253418
A 28.320140839 -125.531883240 200.778732300
