533

A 396.201477051 -56.718822479 143.719284058
A 108.148780823 -197.251373291 426.215423584
A 348.676086426 -151.299880981 463.104461670
A 284.874664307 -314.164093018 288.652343750
A 438.389984131 -44.451812744 336.769042969
A 455.192016602 -104.342857361 302.819915771
A 327.623413086 -229.066421509 325.672668457
A 322.515808105 -115.367813110 462.439727783
A 346.812713623 -5206.402343750 -49665.160156250
A 450.381896973 -146.359115601 275.977630615
A 123.214424133 1.655339360 131.708831787
A 331.391693115 -82.454734802 412.180145264
A 324.785675049 -291.619262695 227.575057983
A 407.771026611 -29.607887268 394.862854004
A 72.368530273 -50.740070343 158.480957031
A 3416.352050781 -785.691772461 7539.106933594
A 266.670013428 -139.058685303 490.498077393
A 193.941864014 -290.562316895 380.024261475
A 101.945442200 -180.660125732 294.264923096
A 328.982147217 24.088579178 136.623565674
A 240.299606323 100.535606384 342.489471436
A 447.658508301 -142.986297607 312.888427734
A 227.867202759 -143.171752930 494.355010986
A 6219.991210938 4693.020019531 4.477781296
A 310.989868164 35.213043213 426.072174072
A 318.888610840 -306.269958496 315.352874756
A 353.560852051 -8.502899170 435.293640137
A 446.649291992 -72.593612671 333.147064209
A 425.048217773 -202.606933594 246.269180298
A 199.170394897 -55.326286316 102.391906738
A 219.230041504 91.978599548 196.850692749
A 443.834594727 -107.074287415 341.762725830
A 448.356781006 -61.790245056 242.667297363
A 331.549987793 -276.693847656 373.488159180
A 421.773193359 -201.617355347 341.699798584
A 89.619979858 -195.417037964 157.312698364
A 262.635894775 -3.504075289 470.625396729
A 103.360000610 58.566249847 301.834442139
A 442.978973389 -136.945770264 219.541320801
A 33.819042206 -109.374542236 327.627319336
A 394.565155029 -149.197708130 139.238922119
A 128.843933105 -105.134391785 95.566177368
A 150.642669678 15.874239922 125.361915588
A 292.609771729 -262.806976318 419.312896729
A -1161.401123047 391.243621826 293.634948730
A 310.723419189 -15.620990753 99.601905823
A -47851.425781250 63223.433593750 40184.199218750
A 213.144317627 96.700866699 337.176818848
A 151.397247314 56.736812592 391.058410645
A 145.842727661 -162.333648682 290.853881836
A 67.161949158 22.279657364 273.051452637
A 52.838615417 -62.083229065 185.425094604
A 93.758087158 -154.035781860 127.216476440
A 133.747253418 -217.319168091 431.804901123
A 261.187377930 103.732505798 318.616363525
A 216.202560425 -315.409637451 329.624084473
A 153.106185913 52.707187653 162.649490356
A 96.609497070 -265.436950684 296.934967041
A 80.329284668 -220.011123657 371.680603027
A -65791.695312500 16225.724609375 -50730.652343750
A 123.142959595 -74.714447021 103.239501953
A 239.904357910 -100.207221985 497.751312256
A 126.222251892 -180.883880615 446.991882324
A 179.451461792 -271.868103027 402.909393311
A 76.065589905 -248.287551880 277.073577881
A 337.221466064 -226.643630981 132.895187378
A 259.272399902 110.436996460 290.724914551
A 383.507232666 -263.822845459 245.861526489
A 390.587402344 -248.691268921 326.234405518
A 437.711425781 -189.193008423 282.237030029
A 435.679199219 -85.323043823 191.117324829
A 391.897094727 -174.470825195 223.717803955
A 372.341979980 -237.409713745 176.777877808
A 92.056282043 40.401100159 333.338775635
A 105.535240173 -258.896667480 362.167846680
A 59.479244232 -161.769210815 176.023742676
A 335.939605713 -38.595294952 103.595771790
A 284.759948730 -201.976348877 469.356567383
A 341.210235596 19.216417313 424.127197266
A 214.364898682 15.036360741 103.166732788
A 4053.450683594 -12409.644531250 23331.808593750
A 319.779144287 -13.724695206 457.915161133
A 138.586547852 -234.485641479 142.859924316
A 373.856719971 40.735630035 359.916595459
A 200.039886475 -164.554016113 78.401832581
A 50.738338470 -176.414291382 364.245025635
A 420.868560791 -87.004188538 164.599807739
A 247.325531006 -258.226928711 430.831207275
A 301.239257812 -44.599479675 478.974395752
A 188.365188599 -203.421249390 467.170318604
A 129.319976807 -239.574493408 408.583160400
A 163.802841187 -304.608245850 284.003326416
A 39094.296875000 -13326.889648438 -42467.656250000
A 421.855285645 -140.693786621 390.795562744
A 137.602767944 -268.151611328 187.861724854
A 437.611602783 -154.303817749 343.809570312
A -19627.318359375 -80449.695312500 10282.159179688
A 140.486495972 -152.022811890 94.258651733
A 311.661224365 -189.228576660 468.979644775
A 439.338043213 -169.132614136 231.133132935
A 71.034378052 -119.907554626 417.117156982
A 66.227531433 -87.283569336 160.540954590
A -2620.986328125 6030.564941406 6222.071289062
A 115.363113403 -215.248657227 146.226745605
A 377.167877197 -136.851318359 121.345405579
A 156.565979004 22.377614975 414.474792480
A 348.972717285 -220.585739136 424.072814941
A 221.837768555 -279.807006836 153.195907593
A 73.370323181 -92.366333008 138.459609985
A 216.807540894 -239.130050659 116.286003113
A 44.816535950 -192.567687988 234.830017090
A 357.624267578 -268.637481689 208.705612183
A 55.645343781 -23.047149658 204.203247070
A 289.071350098 -265.697235107 144.368759155
A 229.407897949 -321.752014160 249.073364258
A 398.051269531 -90.749343872 136.909576416
A 210.588211060 -53.395755768 73.806335449
A -1515.703979492 -82616.953125000 -20166.857421875
A 158.223831177 -269.227783203 168.213088989
A 277.778778076 -165.553314209 102.646728516
A 149.864166260 -14.179318428 108.955329895
A 233.479843140 -67.570449829 493.184173584
A 274.473632812 -232.077697754 142.643371582
A 82.207275391 -81.778808594 427.268127441
A -56654.054687500 -43792.617187500 -50701.589843750
A 428.883483887 -17.828422546 343.403259277
A 360.324768066 -278.047729492 237.441543579
A 346.055145264 -186.826065063 450.109680176
A 23.444786072 -99.067901611 297.922088623
A 48.716640472 -11.578808784 278.715820312
A 328.510711670 -80.019287109 476.688964844
A 218.593399048 -7.951159477 472.259765625
A 378.649810791 49.022975922 226.331192017
A 309.245452881 65.823860168 168.099441528
A 380.029693604 -84.565185547 119.262451172
A -831.568359375 -5894.752929688 2061.263916016
A 210.251068115 -197.207626343 86.159561157
A 194.051437378 -307.520538330 342.421783447
A 933.285949707 -751.164672852 107.627006531
A 292.825836182 92.084724426 335.818695068
A 175.921112061 64.179458618 162.163894653
A 112.133354187 -243.169342041 386.131378174
A 292.633972168 -79.984542847 71.295288086
A 263.561492920 -306.136108398 366.117340088
A 43.082496643 -26.408571243 309.379638672
A 29744.923828125 -10120.171875000 -43222.832031250
A 287.885101318 -161.393356323 485.515075684
A 265.029266357 -139.999954224 267.040161133
A -4036.821533203 -1202.183227539 1285.839477539
A 237.174346924 39.569713593 124.525863647
A 91.618988037 -214.840255737 254.510864258
A 81.097602844 -47.193130493 418.395996094
A 305.190093994 80.502258301 199.348678589
A 94.466903687 -257.900390625 254.727920532
A 153.097015381 30.607509613 427.265594482
A 66.333518982 11.255904198 227.126800537
A 397.003326416 -31.069364548 161.572113037
A 213.925903320 -103.576423645 63.237968445
A 387.502044678 -209.694503784 398.902526855
A 40.721214294 -127.848403931 363.209350586
A 73.469886780 -182.075057983 173.820678711
A 85.204078674 -25.218952179 168.576339722
A 252.783554077 106.734939575 237.204574585
A 281.509124756 58.023830414 413.396545410
A 136.605911255 65.506507874 205.964599609
A 84.158348083 -248.512893677 235.611389160
A 74.961151123 24.786300659 246.550170898
A 65.313392639 -227.747833252 308.679168701
A 98.147338867 53.355854034 258.702545166
A 366.577301025 -277.099975586 291.874847412
A 187.523254395 90.587997437 214.711090088
A 333.443756104 -272.721557617 181.668411255
A 32.587894440 -154.896530151 264.730529785
A 259.640869141 13.244958878 101.162269592
A 363.811126709 70.284721375 261.933197021
A 382.947357178 -178.722396851 141.577926636
A 379.976318359 3.637335300 400.452270508
A 318.889678955 -62.136703491 86.376770020
A 163.014511108 -299.416259766 342.757904053
A 173.619689941 96.029098511 273.313934326
A 294.543701172 -45.832180023 83.965965271
A 43.198188782 -131.694656372 193.732940674
A 436.936767578 -19.386886597 295.730499268
A 328.541259766 -216.989486694 443.275421143
A 195.341720581 83.396049500 368.727691650
A 181.461868286 -11.574303627 469.476287842
A 4139.092285156 9652.364257812 13209.742187500
A 260.420257568 106.541847229 264.564758301
A 92.651191711 -216.967620850 175.127487183
A 421.880218506 -218.495864868 280.599975586
A 192.562911987 -84.826110840 493.187683105
A 48.058135986 -19.283458710 242.932418823
A 377.664886475 -250.981048584 204.156692505
A 800.938781738 -1262.556518555 -59.979427338
A -29952.675781250 38134.480468750 31132.142578125
A 47.317230225 -193.777557373 326.678527832
A 320.462310791 -170.159072876 91.920783997
A 251.836013794 -265.442993164 135.643737793
A 79.351119995 34.560943604 300.085571289
A 41.498878479 -52.866847992 214.293685913
A 394.570312500 -184.870788574 409.398376465
A 244.653564453 -138.143753052 68.782516479
A 277.663513184 -221.307693481 100.020881653
A 147.902755737 -283.963165283 367.683563232
A 179.121643066 -189.002258301 94.355308533
A 124.633979797 71.604606628 290.582611084
A 171.416198730 -303.490966797 224.860534668
A 161.619842529 -211.016479492 452.587982178
A 292.346771240 -107.956398010 74.488586426
A 57.679702759 -219.729598999 242.905761719
A 280.925292969 -12.904094696 90.708618164
A 310.070220947 47.117012024 144.639984131
A 90.833770752 -107.069732666 123.258277893
A 168.465911865 -1361.159790039 -285.703552246
A 65.004203796 -158.856216431 398.362396240
A 398.443084717 41.572376251 259.579254150
A 261.908050537 -55.134742737 489.710052490
A 89.253082275 -134.073028564 133.971771240
A 274.150268555 -113.708557129 494.285644531
A 257.638244629 -34.313438416 76.526420593
A 338.708648682 -98.996574402 92.973381042
A 406.880706787 -17.831459045 271.678558350
A 198.186767578 -57.596881866 488.205444336
A 278.443572998 77.269752502 174.007492065
A 113.908203125 1.859218121 419.359924316
A 327.709625244 79.648880005 217.362564087
A 315.220977783 -301.056640625 258.155487061
A 239.714950562 -60.678150177 70.669784546
A 218.769729614 -304.303985596 279.536590576
A -7078.334960938 39569.617187500 -93954.375000000
A 56.792366028 -124.759468079 167.556716919
A 158.758697510 -165.798538208 471.161346436
A 167.049041748 -151.845901489 82.185668945
A 215.732315063 -145.725631714 69.290550232
A 212.331939697 106.328071594 284.584777832
A 251.945632935 98.121208191 214.665466309
A 435.801605225 -84.215766907 369.367431641
A 357.348815918 -158.531219482 108.934944153
A 409.480560303 -186.401016235 381.073516846
A 298.415618896 -282.683166504 387.751556396
A 81.078567505 15.024535179 202.495391846
A 386.056640625 -242.393600464 360.402435303
A 399.730560303 25.781442642 224.988281250
A 358.062713623 -120.944328308 102.726181030
A 423.587677002 -176.352432251 195.301513672
A 365.192810059 -45.569145203 116.950439453
A 52.745445251 -146.945587158 381.883178711
A 201.346038818 -260.425628662 427.481536865
A 266.808654785 33.141838074 442.364654541
A 422.816986084 -172.469573975 372.107727051
A 55759.949218750 25702.972656250 6687.720703125
A 708.663146973 -1674.991943359 -1114.369750977
A 428.804779053 -133.270278931 184.753448486
A 250.109054565 -320.092163086 274.283935547
A 188.292449951 80.872047424 186.184127808
A 330.748291016 -251.826065063 408.486358643
A 64.665855408 -33.939411163 388.021057129
A 173.782760620 -47.169357300 81.981086731
A 402.707611084 -67.277633667 416.522460938
A 365.165130615 -267.869201660 347.690063477
A 294.669799805 83.014999390 366.310729980
A 202.719238281 62.835475922 148.507827759
A 58.031265259 -99.144142151 397.433288574
A 404.416076660 22.811130524 332.805847168
A 35.117397308 -79.987091064 342.541961670
A 380.326080322 -42.763847351 433.310485840
A 308.244201660 -206.066635132 102.749832153
A 45.231945038 -201.525894165 294.113250732
A 320.812469482 60.973556519 391.493530273
A 377.802032471 -127.721969604 445.349792480
A 247.544113159 -19.802227020 480.580413818
A 325.086334229 88.802200317 310.164123535
A 324.486755371 75.995475769 355.877166748
A 366.941528320 -233.663665771 404.225402832
A 40.757003784 -190.150970459 271.812225342
A -3168.560302734 -16170.647460938 8489.762695312
A 337.125122070 -192.182952881 111.723388672
A 396.834625244 -2.047571182 177.371688843
A 129.781112671 -262.335052490 327.099212646
A 29.237779617 -137.599548340 318.610626221
A 1685.692993164 6569.884765625 4574.969726562
A 239.838653564 41.903125763 215.184707642
A 426.000091553 -29.728445053 203.510833740
A 159.682250977 -243.465209961 425.770050049
A 139.723480225 -30.174041748 460.519378662
A 419.320831299 -210.471496582 220.859451294
A 273.159973145 -148.441772461 73.374496460
A 131.745483398 -185.998886108 112.556716919
A 178.028427124 -146.984085083 484.189331055
A 37.526634216 -89.008789062 265.810546875
A 360.260070801 70.591613770 306.005706787
A 350.378021240 -289.639129639 267.989257812
A 388.439056396 12.559171677 380.370483398
A 252.925827026 -169.896804810 486.635986328
A 186.740295410 -103.839691162 194.296798706
A 380.711975098 54.221092224 290.716186523
A 182.867233276 34.199111938 128.202224731
A 278.827850342 53.026199341 140.397857666
A 147.986221313 -114.470924377 479.406433105
A 238.276580811 -223.902297974 460.551147461
A 437.685546875 -61.909549713 218.216842651
A 403.449249268 -239.811111450 244.949615479
A 439.373992920 -81.770866394 304.589233398
A 116.413452148 -69.132400513 455.962707520
A 421.514709473 -88.237045288 396.592224121
A 453.664764404 -117.109199524 277.874206543
A -27875.628906250 -40930.500000000 31625.755859375
A 197.881622314 -2.436423302 99.801017761
A 107.040542603 53.874889374 224.576751709
A 248.814895630 -288.305755615 393.756286621
A -1129.298095703 -3423.844726562 -2152.348144531
A 136.432937622 34.881706238 156.915451050
A 376.883575439 -151.758193970 438.917633057
A 406.023803711 6.252024174 202.678436279
A 36.028011322 -54.470169067 243.143615723
A 448.760955811 -108.177696228 240.972137451
A 31.783309937 -96.518218994 218.096527100
A 206.820114136 20.361528397 452.970275879
A 364.970214844 -61.760692596 451.235168457
A 120.093872070 -145.112976074 106.398376465
A 31.961378098 -60.124706268 315.916351318
A 298.883270264 100.251625061 258.851379395
A 177.275497437 -6.325478077 97.949661255
A 227.218963623 78.875488281 384.856872559
A 61.532318115 -75.825653076 399.132263184
A 296.786193848 98.456253052 294.066802979
A 345.310333252 -287.567382812 327.911254883
A 65.382156372 -213.949249268 348.720733643
A 252.941711426 -297.211090088 186.989456177
A 141.867675781 68.123580933 357.996917725
A 234.574722290 -11.161072731 83.674133301
A 63.146537781 -208.183898926 207.461730957
A 225.123611450 51.973457336 136.957733154
A 351.073333740 45.517776489 386.557312012
A 148.135253906 88.974472046 303.878417969
A 213.603408813 -108.717132568 494.831298828
A 320.513275146 -151.213973999 477.784820557
A 436.238677979 -126.155960083 363.461425781
A 443.708343506 -160.438949585 257.524780273
A 173.736190796 -260.558746338 148.460922241
A 114.708694458 45.445064545 372.427795410
A 358.827239990 55.481071472 210.874160767
A 412.027160645 -108.046272278 407.294403076
A 251.317733765 92.639472961 364.173156738
A -326.517028809 702.417968750 1739.438476562
A 265.767150879 -245.827087402 117.586090088
A -18945.453125000 53157.296875000 -4610.793457031
A 168.615158081 -45.663581848 474.118804932
A 436.133941650 -173.996170044 320.556030273
A 386.622070312 -257.428710938 296.801300049
A 62.512744904 6.946334362 310.958190918
A 231.291824341 -100.692260742 72.413146973
A 187.677597046 -239.711166382 443.093719482
A 414.845611572 -154.824813843 165.536911011
A 8857.842773438 3141.014648438 -5183.244140625
A 215.223999023 107.115875244 260.465881348
A 358.203063965 -88.200454712 462.823822021
A 145.930908203 -56.212177277 92.308906555
A 38.488903046 -165.852233887 326.088775635
A 118.804786682 -246.231124878 176.269256592
A 289.864257812 -306.599456787 227.300155640
A 291.949920654 -10.080675125 468.032409668
A 295.505462646 -282.320068359 180.308273315
A 266.644744873 73.297767639 390.335906982
A 241.874588013 65.938751221 407.116119385
A 241.989410400 46.927276611 432.699157715
A 421.234252930 7.271459579 316.682159424
A 218.429870605 -311.161987305 220.142974854
A 119.265472412 -284.004302979 253.396789551
A 163.514282227 11.802166939 447.583343506
A 356.729125977 -260.001525879 382.076232910
A 157.535049438 -304.766265869 314.682434082
A 146.546951294 85.864639282 257.245758057
A 365.231628418 21.205715179 162.619079590
A 302.025787354 -297.360015869 197.513214111
A 1996.503906250 -2242.138671875 1.829190969
A 122.501998901 68.583374023 247.097396851
A 376.590759277 -212.954269409 158.615478516
A 183.516326904 -114.972740173 74.123588562
A 221.789932251 -298.570312500 189.196487427
A 48.202606201 -29.708179474 341.812377930
A 178.029541016 -291.872253418 197.352905273
A 196.193557739 56.418975830 416.309112549
A -15235.484375000 11884.525390625 -16563.763671875
A 359.365844727 -79.617141724 102.357521057
A 172.791107178 -211.630706787 106.315589905
A 417.760223389 -50.581134796 176.475540161
A 236.676452637 -320.899841309 310.708862305
A 318.326232910 -299.953155518 340.919219971
A 194.203994751 -169.445770264 484.045898438
A -11078.526367188 5208.958984375 -9488.485351562
A 323.418640137 -304.975616455 278.113311768
A 379.169860840 50.301380157 330.358001709
A 323.362060547 -118.046913147 82.043945312
A 122.365356445 -30.491300583 116.784927368
A 439.115814209 -28.875324249 251.174026489
A 199.137481689 -318.267517090 286.158477783
A 62.297718048 -7.915528297 354.391571045
A 213.685546875 38.885898590 436.899353027
A 75.681793213 -4.911377430 176.505035400
A 109.039443970 -264.208221436 216.664260864
A 408.082855225 -116.674217224 148.020767212
A 151.487594604 -77.335334778 477.035644531
A 79.530975342 19.926633835 356.023681641
A 39292.851562500 -47744.031250000 60641.718750000
A 402.516113281 -221.317276001 355.345794678
A -7368.253417969 848.065734863 4665.011230469
A 1637.533691406 -3755.951416016 -593.457702637
A 150.742889404 -267.451812744 393.826782227
A 155.945419312 83.317878723 215.728317261
A 424.422515869 -2.921097279 232.443984985
A 313.815704346 -245.098770142 135.920516968
A 43.312213898 -165.226470947 212.843627930
A 365.223022461 5.191431046 143.466354370
A 294.410705566 96.230773926 223.656921387
A 372.287017822 -183.283142090 430.757934570
A 90.611412048 -172.533569336 138.124328613
A 146.163406372 -214.965881348 120.084472656
A -3576.699951172 2291.222167969 101.114402771
A 307.002014160 -244.677764893 431.866790771
A 182.001739502 -117.417488098 490.056701660
A 400.808715820 -192.865554810 168.595245361
A 166.835250854 82.197578430 343.388427734
A 235.316467285 -27.643587112 471.406677246
A 147.570953369 -301.503051758 255.873687744
A 116.250152588 -103.072639465 465.124755859
A 272.612396240 -316.423919678 251.817123413
A 263.145812988 -295.026794434 355.259063721
A 327.901336670 0.621818006 283.375671387
A 152.463638306 -110.367790222 80.674598694
A 376.307312012 -19.780017853 140.284866333
A 290.312896729 -226.931152344 454.822937012
A 29974.074218750 58240.765625000 27791.628906250
A 88.864608765 -155.212570190 427.947021484
A 300.338470459 20.234828949 448.655151367
A 272.188629150 -317.812469482 316.207580566
A 438.258422852 -105.312805176 206.542724609
A 95.209930420 -33.365684509 137.224761963
A 105.516685486 39.581485748 198.457275391
A 260.757843018 -274.658752441 411.735168457
A 344.889831543 77.083106995 240.880065918
A 43.091278076 -94.516456604 191.559387207
A 51.050159454 -49.870250702 362.482177734
A 255.368469238 -195.888854980 86.231742859
A 163.230316162 -25.446681976 443.441040039
A 113.527114868 -41.816570282 444.694976807
A 256.035736084 -201.957916260 474.174011230
A 421.876098633 -50.628555298 380.030029297
A 407.401397705 29.041149139 294.279479980
A 184.818237305 -311.446075439 252.123123169
A 298.486755371 -67.556869507 486.705627441
A 140.018966675 -285.492034912 216.134201050
A 181.936111450 68.446746826 392.882354736
A 85.557708740 -187.650070190 407.766174316
A 27.153993607 -142.961410522 286.546356201
A 205.941818237 -257.743438721 135.414855957
A 244.508758545 88.810478210 183.451293945
A 191.437332153 -35.935573578 316.767944336
A -4959.169921875 45571.535156250 -58234.402343750
A 365.222869873 37.692432404 183.024780273
A -510.942108154 -1377.629638672 192.331817627
A 87.448135376 -211.379028320 395.363006592
A 402.318481445 -221.724243164 202.195724487
A 98.841415405 -68.671463013 121.232757568
A 305.732147217 15.645614624 115.788986206
A 8520.211914062 -548.110656738 -1898.116821289
A 413.602233887 -8.976133347 363.984649658
A 265.856658936 -85.282997131 68.098083496
A 114.792617798 24.189163208 397.144256592
A 127.268890381 -292.262054443 297.277221680
A 9771.429687500 11154.888671875 21343.240234375
A 340.179016113 53.502948761 176.489822388
A 24.830085754 -111.984611511 243.703216553
A 104.206825256 -21.105804443 429.727478027
A 20.673965454 -79.537361145 274.174591064
A 348.030944824 -247.153228760 159.083282471
A 403.275695801 -243.339065552 282.546691895
A 112.085662842 9.017655373 349.586364746
A 95.429672241 -113.712112427 442.750976562
A 35.557575226 -43.272796631 280.560272217
A -3891.007812500 -1567.197021484 3830.047851562
A 189.897460938 99.087440491 242.781707764
A 232.931152344 -215.920578003 93.904396057
A 135.645309448 -106.517608643 436.092437744
A 83.237442017 -7.940304279 389.242492676
A 120.450828552 39.885799408 175.625564575
A -23292.365234375 7379.796386719 4784.547363281
A 91.788978577 -235.153686523 199.708374023
A 286.953094482 -97.312637329 493.587036133
A 118.875869751 -278.107635498 332.834869385
A 40.312221527 -98.780364990 367.036560059
A 354.126892090 22.929542542 369.170166016
A 346.503143311 72.999595642 333.215393066
A 200.880371094 100.473007202 312.709075928
A 425.499877930 7.747957706 268.430450439
A 449.653259277 -51.785144806 292.808502197
A 269.508880615 -283.350463867 162.638061523
A -3124.550048828 2904.247558594 -620.515686035
A 108.238838196 -145.424438477 447.775299072
A 277.119567871 -177.357681274 77.254829407
A 331.400665283 91.774566650 273.838562012
A 257.273681641 -242.743103027 448.546722412
A 100.743301392 6.388917446 157.984237671
A 422.081542969 -213.475479126 313.459167480
A 343.403289795 -7.013964653 122.358947754
A 289.983764648 -303.378295898 353.003082275
A 335.627044678 -118.248214722 481.225006104
A 174.256851196 -80.895637512 77.300498962
A 117.499237061 59.322307587 337.689239502
A 245.867004395 69.770553589 155.734298706
A 452.716369629 -76.512199402 266.291809082
A 301.605072021 -1.891937971 250.853240967
A 218.572021484 -276.128051758 411.000335693
A 135.650848389 -161.219253540 462.729827881
A 255.973114014 -310.711853027 218.213104248
A 270.694946289 32.689483643 116.894454956
A 177.051834106 -237.517120361 125.165313721
A 340.363769531 -38.398761749 459.246276855
A 83.260986328 -252.352127075 331.173492432
A 167.548110962 88.523994446 320.015441895
A 194.039001465 -286.969726562 177.310287476
A 383.403656006 -21.700738907 421.648284912
A 312.790832520 -143.822601318 81.136543274
A 207.214736938 -222.259124756 459.326568604
A 405.512237549 -142.614730835 414.723327637
A 223.267364502 -303.544189453 364.324249268
A 223.513626099 -181.902328491 480.425231934
A -13388.905273438 12287.862304688 2890.382568359
A 357.261718750 -203.319473267 129.324447632
A 387.769531250 -95.909934998 439.266845703
A 11408.184570312 5112.034667969 -26.617128372
A 314.099365234 37.948673248 403.731323242
A 32.924110413 -147.576141357 235.961166382
