533

A 408.781250000 -58.690391541 148.394271851
A 111.348495483 -203.556060791 439.442840576
A 359.405303955 -156.291717529 478.016052246
A 294.138763428 -324.192413330 297.863891602
A 452.235870361 -45.802883148 347.402252197
A 469.395019531 -107.732772827 312.678771973
A 338.461425781 -236.581024170 335.562377930
A 332.785003662 -118.918426514 477.028656006
A 357.925262451 -5372.226562500 -51246.257812500
A 464.858276367 -150.863998413 284.526000977
A 127.665954590 1.544823527 135.725051880
A 341.895568848 -85.239585876 425.744598389
A 334.494201660 -300.809997559 234.763778687
A 420.928771973 -30.618984222 407.648132324
A 74.441177368 -52.864242554 163.309204102
A 3525.007812500 -810.483276367 7778.950195312
A 275.063110352 -143.729309082 506.048248291
A 200.144927979 -299.660430908 392.328918457
A 105.173843384 -186.406829834 303.620239258
A 339.834350586 25.017997742 140.551651001
A 248.474075317 103.988212585 353.353515625
A 461.777221680 -147.674972534 323.085205078
A 235.113067627 -147.511108398 509.737304688
A 6417.548828125 4842.007812500 4.697473049
A 320.895782471 36.358493805 439.692962646
A 329.087524414 -316.189422607 325.473571777
A 364.650756836 -8.738883018 449.070770264
A 461.422546387 -75.252632141 343.942260742
A 438.652160645 -209.508300781 253.473526001
A 205.551956177 -57.317070007 105.792655945
A 226.398818970 94.718719482 202.913787842
A 458.516510010 -110.280929565 352.705474854
A 462.575744629 -63.874584198 250.505523682
A 342.590850830 -285.793823242 385.661499023
A 435.513183594 -208.203704834 352.872589111
A 92.082176208 -201.178176880 162.510681152
A 270.978271484 -3.408995628 485.799346924
A 106.658164978 60.457096100 311.406036377
A 457.243316650 -141.011199951 226.909454346
A 35.146198273 -112.735549927 338.071136475
A 406.908477783 -153.871246338 143.743148804
A 132.974136353 -108.309883118 98.373733521
A 155.530487061 16.602077484 129.149826050
A 301.575653076 -271.128387451 433.485778809
A -1198.322265625 403.557891846 303.555236816
A 320.061462402 -16.190343857 102.870117188
A -49374.234375000 65235.535156250 41463.210937500
A 219.578857422 99.422615051 347.881225586
A 156.378631592 58.452377319 403.223114014
A 150.907104492 -167.854537964 300.468902588
A 69.082145691 23.334697723 281.733062744
A 54.264141083 -64.230453491 191.513717651
A 97.007034302 -159.191299438 131.123992920
A 137.664413452 -224.231140137 445.731048584
A 269.408172607 106.819023132 328.674041748
A 222.970306396 -325.711730957 339.433410645
A 158.023910522 54.697002411 167.441375732
A 99.935058594 -274.130493164 306.454498291
A 82.579643250 -227.080352783 383.493072510
A -67886.023437500 16742.343750000 -52345.281250000
A 126.901763916 -77.199554443 106.446235657
A 247.387481689 -103.487464905 513.794311523
A 130.245468140 -186.925094604 460.834625244
A 185.387237549 -280.444091797 415.904754639
A 78.886451721 -255.820251465 285.929534912
A 347.913848877 -233.996490479 137.248916626
A 267.518249512 114.025680542 299.755950928
A 395.900360107 -272.034393311 253.388763428
A 402.875061035 -256.742034912 336.414215088
A 451.232421875 -194.782135010 291.455810547
A 449.588134766 -87.904373169 197.503906250
A 403.994232178 -180.070419312 230.977752686
A 383.811248779 -244.701278687 182.297241211
A 94.932228088 41.735164642 343.915496826
A 109.039772034 -267.161956787 373.770111084
A 61.270431519 -167.231857300 181.360183716
A 346.804168701 -39.986206055 106.759712219
A 293.511108398 -208.367324829 483.808197021
A 352.159301758 20.026632309 437.320983887
A 221.294158936 15.125960350 106.357086182
A 4182.607421875 -12804.733398438 24074.416015625
A 329.600555420 -14.660840034 472.372192383
A 142.547256470 -241.853012085 147.144012451
A 385.343109131 42.394062042 371.274993896
A 206.236968994 -169.709259033 80.761260986
A 52.373447418 -181.654678345 375.428802490
A 434.388366699 -89.905868530 169.722122192
A 255.310256958 -266.575134277 444.583190918
A 310.561370850 -45.993686676 494.062072754
A 194.444366455 -209.681304932 482.332702637
A 133.335937500 -246.694717407 421.587860107
A 168.704254150 -314.453582764 293.140655518
A 40338.738281250 -13750.743164062 -43819.445312500
A 435.042022705 -145.354583740 402.944702148
A 142.193054199 -276.680572510 194.002059937
A 451.219787598 -159.583343506 354.802520752
A -20251.142578125 -83010.125000000 10609.189453125
A 144.480529785 -156.453292847 97.578018188
A 321.596374512 -195.459274292 483.762786865
A 453.175842285 -174.836868286 238.534408569
A 73.425636292 -123.866744995 430.762237549
A 68.499755859 -90.419815063 165.981124878
A -2704.635742188 6222.791503906 6420.133789062
A 119.275619507 -221.775848389 150.383682251
A 388.826843262 -141.047622681 125.388542175
A 161.297180176 23.065452576 427.604583740
A 359.951538086 -228.060516357 437.325744629
A 228.763534546 -288.763885498 157.984970093
A 75.553169250 -95.303649902 142.967559814
A 223.986358643 -246.703247070 119.889236450
A 46.664772034 -198.676116943 241.951232910
A 369.389160156 -277.045318604 215.498184204
A 57.585037231 -23.244947433 210.627685547
A 298.298583984 -274.057830811 148.490844727
A 236.604339600 -331.721069336 257.087127686
A 410.409606934 -93.800025940 141.051071167
A 217.029830933 -55.065830231 76.678680420
A -1564.210205078 -85246.515625000 -20808.753906250
A 163.181732178 -277.762969971 173.760528564
A 286.587951660 -171.096969604 105.727798462
A 154.452743530 -14.611383438 112.866340637
A 240.858627319 -70.102706909 508.804077148
A 283.625823975 -239.730865479 147.634567261
A 84.781723022 -84.504531860 441.425903320
A -58457.175781250 -45186.359375000 -52315.226562500
A 442.594665527 -17.998283386 354.396118164
A 371.665252686 -287.110870361 244.890945435
A 357.160278320 -192.748046875 464.442260742
A 24.336893082 -102.085601807 307.282989502
A 50.146347046 -12.163692474 287.751129150
A 339.307922363 -82.760337830 491.700775146
A 225.762496948 -7.925879002 487.176849365
A 391.058044434 50.359214783 233.027633667
A 319.254455566 67.796188354 173.871215820
A 392.302764893 -87.130790710 123.093437195
A -858.302856445 -6082.206054688 2126.647949219
A 216.717590332 -203.689559937 88.913825989
A 200.230514526 -316.916137695 353.416076660
A 963.126953125 -775.067260742 111.271896362
A 302.076416016 95.040809631 346.387847900
A 181.172698975 66.015090942 167.414260864
A 115.727722168 -250.965789795 399.123199463
A 301.865936279 -82.256217957 73.842765808
A 271.871398926 -316.522186279 377.786071777
A 44.188213348 -27.138025284 319.212280273
A 30691.888671875 -10441.993164062 -44598.296875000
A 297.367950439 -166.441497803 501.040435791
A 273.610687256 -144.704635620 275.983001709
A -4165.449218750 -1240.507324219 1327.170654297
A 244.922424316 41.122791290 128.231445312
A 94.917480469 -221.586914062 262.943298340
A 83.800430298 -48.374122620 431.652648926
A 314.624969482 82.763961792 205.655395508
A 97.143592834 -265.348144531 262.493713379
A 157.899002075 31.519847870 441.056213379
A 68.153610229 11.579834938 234.420410156
A 409.655761719 -32.307132721 166.793914795
A 221.131927490 -106.944282532 65.509109497
A 399.884674072 -216.605422974 411.579498291
A 41.399768829 -131.914916992 374.538391113
A 75.433662415 -188.058151245 179.656906128
A 88.086814880 -26.376565933 173.852020264
A 260.972656250 110.332885742 244.643539429
A 290.220092773 59.974601746 426.054290771
A 140.795944214 67.864158630 212.176712036
A 86.395484924 -256.907043457 243.370773315
A 77.549560547 26.019678116 254.337875366
A 67.631134033 -234.847076416 318.723907471
A 101.405303955 54.667240143 266.656799316
A 377.845642090 -286.547241211 301.153869629
A 193.635192871 93.155342102 221.145126343
A 343.857788086 -281.514556885 187.585891724
A 33.915451050 -159.870346069 273.168365479
A 267.726531982 13.120287895 104.301269531
A 375.788146973 72.706657410 269.976348877
A 395.094085693 -184.284332275 145.981628418
A 391.801422119 4.062020302 413.078186035
A 328.817535400 -64.500053406 89.408294678
A 168.117263794 -308.595855713 354.011596680
A 178.825744629 98.504440308 281.885833740
A 303.850555420 -47.660358429 86.408851624
A 44.649406433 -135.782546997 200.165359497
A 450.772399902 -20.386743546 305.126647949
A 338.811126709 -223.854049683 457.204132080
A 201.392547607 86.004241943 380.150787354
A 186.832641602 -11.619420052 484.319458008
A 4271.044921875 9959.911132812 13629.927734375
A 268.729919434 110.209289551 273.029693604
A 95.343429565 -223.667221069 180.579360962
A 435.245788574 -225.756286621 289.869415283
A 198.801223755 -87.423393250 508.979644775
A 49.253002167 -19.968807220 250.947189331
A 389.898193359 -259.166473389 210.253036499
A 826.214233398 -1303.025024414 -61.845462799
A -30906.080078125 39348.152343750 32122.509765625
A 48.528255463 -200.022155762 337.282348633
A 330.230316162 -175.873931885 94.671531677
A 259.707794189 -273.712860107 139.714080811
A 81.950874329 35.724666595 309.802856445
A 42.726020813 -54.497741699 221.085281372
A 406.895751953 -191.048126221 422.659362793
A 252.413681030 -142.603576660 71.112831116
A 286.571594238 -227.877853394 102.874732971
A 152.616439819 -292.679626465 379.353424072
A 184.784790039 -194.978240967 97.215789795
A 128.482498169 74.155151367 299.983520508
A 176.642089844 -312.902923584 231.677459717
A 167.154815674 -218.023040771 466.999877930
A 301.640655518 -111.289085388 76.783302307
A 59.637851715 -226.958770752 250.819442749
A 289.787017822 -13.511131287 93.756454468
A 319.860961914 48.653774261 149.376571655
A 93.867828369 -110.364212036 127.111114502
A 173.724136353 -1404.443847656 -294.982513428
A 67.068794250 -163.615463257 410.733520508
A 411.298675537 42.604511261 267.534149170
A 270.279998779 -56.963745117 505.045440674
A 91.986541748 -138.787261963 138.424224854
A 282.966735840 -117.543548584 510.213836670
A 265.992492676 -35.678401947 78.581306458
A 349.491180420 -101.928955078 95.979072571
A 420.101654053 -18.560796738 280.098510742
A 204.716613770 -59.588607788 503.678070068
A 287.340454102 79.353836060 179.341247559
A 117.415496826 1.843249321 432.601379395
A 338.169403076 82.263511658 224.375045776
A 325.343597412 -310.844543457 266.694458008
A 247.465118408 -62.778007507 73.127494812
A 225.524291992 -313.871459961 288.209503174
A -7303.759765625 40829.324218750 -96944.890625000
A 58.358875275 -128.728958130 172.549026489
A 164.172134399 -171.079696655 485.532745361
A 171.920593262 -156.223892212 84.982765198
A 222.477920532 -150.808975220 71.524658203
A 218.891403198 109.657173157 294.065887451
A 259.914733887 101.620712280 221.912307739
A 449.669830322 -86.827705383 380.583587646
A 369.310943604 -163.654144287 112.248023987
A 422.367950439 -192.170974731 392.928192139
A 308.390075684 -291.740936279 399.841369629
A 84.072296143 15.524012566 209.278335571
A 398.404632568 -250.125457764 371.507354736
A 412.601623535 26.756891251 231.965438843
A 369.301239014 -124.980094910 106.015541077
A 437.186187744 -182.057556152 201.799865723
A 376.693817139 -46.668094635 120.420806885
A 54.633880615 -151.921127319 394.292419434
A 208.048522949 -268.714630127 440.954254150
A 275.466613770 34.432907104 456.222137451
A 436.439575195 -178.183975220 383.978576660
A 57534.730468750 26521.566406250 6900.385253906
A 731.318054199 -1728.052978516 -1149.554199219
A 442.400177002 -137.763504028 190.112930298
A 258.074310303 -330.309173584 282.731048584
A 194.316467285 83.811019897 192.261428833
A 341.734069824 -260.028472900 421.186523438
A 66.435272217 -35.140651703 400.417999268
A 179.346130371 -48.677246094 84.671195984
A 415.629425049 -69.377273560 429.469482422
A 376.838287354 -276.003875732 358.726074219
A 304.247497559 85.995544434 378.106109619
A 209.265411377 64.378387451 153.525787354
A 59.920131683 -102.428260803 410.003845215
A 417.503173828 23.818506241 343.494842529
A 36.376102448 -83.042961121 353.336212158
A 392.097198486 -44.168323517 447.591674805
A 317.912048340 -212.548797607 106.067871094
A 46.839771271 -207.925949097 303.334686279
A 330.916656494 62.536045074 404.266662598
A 389.724731445 -131.985855103 459.662933350
A 256.067230225 -20.591239929 495.951721191
A 335.429443359 91.363098145 320.004241943
A 334.787506104 78.845588684 367.034820557
A 378.721466064 -241.292526245 417.245727539
A 42.057079315 -196.162582397 280.653411865
A -3269.629882812 -16685.498046875 8759.992187500
A 348.020233154 -198.312789917 115.375328064
A 409.565093994 -1.635616183 182.928100586
A 134.156066895 -270.455902100 337.447052002
A 30.494739532 -141.946777344 329.030029297
A 1739.661621094 6779.249511719 4719.971191406
A 247.426712036 43.376262665 221.911483765
A 439.633636475 -30.204212189 209.899063110
A 164.322372437 -251.514160156 439.366271973
A 144.129882812 -31.430095673 475.058349609
A 432.772369385 -217.175201416 227.832748413
A 281.779388428 -153.518966675 75.708007812
A 135.769897461 -191.972198486 115.389579773
A 183.981658936 -151.707733154 500.022766113
A 38.875537872 -91.775878906 274.122741699
A 371.758117676 72.629333496 315.871002197
A 361.472656250 -298.984985352 276.512176514
A 400.592132568 13.183144569 392.398559570
A 260.945159912 -175.064193726 502.163543701
A 192.315078735 -107.204833984 200.458404541
A 392.602935791 55.886627197 299.470947266
A 188.693527222 35.539730072 132.436141968
A 287.455383301 54.493526459 144.741180420
A 152.891815186 -118.034988403 494.558471680
A 246.199569702 -230.701400757 475.237823486
A 451.935760498 -64.156288147 225.421188354
A 416.514831543 -247.360412598 252.643997192
A 453.100158691 -84.675025940 314.058654785
A 120.223960876 -71.162513733 470.624023438
A 434.939880371 -90.981987000 409.297119141
A 467.814025879 -120.841346741 286.433044434
A -28762.707031250 -42233.156250000 32632.064453125
A 203.958969116 -2.743534803 103.228721619
A 110.259895325 55.785614014 231.867019653
A 256.319152832 -297.497131348 406.401672363
A -1165.437500000 -3532.811767578 -2220.943603516
A 141.015579224 36.209579468 162.050354004
A 388.457183838 -156.572433472 452.948547363
A 419.231506348 6.071084499 209.052169800
A 37.218761444 -56.070674896 250.940841675
A 463.196807861 -111.721725464 248.803955078
A 32.342128754 -99.487174988 224.915832520
A 213.461914062 20.978591919 467.722229004
A 376.647949219 -63.885860443 465.668304443
A 123.768394470 -149.544204712 109.595542908
A 33.001022339 -61.592445374 326.291259766
A 308.227844238 104.027107239 267.159027100
A 182.831573486 -6.542147636 101.290565491
A 234.139556885 81.094757080 397.202026367
A 63.462352753 -77.991188049 412.050292969
A 305.905151367 101.448089600 304.043945312
A 355.977050781 -296.489746094 338.416900635
A 67.384239197 -220.903991699 359.960876465
A 260.873474121 -306.469146729 193.094253540
A 146.354309082 70.639602661 369.375244141
A 242.507080078 -11.657336235 86.308769226
A 65.167411804 -214.904953003 214.010574341
A 232.401458740 53.601875305 141.233810425
A 362.205078125 47.119377136 398.992950439
A 152.858673096 91.777076721 313.742095947
A 220.975296021 -112.437492371 510.319213867
A 330.762237549 -155.887451172 492.926239014
A 449.915344238 -130.193817139 375.231964111
A 457.866485596 -165.436599731 265.938446045
A 179.311447144 -268.619049072 152.924468994
A 118.383956909 47.114303589 384.245025635
A 370.358398438 57.612102509 217.811248779
A 425.268188477 -111.534141541 420.392669678
A 259.541259766 95.461601257 375.855651855
A -337.250946045 725.088806152 1794.468139648
A 274.355957031 -253.511047363 120.965156555
A -19548.423828125 54849.121093750 -4757.627929688
A 173.969680786 -47.044765472 489.046844482
A 450.026702881 -179.571014404 331.053924561
A 398.584991455 -265.829620361 305.879577637
A 64.741416931 7.105560303 321.116943359
A 239.000839233 -103.773826599 75.016235352
A 193.860733032 -247.224365234 456.744873047
A 428.135650635 -159.985473633 170.475830078
A 9139.660156250 3241.233642578 -5348.267089844
A 221.990936279 110.568344116 268.418609619
A 369.717895508 -90.940063477 477.673217773
A 150.490249634 -57.856288910 94.847961426
A 40.042018890 -171.485366821 336.321868896
A 122.518966675 -254.492156982 181.753860474
A 299.462097168 -316.643890381 234.407135010
A 301.459014893 -10.099598885 482.802795410
A 304.907531738 -291.099700928 185.756805420
A 275.394409180 75.424049377 402.990417480
A 249.199066162 67.874595642 420.369842529
A 249.220520020 48.287548065 446.688079834
A 434.883331299 7.400403500 326.780548096
A 225.227554321 -321.251007080 227.101898193
A 123.010757446 -293.344360352 261.257324219
A 168.860137939 12.315508842 461.497894287
A 367.946777344 -268.163696289 394.609405518
A 162.489822388 -314.541900635 325.134094238
A 151.201690674 88.809898376 264.967651367
A 376.875427246 21.750205994 167.722137451
A 311.624298096 -306.697814941 204.054412842
A 2060.198730469 -2313.561035156 1.818409324
A 126.205307007 71.119346619 254.874710083
A 388.430267334 -219.779708862 163.649536133
A 189.529113770 -118.772438049 76.485580444
A 228.617263794 -308.322631836 195.451629639
A 49.569572449 -30.772598267 352.998565674
A 184.086334229 -301.220306396 203.563049316
A 202.580947876 58.154510498 429.858459473
A -15720.094726562 12263.134765625 -17090.492187500
A 370.531127930 -82.538902283 106.342834473
A 178.540878296 -218.563049316 109.935447693
A 431.360412598 -51.923110962 182.568572998
A 244.502624512 -330.931915283 320.555206299
A 328.384033203 -309.534973145 351.896118164
A 200.235366821 -174.887145996 499.634887695
A -11431.129882812 5375.327148438 -9789.760742188
A 333.883636475 -314.471740723 287.047058105
A 391.046600342 52.426078796 341.220794678
A 333.600708008 -121.802345276 84.977912903
A 126.329536438 -31.373445511 120.632621765
A 453.207397461 -29.995447159 259.199432373
A 205.698089600 -328.452331543 295.269073486
A 64.336357117 -8.340085983 365.611053467
A 220.404739380 39.767826080 450.672576904
A 78.493087769 -4.857849121 182.046997070
A 112.192642212 -272.394042969 223.775817871
A 421.344268799 -120.416290283 152.686340332
A 156.596191406 -79.731483459 492.328704834
A 81.587120056 20.532163620 367.178100586
A 40543.273437500 -49263.707031250 62572.375000000
A 415.546813965 -228.854187012 366.135955811
A -7602.662597656 875.120727539 4813.576660156
A 1689.331054688 -3874.915527344 -612.510375977
A 155.615844727 -275.926788330 406.128997803
A 160.765274048 85.922431946 222.475265503
A 438.031372070 -2.833069324 239.984313965
A 323.676422119 -252.692886353 140.409942627
A 44.955101013 -170.608779907 219.485961914
A 377.062042236 5.544343472 147.888824463
A 303.902374268 99.757934570 230.624481201
A 383.906219482 -189.489822388 444.015991211
A 93.822731018 -177.769332886 142.411453247
A 150.725387573 -221.965927124 124.229156494
A -3690.786132812 2364.082519531 104.263717651
A 317.008056641 -252.447875977 445.703308105
A 188.007141113 -121.083358765 505.670959473
A 413.681182861 -199.087432861 173.991638184
A 172.138061523 84.796974182 353.968750000
A 242.803878784 -28.384397507 486.668884277
A 152.382568359 -311.000061035 263.521423340
A 119.813690186 -106.459449768 479.849822998
A 281.207427979 -326.281066895 260.184539795
A 271.304565430 -304.413543701 366.423217773
A 338.705718994 0.485782057 292.367858887
A 157.339706421 -113.782737732 83.262718201
A 388.049285889 -20.586284637 144.716262817
A 300.030548096 -234.287811279 469.534118652
A 30928.255859375 60094.644531250 28675.917968750
A 92.128227234 -160.072494507 441.534912109
A 309.376770020 21.176809311 462.994110107
A 280.529022217 -328.183868408 326.354125977
A 452.020416260 -108.673866272 212.940887451
A 98.399299622 -34.486518860 141.796432495
A 108.771690369 41.152332306 204.987136841
A 268.999023438 -283.194549561 424.835052490
A 356.112670898 79.482429504 248.776611328
A 44.693416595 -97.230918884 197.575271606
A 52.701423645 -51.482521057 374.539611816
A 263.376220703 -201.970443726 88.701835632
A 168.053482056 -26.035680771 457.495971680
A 117.195716858 -43.362560272 458.657531738
A 264.392211914 -208.203567505 489.325164795
A 434.963928223 -52.657436371 391.970367432
A 420.411132812 29.867973328 303.207214355
A 190.442153931 -321.407318115 259.719573975
A 307.798553467 -69.582023621 502.406555176
A 144.078811646 -294.743713379 222.966766357
A 187.814971924 70.087425232 405.357604980
A 88.311325073 -193.388412476 420.363220215
A 28.048883438 -147.694427490 295.656951904
A 212.386993408 -265.814910889 139.750915527
A 252.033599854 91.584541321 189.464263916
A 197.500946045 -36.762245178 326.715667725
A -5116.814941406 47022.187500000 -60088.101562500
A 376.919433594 38.886741638 189.133804321
A -526.971740723 -1421.356933594 198.419677734
A 90.308944702 -218.049423218 408.054748535
A 415.459747314 -229.066940308 208.801818848
A 101.725860596 -70.614929199 125.576652527
A 315.187377930 16.321294785 119.586975098
A 8791.217773438 -565.403503418 -1958.495483398
A 426.489715576 -9.221810341 375.465393066
A 274.703918457 -87.785812378 70.612907410
A 118.397247314 24.557361603 409.546997070
A 131.326049805 -301.425109863 306.742095947
A 10082.607421875 11510.097656250 22022.585937500
A 351.341400146 54.922698975 181.865859985
A 25.466936111 -115.408317566 251.560546875
A 107.632827759 -21.292940140 443.523162842
A 21.329828262 -82.075057983 282.837402344
A 359.023468018 -254.738082886 164.135848999
A 416.018585205 -250.769882202 291.381500244
A 115.131271362 9.599805832 360.792175293
A 98.378639221 -116.978309631 456.430419922
A 37.057136536 -44.824382782 289.920196533
A -4014.605224609 -1616.775146484 3951.773437500
A 196.294052124 102.357315063 250.230041504
A 240.315139771 -222.937728882 96.902282715
A 139.632095337 -110.345550537 450.104339600
A 85.266799927 -8.370668411 401.286773682
A 124.175849915 41.023063660 181.443893433
A -24034.068359375 7614.438964844 4937.348632812
A 94.335144043 -242.637176514 206.235488892
A 296.091064453 -100.409996033 509.364532471
A 122.730690002 -287.025299072 343.530212402
A 41.797256470 -101.906326294 378.886383057
A 365.279754639 23.853317261 381.256134033
A 357.390411377 75.479598999 344.113952637
A 207.997039795 103.709907532 322.309326172
A 438.903198242 8.183581352 277.051483154
A 463.613067627 -53.243881226 302.520629883
A 278.398742676 -292.457763672 167.687316895
A -3223.983154297 2996.702880859 -640.473144531
A 111.724288940 -150.182662964 462.427154541
A 285.580566406 -183.113250732 80.020912170
A 341.956726074 94.749916077 282.463928223
A 265.637481689 -250.999832153 463.036224365
A 103.942085266 6.651915550 163.108840942
A 435.330413818 -220.302108765 323.108367920
A 354.528076172 -7.355280876 126.510765076
A 299.587432861 -312.664428711 364.202514648
A 346.351501465 -122.212348938 496.318328857
A 179.488296509 -83.471145630 79.695449829
A 121.655128479 61.684688568 348.227783203
A 253.913009644 71.488471985 160.870422363
A 467.102508545 -78.778968811 274.676696777
A 311.119720459 -1.816904664 259.108764648
A 225.518432617 -285.116058350 423.843597412
A 139.740798950 -166.989685059 477.470001221
A 264.225524902 -320.883789062 225.088973999
A 279.363342285 33.540405273 120.801536560
A 182.579757690 -244.963958740 129.331787109
A 351.758331299 -39.956420898 474.301788330
A 85.927642822 -260.786437988 341.472442627
A 173.008178711 91.106056213 330.591125488
A 200.160140991 -296.067749023 182.894744873
A 396.131195068 -22.270778656 435.285919189
A 322.926544189 -148.277465820 83.657646179
A 213.837921143 -229.380310059 473.608581543
A 418.345550537 -146.970336914 428.017181396
A 230.653213501 -313.302520752 376.232269287
A 230.849151611 -187.430374146 495.341186523
A -13815.390625000 12679.050781250 2982.544921875
A 368.546356201 -210.017959595 133.896224976
A 400.087738037 -98.663902283 453.029968262
A 11771.646484375 5275.019531250 -27.647386551
A 324.004058838 39.190101624 415.934173584
A 33.855106354 -152.012252808 243.302413940
